#     BLOCK:   ACTUAL_CV:    CV_AVE:      ERROR:
           1	    0.100252	    0.100252	           0
           2	    0.100704	    0.100478	 0.000160069
           3	    0.103525	    0.101494	 0.000836062
           4	   0.0999154	    0.101099	 0.000714114
           5	   0.0954591	   0.0999711	  0.00115944
           6	    0.104856	    0.100785	  0.00121902
           7	    0.100416	    0.100733	  0.00104601
           8	    0.108237	    0.101671	  0.00126797
           9	    0.111153	    0.102724	  0.00150236
          10	   0.0922985	    0.101682	  0.00167527
          11	   0.0926997	    0.100865	  0.00171043
          12	    0.104119	    0.101136	  0.00158924
          13	    0.109633	     0.10179	  0.00159575
          14	   0.0902926	    0.100969	  0.00167985
          15	    0.101556	    0.101008	  0.00156831
          16	    0.101983	    0.101069	  0.00147148
          17	   0.0973136	    0.100848	   0.0014014
          18	   0.0924931	    0.100384	   0.0013983
          19	     0.11151	    0.100969	  0.00144212
          20	    0.111096	    0.101476	  0.00145619
          21	   0.0993303	    0.101373	  0.00139043
          22	   0.0976508	    0.101204	  0.00133749
          23	   0.0905004	    0.100739	  0.00135789
          24	     0.10087	    0.100744	  0.00130132
          25	    0.103861	    0.100869	  0.00125523
          26	   0.0951477	    0.100649	  0.00122609
          27	   0.0996145	    0.100611	  0.00118127
          28	     0.10316	    0.100702	  0.00114259
          29	    0.101041	    0.100713	  0.00110325
          30	    0.100712	    0.100713	  0.00106647
          31	   0.0988185	    0.100652	  0.00103382
          32	    0.102832	     0.10072	  0.00100376
          33	   0.0997462	    0.100691	 0.000973774
          34	    0.110074	    0.100967	 0.000983463
          35	    0.111665	    0.101272	  0.00100174
          36	    0.104183	    0.101353	 0.000977169
          37	    0.101703	    0.101363	 0.000950805
          38	    0.106696	    0.101503	 0.000936085
          39	    0.101025	    0.101491	 0.000912163
          40	   0.0969334	    0.101377	 0.000896447
          41	   0.0952792	    0.101228	 0.000886834
          42	    0.118144	    0.101631	 0.000952794
          43	   0.0949017	    0.101474	   0.0009434
          44	   0.0940817	    0.101306	 0.000936802
          45	    0.101479	     0.10131	 0.000915992
          46	   0.0998971	     0.10128	 0.000896594
          47	   0.0933039	     0.10111	 0.000893432
          48	   0.0968632	    0.101021	 0.000879188
          49	    0.103826	    0.101079	 0.000863107
          50	    0.102882	    0.101115	 0.000846597
          51	   0.0999407	    0.101092	  0.00083031
          52	   0.0988053	    0.101048	 0.000815506
          53	    0.106377	    0.101148	 0.000806295
          54	    0.103785	    0.101197	 0.000792841
          55	   0.0999523	    0.101174	 0.000778749
          56	    0.105907	    0.101259	 0.000769414
          57	    0.112605	    0.101458	 0.000781241
          58	    0.105131	    0.101521	 0.000770333
          59	   0.0979521	    0.101461	 0.000759649
          60	   0.0998603	    0.101434	 0.000747456
          61	    0.101395	    0.101434	 0.000735203
          62	    0.105272	    0.101495	 0.000725947
          63	    0.102197	    0.101507	 0.000714509
          64	    0.104067	    0.101547	 0.000704464
          65	    0.103159	    0.101571	 0.000694063
          66	    0.100974	    0.101562	 0.000683606
          67	   0.0988139	    0.101521	 0.000674632
          68	    0.100191	    0.101502	 0.000664995
          69	    0.101213	    0.101498	  0.00065537
          70	    0.097508	    0.101441	 0.000648481
          71	    0.103321	    0.101467	 0.000639888
          72	    0.101392	    0.101466	 0.000631002
          73	   0.0972613	    0.101408	 0.000624981
          74	    0.102639	    0.101425	 0.000616756
          75	   0.0998385	    0.101404	 0.000608896
          76	     0.10167	    0.101407	 0.000600894
          77	   0.0949133	    0.101323	  0.00059898
          78	    0.100866	    0.101317	 0.000591329
          79	    0.101722	    0.101322	 0.000583866
          80	   0.0992028	    0.101296	 0.000577168
          81	    0.105887	    0.101352	  0.00057282
          82	    0.106683	    0.101417	 0.000569511
          83	    0.104911	     0.10146	 0.000564203
          84	   0.0981912	    0.101421	 0.000558826
          85	    0.101865	    0.101426	 0.000552276
          86	   0.0995219	    0.101404	 0.000546298
          87	    0.101261	    0.101402	 0.000540021
          88	   0.0950426	     0.10133	 0.000538698
          89	   0.0894527	    0.101196	 0.000548927
          90	   0.0994937	    0.101177	 0.000543153
          91	    0.097055	    0.101132	 0.000539071
          92	   0.0995372	    0.101115	  0.00053349
          93	   0.0970042	    0.101071	 0.000529581
          94	   0.0982507	    0.101041	 0.000524796
          95	    0.101403	    0.101044	 0.000519286
          96	   0.0949468	    0.100981	 0.000517747
          97	   0.0981024	    0.100951	 0.000513259
          98	     0.10412	    0.100984	 0.000509039
          99	    0.103576	     0.10101	  0.00050457
         100	     0.11264	    0.101126	 0.000512753
