#     BLOCK:   ACTUAL_M:     M_AVE:       ERROR:
               1	         -0.0274	         -0.0274	               0
               2	          0.0234	          -0.002	       0.0179605
               3	         0.02408	      0.00669333	       0.0139195
               4	         0.02072	          0.0102	       0.0108723
               5	         0.02212	        0.012584	      0.00895543
               6	        -0.01652	      0.00773333	      0.00867766
               7	         0.03988	       0.0123257	      0.00856743
               8	         0.03832	        0.015575	      0.00808923
               9	         0.00588	       0.0144978	       0.0072618
              10	          -0.018	        0.011248	      0.00722629
              11	        -0.00176	       0.0100655	      0.00666541
              12	         0.00464	      0.00961333	      0.00612527
              13	         -0.0456	      0.00536615	      0.00697279
              14	        -0.03052	      0.00280286	      0.00692989
              15	         0.05888	      0.00654133	      0.00740798
              16	        -0.01544	       0.0051675	      0.00707122
              17	         0.02684	      0.00644235	      0.00676921
              18	        -0.00244	      0.00594889	      0.00641111
              19	        -0.01692	      0.00474526	      0.00618563
              20	         -0.0212	        0.003448	      0.00601084
              21	        -0.06972	    -3.61905e-05	      0.00665828
              22	        -0.06236	     -0.00286909	      0.00693214
              23	         0.02148	     -0.00181043	       0.0067111
              24	         0.00908	     -0.00135667	      0.00644679
              25	         0.01308	      -0.0007792	      0.00621473
              26	        -0.01688	     -0.00139846	      0.00600647
              27	        -0.00844	     -0.00165926	      0.00578967
              28	          0.0148	     -0.00107143	      0.00561266
              29	        -0.00724	     -0.00128414	      0.00542315
              30	         0.00136	       -0.001196	      0.00524309
              31	         0.05308	     0.000554839	      0.00535832
              32	         0.02584	        0.001345	      0.00524881
              33	        -0.00788	      0.00106545	       0.0050972
              34	         0.00092	      0.00106118	      0.00494728
              35	         0.07508	        0.003176	      0.00523848
              36	        -0.01508	      0.00266889	      0.00511745
              37	         0.07224	      0.00454919	      0.00531336
              38	        -0.05472	      0.00298947	      0.00539761
              39	         0.02052	      0.00343897	      0.00527789
              40	         0.00424	        0.003459	      0.00514598
              41	          0.0694	      0.00506732	      0.00526581
              42	         0.05148	      0.00617238	       0.0052551
              43	         0.02688	      0.00665395	      0.00515491
              44	         0.00776	      0.00667909	      0.00503781
              45	          -0.008	      0.00635289	      0.00493641
              46	         0.02316	      0.00671826	       0.0048426
              47	          0.0016	      0.00660936	      0.00474079
              48	        -0.02528	        0.005945	      0.00468835
              49	         0.01024	      0.00603265	      0.00459348
              50	         0.06116	       0.0071352	      0.00463204
              51	        -0.03048	      0.00639765	      0.00459956
              52	        -0.04444	         0.00542	      0.00461384
              53	        -0.01668	      0.00500302	      0.00454559
              54	         0.00036	      0.00491704	      0.00446223
              55	         0.02984	      0.00537018	      0.00440404
              56	         0.00928	         0.00544	      0.00432595
              57	        -0.07252	      0.00407228	      0.00446104
              58	        -0.01104	      0.00381172	      0.00439173
              59	        -0.02236	      0.00336814	      0.00433963
              60	        -0.01316	      0.00309267	      0.00427604
              61	         -0.0434	      0.00233049	      0.00427333
              62	        -0.01204	      0.00209871	      0.00421068
              63	        -0.01148	      0.00188317	      0.00414936
              64	         0.00544	      0.00193875	       0.0040849
              65	        -0.01368	      0.00169846	      0.00402912
              66	        -0.01668	         0.00142	      0.00397768
              67	        -0.03684	     0.000848955	      0.00395909
              68	         0.02848	      0.00125529	      0.00392166
              69	        -0.03532	     0.000725217	      0.00390049
              70	         0.01844	     0.000978286	      0.00385297
              71	        -0.04116	     0.000384789	      0.00384414
              72	         0.02736	     0.000759444	      0.00380896
              73	         0.01328	     0.000930959	      0.00376064
              74	        -0.02684	     0.000555676	       0.0037285
              75	         0.01792	       0.0007872	      0.00368597
              76	         0.01952	      0.00103368	       0.0036457
              77	         0.02536	      0.00134961	      0.00361202
              78	           -0.05	     0.000691282	      0.00362521
              79	          0.0226	     0.000968608	      0.00358991
              80	          0.0318	        0.001354	      0.00356566
              81	         -0.0104	      0.00120889	       0.0035246
              82	         0.00876	      0.00130098	      0.00348282
              83	         0.04512	      0.00182892	      0.00348064
              84	        -0.01256	      0.00165762	      0.00344341
              85	        -0.04048	      0.00116188	       0.0034384
              86	         0.00132	      0.00116372	      0.00339842
              87	        -0.00924	      0.00104414	      0.00336146
              88	        -0.03868	     0.000592727	      0.00335344
              89	         0.01084	     0.000707865	      0.00331773
              90	         0.05028	      0.00125867	      0.00332628
              91	        -0.01964	      0.00102901	      0.00329764
              92	        -0.02732	      0.00072087	      0.00327616
              93	        -0.00092	     0.000703226	      0.00324098
              94	        -0.01504	     0.000535745	      0.00321083
              95	         0.05264	      0.00108421	      0.00322354
              96	         0.05072	      0.00160125	      0.00323116
              97	          0.0032	      0.00161773	      0.00319789
              98	         0.03232	      0.00193102	      0.00318056
              99	        -0.03416	      0.00156646	      0.00316926
             100	          -0.048	       0.0010708	      0.00317609
             101	        -0.02964	     0.000766733	      0.00315917
             102	         0.02584	      0.00101255	      0.00313774
             103	         0.01224	      0.00112155	      0.00310917
             104	        -0.01124	      0.00100269	      0.00308155
             105	         0.00708	      0.00106057	      0.00305274
             106	        -0.04596	     0.000616981	        0.003056
             107	         0.02084	     0.000805981	      0.00303328
             108	          -0.035	     0.000474444	      0.00302326
             109	         0.02072	     0.000660183	      0.00300122
             110	        -0.03788	     0.000309818	      0.00299432
             111	          0.0082	     0.000380901	      0.00296819
             112	         0.05168	     0.000838929	      0.00297682
             113	        -0.02096	     0.000646018	      0.00295672
             114	         0.00628	     0.000695439	      0.00293119
             115	          0.0312	     0.000960696	      0.00291768
             116	          0.0094	      0.00103345	      0.00289344
             117	         0.01928	       0.0011894	      0.00287291
             118	        -0.04252	     0.000818983	      0.00287234
             119	         0.02252	      0.00100134	      0.00285399
             120	        -0.04228	     0.000640667	       0.0028529
             121	        -0.01652	     0.000498843	      0.00283285
             122	        -0.07052	    -8.32787e-05	      0.00286882
             123	         0.01104	     7.15447e-06	      0.00284692
             124	         0.02008	     0.000169032	      0.00282856
             125	        -0.00088	      0.00016064	      0.00280594
             126	        -0.00052	     0.000155238	      0.00278368
             127	        -0.01372	     4.59843e-05	       0.0027639
             128	          0.0498	     0.000434687	      0.00276951
             129	         0.05204	     0.000834729	      0.00277678
             130	         0.00664	     0.000879385	      0.00275578
             131	        -0.06384	     0.000385344	      0.00277867
             132	        -0.02616	     0.000184242	      0.00276489
             133	         0.01436	     0.000290827	      0.00274615
             134	        -0.00704	     0.000236119	      0.00272621
             135	         -0.0014	        0.000224	      0.00270604
             136	         0.01008	     0.000296471	      0.00268711
             137	        -0.00684	      0.00024438	        0.002668
             138	         0.00804	      0.00030087	      0.00264927
             139	           0.019	     0.000435396	      0.00263362
             140	        -0.01744	     0.000307714	       0.0026179
             141	         -0.0036	         0.00028	      0.00259948
             142	        -0.02184	     0.000124225	      0.00258584
             143	         0.03028	     0.000335105	      0.00257634
             144	         0.06588	     0.000790278	      0.00259835
             145	         0.06064	      0.00120303	      0.00261301
             146	         0.03436	      0.00143014	      0.00260496
             147	        -0.00316	      0.00139891	      0.00258743
             148	         0.00716	      0.00143784	      0.00257024
             149	         0.03596	      0.00166953	      0.00256341
             150	        -0.00036	        0.001656	      0.00254635
             151	        -0.00144	       0.0016355	      0.00252957
             152	         0.01368	      0.00171474	      0.00251417
             153	        -0.01324	      0.00161699	      0.00249964
             154	         0.00752	      0.00165532	       0.0024837
             155	         -0.0176	       0.0015311	      0.00247078
             156	         0.01092	      0.00159128	      0.00245568
             157	          0.0032	      0.00160153	      0.00244006
             158	        -0.01148	      0.00151873	      0.00242602
             159	        -0.00648	      0.00146843	      0.00241128
             160	           0.003	        0.001478	      0.00239623
             161	        -0.03764	      0.00123503	      0.00239363
             162	         0.00736	      0.00127284	      0.00237916
             163	         0.03308	      0.00146798	      0.00237255
             164	        -0.00092	      0.00145341	      0.00235813
             165	        -0.01116	      0.00137697	      0.00234507
             166	         0.03112	      0.00155614	      0.00233778
             167	         0.00896	      0.00160048	       0.0023242
             168	         0.00616	      0.00162762	      0.00231053
             169	         0.01072	      0.00168142	      0.00229748
             170	        -0.01276	      0.00159647	      0.00228554
             171	         0.01264	      0.00166105	      0.00227308
             172	         0.02572	      0.00180093	      0.00226417
             173	         -0.0226	      0.00165988	      0.00225547
             174	         0.00408	      0.00167379	      0.00224255
             175	         0.00664	      0.00170217	      0.00222991
             176	         0.01892	          0.0018	      0.00221939
             177	        -0.02016	      0.00167593	      0.00221032
             178	          0.0462	      0.00192607	      0.00221201
             179	         0.06524	      0.00227978	      0.00222775
             180	         -0.0208	      0.00215156	      0.00221906
             181	         0.03728	      0.00234564	      0.00221527
             182	         0.02164	      0.00245165	      0.00220563
             183	        -0.00276	      0.00242317	      0.00219376
             184	        -0.04276	      0.00217761	      0.00219554
             185	        -0.02716	      0.00201903	      0.00218939
             186	         0.00324	      0.00202559	      0.00217763
             187	        -0.02544	      0.00187872	      0.00217094
             188	        -0.01756	      0.00177532	      0.00216185
             189	        -0.00384	      0.00174561	      0.00215062
             190	        -0.03944	      0.00152884	      0.00215019
             191	         0.05504	      0.00180901	      0.00215711
             192	        -0.03884	      0.00159729	      0.00215624
             193	         0.05708	      0.00188477	      0.00216415
             194	        -0.01176	      0.00181443	      0.00215413
             195	         0.00848	      0.00184862	      0.00214336
             196	        -0.03336	      0.00166898	      0.00213994
             197	        -0.01764	      0.00157096	      0.00213132
             198	         0.00956	      0.00161131	      0.00212093
             199	         0.04004	      0.00180442	      0.00211905
             200	         -0.0298	       0.0016464	      0.00211434
