#     BLOCK:   ACTUAL_X:     X_AVE:       ERROR:
               1	         7.47396	         7.47396	               0
               2	         9.25167	         8.36282	        0.628517
               3	         9.55592	         8.76052	        0.530108
               4	         9.95706	         9.05965	        0.474534
               5	         8.73257	         8.99424	         0.38411
               6	          10.156	         9.18786	        0.365652
               7	         8.11551	         9.03467	        0.344013
               8	         9.94743	         9.14877	        0.319372
               9	         7.38376	         8.95265	        0.338789
              10	         7.24514	          8.7819	        0.345269
              11	         11.1179	         8.99426	        0.373522
              12	          7.7938	         8.89422	        0.355539
              13	         7.12931	         8.75846	        0.353161
              14	         10.5321	         8.88515	        0.349921
              15	         12.5136	         9.12705	        0.401593
              16	         5.98751	         8.93083	        0.421715
              17	         9.03012	         8.93667	        0.396949
              18	         7.87845	         8.87788	        0.379225
              19	         7.79829	         8.82106	        0.363497
              20	         11.2155	         8.94078	        0.364506
              21	          8.3649	         8.91336	        0.348178
              22	         10.0333	         8.96426	        0.336053
              23	          6.8711	         8.87326	        0.333537
              24	         8.26082	         8.84774	        0.320615
              25	         9.41461	         8.87041	        0.308591
              26	         8.41029	         8.85272	        0.297229
              27	         6.94955	         8.78223	         0.29446
              28	         9.37657	         8.80345	        0.284708
              29	         7.20506	         8.74834	        0.280174
              30	         10.5838	         8.80952	        0.277435
              31	         9.70261	         8.83833	        0.269977
              32	         8.40506	         8.82479	         0.26188
              33	         8.53363	         8.81597	        0.254093
              34	         5.45371	         8.71708	        0.265165
              35	         6.24539	         8.64646	        0.266827
              36	         7.73812	         8.62123	        0.260606
              37	         8.55143	         8.61934	        0.253569
              38	         6.95322	          8.5755	        0.250658
              39	         9.35184	          8.5954	         0.24502
              40	         9.96514	         8.62964	        0.241276
              41	         10.9224	         8.68556	        0.241785
              42	         9.98506	         8.71651	        0.237999
              43	         9.29461	         8.72995	        0.232844
              44	         9.03943	         8.73698	        0.227658
              45	         9.32302	         8.75001	        0.222971
              46	          9.4631	         8.76551	        0.218662
              47	          11.028	         8.81365	        0.219245
              48	         8.17951	         8.80044	        0.215075
              49	         8.66531	         8.79768	        0.210703
              50	         12.1335	         8.86439	        0.216794
              51	         9.49347	         8.87673	        0.212894
              52	         8.93763	          8.8779	        0.208803
              53	         6.92041	         8.84097	        0.208104
              54	         10.4078	         8.86998	        0.206263
              55	         10.1442	         8.89315	         0.20381
              56	          8.0311	         8.87776	        0.200751
              57	         7.62106	         8.85571	        0.198436
              58	         7.19861	         8.82714	        0.197061
              59	         7.68155	         8.80772	        0.194675
              60	          9.9898	         8.82742	        0.192425
              61	         8.97102	         8.82978	        0.189285
              62	         9.60571	         8.84229	        0.186645
              63	         8.85878	         8.84255	        0.183682
              64	         6.74433	         8.80977	        0.183715
              65	         7.14735	         8.78419	         0.18266
              66	         5.71518	         8.73769	        0.185717
              67	         8.83347	         8.73912	        0.182951
              68	         7.15788	         8.71587	        0.181732
              69	         9.75257	         8.73089	        0.179718
              70	         9.47951	         8.74159	        0.177469
              71	         6.03812	         8.70351	        0.179007
              72	         9.94694	         8.72078	        0.177352
              73	         9.12653	         8.72634	         0.17501
              74	         7.87306	         8.71481	        0.173024
              75	         6.31241	         8.68278	        0.173657
              76	         8.87322	         8.68528	         0.17139
              77	          10.976	         8.71503	        0.171727
              78	         6.03992	         8.68073	        0.172916
              79	         5.20931	         8.63679	        0.176222
              80	         8.92278	         8.64037	        0.174056
              81	         7.36196	         8.62458	        0.172621
              82	         9.36188	         8.63358	         0.17075
              83	         7.31935	         8.61774	        0.169425
              84	         9.49722	         8.62821	        0.167731
              85	         10.2228	         8.64697	        0.166804
              86	          11.494	         8.68008	        0.168117
              87	         8.36229	         8.67642	        0.166225
              88	         6.46465	         8.65129	        0.166225
              89	         7.83143	         8.64208	        0.164612
              90	         10.8937	          8.6671	        0.164674
              91	         6.41853	         8.64239	        0.164707
              92	         11.8938	         8.67773	        0.166666
              93	         9.10776	         8.68235	        0.164938
              94	         6.55069	         8.65968	        0.164734
              95	         5.69902	         8.62851	        0.165922
              96	         10.6224	         8.64928	        0.165489
              97	         6.93004	         8.63156	        0.164729
              98	         7.10865	         8.61602	        0.163779
              99	         7.48678	         8.60461	        0.162522
             100	         7.26906	         8.59125	        0.161444
             101	         11.8313	         8.62333	        0.163002
             102	         11.2758	         8.64934	        0.163465
             103	         9.39135	         8.65654	        0.162037
             104	         10.1193	         8.67061	        0.161088
             105	          11.931	         8.70166	        0.162519
             106	         8.70629	          8.7017	        0.160986
             107	         11.5754	         8.72856	        0.161706
             108	         7.64882	         8.71856	        0.160518
             109	         8.34367	         8.71512	        0.159082
             110	          7.5662	         8.70468	        0.157978
             111	         8.86686	         8.70614	        0.156562
             112	         10.8767	         8.72552	        0.156359
             113	         6.83265	         8.70877	         0.15587
             114	         8.51216	         8.70704	        0.154512
             115	         9.41527	          8.7132	        0.153291
             116	         8.30539	         8.70969	         0.15201
             117	         8.55592	         8.70837	        0.150716
             118	         8.77429	         8.70893	         0.14944
             119	         8.55078	          8.7076	         0.14819
             120	         4.99192	         8.67664	        0.150155
             121	         7.12727	         8.66383	        0.149459
             122	         8.71984	         8.66429	        0.148235
             123	         11.1567	         8.68456	        0.148408
             124	         9.04376	         8.68745	         0.14724
             125	         10.0944	         8.69871	        0.146491
             126	         8.08857	         8.69387	        0.145409
             127	         9.73037	         8.70203	        0.144493
             128	         12.0719	         8.72835	        0.145743
             129	         8.79714	         8.72889	        0.144614
             130	         8.98441	         8.73085	        0.143515
             131	         7.63812	         8.72251	        0.142661
             132	         6.31665	         8.70429	         0.14274
             133	         8.34824	         8.70161	        0.141692
             134	         7.07265	         8.68945	        0.141155
             135	         8.96588	          8.6915	        0.140124
             136	         7.03478	         8.67932	        0.139623
             137	         6.24269	         8.66153	        0.139732
             138	          8.7809	          8.6624	        0.138722
             139	          11.626	         8.68372	        0.139353
             140	         7.50833	         8.67532	         0.13861
             141	         9.49592	         8.68114	        0.137749
             142	         9.53241	         8.68714	        0.136909
             143	         7.99902	         8.68232	        0.136036
             144	         9.46743	         8.68778	        0.135201
             145	         9.08833	         8.69054	        0.134297
             146	         9.32024	         8.69485	        0.133446
             147	         10.5433	         8.70743	        0.133129
             148	         12.8079	         8.73513	        0.135082
             149	          8.0511	         8.73054	        0.134254
             150	         9.66155	         8.73675	        0.133502
             151	         8.78596	         8.73707	        0.132618
             152	         10.3344	         8.74758	        0.132161
             153	         10.6131	         8.75978	        0.131859
             154	         9.04033	          8.7616	        0.131015
             155	         8.52269	         8.76006	        0.130179
             156	         11.2125	         8.77578	         0.13029
             157	         7.10204	         8.76512	        0.129896
             158	         8.57086	         8.76389	         0.12908
             159	         11.5515	         8.78142	        0.129453
             160	         9.11543	         8.78351	        0.128661
             161	         7.30906	         8.77435	        0.128187
             162	         8.45959	         8.77241	         0.12741
             163	         7.51086	         8.76467	        0.126864
             164	         11.7842	         8.78308	        0.127419
             165	         6.91755	         8.77177	        0.127148
             166	         6.76343	         8.75967	        0.126956
             167	         7.18253	         8.75023	        0.126546
             168	         6.93984	         8.73945	        0.126251
             169	         7.41878	         8.73164	        0.125746
             170	         8.51086	         8.73034	        0.125013
             171	         9.85967	         8.73694	        0.124456
             172	         11.7007	         8.75417	         0.12492
             173	         6.37853	         8.74044	         0.12495
             174	         7.71045	         8.73452	        0.124372
             175	         12.7315	         8.75736	        0.125741
             176	         6.84498	          8.7465	        0.125495
             177	         12.1169	         8.76554	        0.126223
             178	         5.44318	         8.74687	        0.126886
             179	         8.53527	         8.74569	        0.126183
             180	         8.99624	         8.74708	        0.125489
             181	         8.76041	         8.74716	        0.124796
             182	          6.5791	         8.73525	        0.124677
             183	          11.408	         8.74985	        0.124849
             184	         8.03657	         8.74597	         0.12423
             185	          9.6711	         8.75097	        0.123659
             186	          7.9298	         8.74656	        0.123073
             187	         8.06024	         8.74289	         0.12247
             188	         6.99747	         8.73361	         0.12217
             189	         11.1272	         8.74627	        0.122178
             190	         11.7039	         8.76184	        0.122523
             191	          6.7858	         8.75149	        0.122317
             192	         10.4591	         8.76038	        0.122003
             193	         9.59306	          8.7647	        0.121447
             194	         6.45959	         8.75282	        0.121401
             195	         8.03502	         8.74914	        0.120834
             196	         7.81453	         8.74437	        0.120312
             197	         7.52049	         8.73815	        0.119861
             198	         7.55486	         8.73218	        0.119405
             199	         9.07453	          8.7339	        0.118817
             200	         5.35894	         8.71702	        0.119416
