#     BLOCK:   ACTUAL_CV:    CV_AVE:      ERROR:
           1	    0.316431	    0.316431	           0
           2	    0.277701	    0.297066	   0.0136933
           3	    0.292213	    0.295449	  0.00922391
           4	     0.30308	    0.297356	  0.00711251
           5	    0.263592	    0.290604	  0.00829801
           6	    0.289288	    0.290384	   0.0069179
           7	    0.302983	    0.292184	  0.00615932
           8	    0.314649	    0.294992	  0.00599544
           9	    0.293566	    0.294834	  0.00533138
          10	    0.299811	    0.295331	  0.00482142
          11	    0.319993	    0.297573	  0.00487657
          12	     0.29773	    0.297586	   0.0044702
          13	    0.306389	    0.298264	  0.00417731
          14	    0.302704	    0.298581	  0.00389096
          15	    0.297118	    0.298483	  0.00363278
          16	    0.303361	    0.298788	   0.0034185
          17	    0.297294	      0.2987	  0.00321854
          18	    0.279459	    0.297631	  0.00321235
          19	    0.322046	    0.298916	  0.00329027
          20	    0.315259	    0.299733	  0.00322563
          21	    0.302476	    0.299864	  0.00307467
          22	    0.297083	    0.299738	  0.00293751
          23	    0.304593	    0.299949	  0.00281737
          24	    0.348257	    0.301962	  0.00334254
          25	    0.297762	    0.301794	  0.00321306
          26	    0.305306	    0.301929	  0.00309232
          27	     0.30934	    0.302203	  0.00298995
          28	    0.307593	    0.302396	  0.00288935
          29	    0.302673	    0.302405	  0.00278974
          30	    0.256743	    0.300883	  0.00308414
          31	    0.311287	    0.301219	  0.00300285
          32	    0.342529	     0.30251	   0.0031744
          33	    0.319449	    0.303023	  0.00311943
          34	    0.281725	    0.302397	  0.00308994
          35	    0.286977	    0.301956	   0.0030329
          36	    0.289342	    0.301606	  0.00296882
          37	    0.313724	    0.301933	   0.0029066
          38	    0.293575	    0.301713	  0.00283842
          39	    0.313052	    0.302004	  0.00278049
          40	    0.308401	    0.302164	  0.00271557
          41	    0.299434	    0.302097	  0.00265015
          42	    0.300518	     0.30206	  0.00258732
          43	    0.288173	    0.301737	  0.00254723
          44	    0.321361	    0.302183	  0.00252808
          45	    0.312445	    0.302411	  0.00248217
          46	    0.297608	    0.302306	   0.0024304
          47	    0.344177	    0.303197	  0.00253671
          48	    0.301719	    0.303166	  0.00248405
          49	    0.331903	    0.303753	  0.00250163
          50	    0.287524	    0.303428	  0.00247256
          51	    0.313374	    0.303623	  0.00243176
          52	    0.293215	    0.303423	  0.00239322
          53	    0.306546	    0.303482	  0.00234879
          54	    0.314939	    0.303694	  0.00231485
          55	    0.282537	     0.30331	  0.00230451
          56	    0.291445	    0.303098	  0.00227307
          57	     0.30691	    0.303165	  0.00223418
          58	    0.290442	    0.302945	   0.0022064
          59	    0.293682	    0.302788	  0.00217458
          60	     0.29989	     0.30274	  0.00213888
          61	    0.292893	    0.302578	   0.0021099
          62	    0.288166	    0.302346	  0.00208863
          63	    0.291665	    0.302176	  0.00206235
          64	    0.318692	    0.302435	   0.0020462
          65	    0.346423	    0.303111	  0.00212369
          66	    0.320897	    0.303381	  0.00210854
          67	    0.311404	    0.303501	  0.00208047
          68	    0.309392	    0.303587	  0.00205167
          69	    0.292884	    0.303432	   0.0020278
          70	    0.319207	    0.303657	  0.00201131
          71	     0.30396	    0.303662	  0.00198299
          72	    0.294961	    0.303541	  0.00195912
          73	    0.354186	    0.304235	  0.00205145
          74	    0.292812	     0.30408	  0.00202953
          75	    0.308748	    0.304142	  0.00200342
          76	    0.303934	     0.30414	  0.00197706
          77	    0.327216	    0.304439	  0.00197397
          78	    0.307894	    0.304484	  0.00194916
          79	    0.291328	    0.304317	  0.00193159
          80	    0.302699	    0.304297	  0.00190755
          81	    0.299959	    0.304243	  0.00188475
          82	    0.289799	    0.304067	  0.00186998
          83	    0.291214	    0.303912	  0.00185385
          84	     0.26431	    0.303441	  0.00189078
          85	    0.325147	    0.303696	   0.0018857
          86	    0.301322	    0.303669	  0.00186398
          87	    0.264785	    0.303222	  0.00189538
          88	    0.275604	    0.302908	  0.00189965
          89	    0.289278	    0.302755	  0.00188446
          90	    0.308521	    0.302819	  0.00186461
          91	     0.31444	    0.302947	  0.00184849
          92	    0.297566	    0.302888	  0.00182932
          93	    0.324624	    0.303122	  0.00182452
          94	    0.306783	    0.303161	  0.00180553
          95	    0.328451	    0.303427	  0.00180604
          96	    0.286214	    0.303248	  0.00179611
          97	    0.324251	    0.303464	   0.0017906
          98	    0.302381	    0.303453	  0.00177236
          99	    0.301441	    0.303433	  0.00175457
         100	     0.28869	    0.303285	  0.00174321
