#     BLOCK:   ACTUAL_X:     X_AVE:       ERROR:
           1	     2.72964	     2.72964	           0
           2	     2.81496	      2.7723	   0.0301634
           3	     2.95737	     2.83399	    0.054235
           4	     2.96899	     2.86774	   0.0500879
           5	     2.52044	     2.79828	   0.0739284
           6	     2.88186	     2.81221	   0.0629058
           7	     2.94203	     2.83076	    0.056587
           8	     3.08564	     2.86262	   0.0577913
           9	     3.09282	     2.88819	   0.0567489
          10	     2.64773	     2.86415	   0.0559373
          11	     2.72373	     2.85138	   0.0522885
          12	     2.66208	     2.83561	   0.0502544
          13	     2.54712	     2.81342	   0.0510536
          14	     2.87107	     2.81753	   0.0475727
          15	     2.77134	     2.81445	   0.0445008
          16	     2.91068	     2.82047	   0.0421239
          17	     2.87781	     2.82384	   0.0397809
          18	     2.54871	     2.80856	   0.0404007
          19	      2.7817	     2.80714	   0.0382991
          20	     2.73178	     2.80338	    0.036569
          21	     2.79255	     2.80286	   0.0348313
          22	     2.29386	     2.77972	   0.0402043
          23	      2.5589	     2.77012	    0.039586
          24	     3.01962	     2.78052	   0.0392779
          25	     2.60455	     2.77348	   0.0383323
          26	     2.54153	     2.76456	   0.0378818
          27	     3.22175	     2.78149	   0.0400851
          28	     2.83315	     2.78334	   0.0386959
          29	     2.81885	     2.78456	   0.0373809
          30	      2.8366	      2.7863	   0.0361751
          31	     2.66263	     2.78231	   0.0352275
          32	     2.54937	     2.77503	   0.0348706
          33	     3.27342	     2.79013	     0.03694
          34	     2.93874	      2.7945	   0.0361112
          35	     2.31901	     2.78092	   0.0375481
          36	     2.74301	     2.77986	   0.0365198
          37	     3.28893	     2.79362	   0.0380363
          38	     2.72477	     2.79181	   0.0370785
          39	     2.63441	     2.78777	   0.0363468
          40	     2.73688	      2.7865	   0.0354604
          41	     2.97836	     2.79118	   0.0349029
          42	      2.4434	      2.7829	   0.0350403
          43	     2.42208	     2.77451	   0.0352158
          44	     2.74362	     2.77381	   0.0344225
          45	     3.00066	     2.77885	   0.0340247
          46	     2.57271	     2.77437	   0.0335788
          47	     2.64449	      2.7716	   0.0329779
          48	     2.74614	     2.77107	   0.0322951
          49	     2.81063	     2.77188	   0.0316461
          50	     2.47874	     2.76602	   0.0315516
          51	      2.4251	     2.75933	   0.0316331
          52	     2.12658	     2.74716	    0.033283
          53	     2.54351	     2.74332	   0.0328761
          54	     2.85008	      2.7453	   0.0323267
          55	     2.28674	     2.73696	   0.0327965
          56	     3.10537	     2.74354	    0.032864
          57	     2.66608	     2.74218	   0.0323156
          58	     3.58685	     2.75674	   0.0348859
          59	     2.60055	      2.7541	   0.0343949
          60	     2.64838	     2.75234	   0.0338668
          61	     2.80351	     2.75317	    0.033322
          62	      2.8051	     2.75401	    0.032795
          63	     2.91293	     2.75653	   0.0323714
          64	     2.79682	     2.75716	   0.0318717
          65	     2.96121	      2.7603	   0.0315355
          66	     2.88258	     2.76216	   0.0311121
          67	     2.85534	     2.76355	   0.0306788
          68	     3.00997	     2.76717	   0.0304409
          69	     2.62433	      2.7651	   0.0300701
          70	      3.0977	     2.76985	   0.0300135
          71	     3.22822	     2.77631	   0.0302772
          72	     2.47249	     2.77209	   0.0301493
          73	     2.80893	     2.77259	   0.0297405
          74	     3.42663	     2.78143	   0.0306238
          75	      2.5651	     2.77855	    0.030351
          76	      2.8434	      2.7794	   0.0299636
          77	     3.32636	      2.7865	   0.0304048
          78	     3.15529	     2.79123	   0.0303804
          79	     2.81145	     2.79149	   0.0299969
          80	     2.54236	     2.78837	   0.0297831
          81	     2.97058	     2.79062	   0.0295003
          82	     2.67008	     2.78915	   0.0291771
          83	     2.73688	     2.78852	   0.0288324
          84	     2.49321	     2.78501	   0.0287027
          85	     2.73364	      2.7844	   0.0283714
          86	     2.64647	      2.7828	   0.0280868
          87	     2.26307	     2.77682	   0.0283921
          88	     2.46592	     2.77329	   0.0282885
          89	     2.80663	     2.77367	   0.0279731
          90	     2.51041	     2.77074	   0.0278148
          91	     3.18148	     2.77525	   0.0278729
          92	     3.11622	     2.77896	   0.0278153
          93	     2.90121	     2.78028	   0.0275472
          94	     2.84981	     2.78101	   0.0272641
          95	     2.80449	     2.78126	   0.0269782
          96	     3.43304	     2.78805	   0.0275383
          97	     2.94126	     2.78963	   0.0272996
          98	     2.74488	     2.78917	   0.0270249
          99	     3.27671	      2.7941	   0.0271969
         100	     2.74389	      2.7936	   0.0269296
