#     BLOCK:   ACTUAL_X:     X_AVE:       ERROR:
               1	           4.634	           4.634	               0
               2	         4.72001	         4.67701	       0.0304103
               3	         5.12981	         4.82794	        0.124893
               4	         4.82422	         4.82701	       0.0936732
               5	         4.67506	         4.79662	       0.0797159
               6	         4.54746	         4.75509	       0.0764852
               7	         4.48371	         4.71632	       0.0747412
               8	         4.57245	         4.69834	       0.0675277
               9	         4.65185	         4.69317	       0.0602218
              10	         4.66162	         4.69002	       0.0542822
              11	         4.72388	          4.6931	       0.0494347
              12	         4.51763	         4.67848	       0.0474283
              13	         4.71081	         4.68096	       0.0438452
              14	         4.74295	         4.68539	       0.0409363
              15	         4.78933	         4.69232	       0.0387892
              16	         4.83168	         4.70103	         0.03733
              17	         4.45367	         4.68648	       0.0378639
              18	         4.73436	         4.68914	       0.0358537
              19	         4.73609	         4.69161	       0.0340517
              20	         4.19364	         4.66671	       0.0404401
              21	         4.34785	         4.65153	       0.0412665
              22	         4.46857	         4.64321	         0.04022
              23	         4.69727	         4.64556	       0.0385399
              24	         4.66594	         4.64641	       0.0369434
              25	         4.72186	         4.64943	       0.0355888
              26	         4.75105	         4.65334	       0.0344339
              27	         4.97097	          4.6651	       0.0351107
              28	         4.51106	          4.6596	        0.034285
              29	         4.60278	         4.65764	       0.0331587
              30	         4.54885	         4.65401	       0.0322511
              31	         4.54203	          4.6504	       0.0314124
              32	         4.85738	         4.65687	       0.0310895
              33	         4.96473	          4.6662	        0.031516
              34	          4.6849	         4.66675	       0.0305939
              35	         4.72863	         4.66852	       0.0297708
              36	         4.58219	         4.66612	       0.0290403
              37	         4.65605	         4.66585	       0.0282567
              38	         4.67958	         4.66621	       0.0275154
              39	         4.71523	         4.66747	       0.0268386
              40	         4.21729	         4.65621	       0.0284295
              41	         4.67943	         4.65678	       0.0277417
              42	         4.50939	         4.65327	       0.0273023
              43	         4.88998	         4.65877	       0.0272167
              44	         4.61071	         4.65768	         0.02662
              45	         5.22705	         4.67033	       0.0288793
              46	         4.64277	         4.66973	       0.0282577
              47	         4.67975	         4.66995	       0.0276573
              48	         4.51965	         4.66682	       0.0272578
              49	         4.64439	         4.66636	       0.0267053
              50	         4.27972	         4.65863	       0.0272678
              51	         4.69603	         4.65936	        0.026743
              52	         4.86465	         4.66331	       0.0265185
              53	         4.78276	         4.66556	       0.0261137
              54	         4.25633	         4.65798	       0.0267072
              55	         4.75761	         4.65979	        0.026283
              56	         4.67317	         4.66003	       0.0258147
              57	         4.52326	         4.65763	       0.0254731
              58	         4.45042	         4.65406	       0.0252832
              59	         4.76897	         4.65601	       0.0249296
              60	         4.46266	         4.65279	       0.0247215
              61	         4.67954	         4.65322	       0.0243201
              62	         4.76843	         4.65508	       0.0239987
              63	         4.70278	         4.65584	       0.0236297
              64	         4.77441	         4.65769	        0.023333
              65	         4.49543	          4.6552	       0.0231072
              66	         4.53699	          4.6534	       0.0228264
              67	         4.38809	         4.64944	       0.0228266
              68	         4.62417	         4.64907	       0.0224939
              69	         4.58461	         4.64814	       0.0221873
              70	         4.79613	         4.65025	       0.0219709
              71	         4.76455	         4.65186	       0.0217203
              72	         4.81327	          4.6541	        0.021534
              73	         4.37776	         4.65032	       0.0215692
              74	         4.91231	         4.65386	       0.0215663
              75	         4.52705	         4.65217	        0.021345
              76	         4.67157	         4.65242	       0.0210656
              77	         4.45898	         4.64991	       0.0209413
              78	         4.70215	         4.65058	       0.0206836
              79	         5.31271	         4.65896	       0.0220546
              80	         4.80025	         4.66073	       0.0218495
              81	         4.46662	         4.65833	       0.0217108
              82	         4.78434	         4.65987	       0.0215003
              83	         4.83071	         4.66193	       0.0213396
              84	         4.42202	         4.65907	       0.0212758
              85	         4.89936	          4.6619	       0.0212125
              86	         5.00629	          4.6659	       0.0213405
              87	         4.60821	         4.66524	       0.0211055
              88	         4.83809	          4.6672	       0.0209568
              89	         4.75528	         4.66819	       0.0207447
              90	         4.80211	         4.66968	       0.0205675
              91	         4.50552	         4.66788	       0.0204205
              92	         4.42981	         4.66529	       0.0203618
              93	         4.72676	         4.66595	       0.0201536
              94	         4.37995	         4.66291	       0.0201675
              95	         4.56275	         4.66185	       0.0199828
              96	          4.6805	         4.66205	       0.0197756
              97	         4.82858	         4.66377	       0.0196461
              98	         4.43409	         4.66142	       0.0195849
              99	         4.57237	         4.66052	       0.0194077
             100	         5.26323	         4.66655	       0.0201278
             101	         4.52693	         4.66517	       0.0199759
             102	         4.65813	          4.6651	       0.0197802
             103	           4.386	         4.66239	       0.0197729
             104	         4.42283	         4.66008	       0.0197165
             105	         4.43566	         4.65795	       0.0196442
             106	         5.17602	         4.66283	       0.0200577
             107	          4.6339	         4.66256	        0.019872
             108	         4.88361	         4.66461	       0.0197931
             109	         4.46671	          4.6628	       0.0196947
             110	         4.67033	         4.66286	       0.0195157
             111	         4.59871	         4.66229	       0.0193485
             112	         4.38345	          4.6598	       0.0193352
             113	         4.82309	         4.66124	       0.0192181
             114	         4.73403	         4.66188	       0.0190601
             115	         4.33383	         4.65903	       0.0191066
             116	         4.48011	         4.65748	       0.0190041
             117	         4.41258	         4.65539	       0.0189566
             118	         4.48174	         4.65392	       0.0188529
             119	          4.5695	         4.65321	       0.0187079
             120	         4.53367	         4.65221	       0.0185785
             121	         4.88805	         4.65416	       0.0185269
             122	         4.52081	         4.65307	       0.0184072
             123	         4.70219	         4.65347	       0.0182619
             124	         4.91889	         4.65561	       0.0182396
             125	         4.50151	         4.65438	       0.0181353
             126	         4.72285	         4.65492	       0.0179996
             127	         4.78721	         4.65596	       0.0178879
             128	         4.48107	          4.6546	       0.0178003
             129	         4.98487	         4.65716	       0.0178455
             130	         4.27123	         4.65419	       0.0179534
             131	         4.29217	         4.65142	       0.0180278
             132	         4.73447	         4.65205	       0.0179022
             133	         4.79823	         4.65315	       0.0178013
             134	         4.24227	         4.65009	       0.0179306
             135	         4.81353	          4.6513	       0.0178386
             136	         4.94157	         4.65343	       0.0178347
             137	         4.59273	         4.65299	         0.01771
             138	         4.16892	         4.64948	       0.0179257
             139	         5.08775	         4.65263	       0.0180719
             140	         4.50737	          4.6516	       0.0179726
             141	         4.42818	         4.65001	       0.0179148
             142	         4.91915	         4.65191	       0.0178886
             143	         4.71519	         4.65235	        0.017769
             144	         4.85733	         4.65377	       0.0177026
             145	         4.78672	         4.65469	       0.0176042
             146	         4.91423	         4.65647	       0.0175731
             147	         4.62478	         4.65625	       0.0174549
             148	         4.34327	         4.65414	       0.0174646
             149	         4.30689	         4.65181	       0.0175022
             150	         4.87323	         4.65328	       0.0174477
             151	         4.53701	         4.65251	       0.0173491
             152	         4.68091	          4.6527	        0.017236
             153	         5.02292	         4.65512	       0.0172923
             154	         4.44632	         4.65376	       0.0172331
             155	          5.0579	         4.65637	       0.0173181
             156	         5.24078	         4.66012	       0.0176076
             157	         4.86694	         4.66143	       0.0175446
             158	         4.42033	         4.65991	       0.0174998
             159	         4.74123	         4.66042	       0.0173972
             160	         4.24474	         4.65782	       0.0174814
             161	         4.58489	         4.65737	       0.0173787
             162	         4.38739	          4.6557	       0.0173511
             163	         4.76149	         4.65635	       0.0172568
             164	         5.13524	         4.65927	       0.0173969
             165	         4.95007	         4.66103	       0.0173805
             166	         4.50432	         4.66009	       0.0173014
             167	         4.13568	         4.65695	       0.0174805
             168	         4.46303	          4.6558	       0.0174145
             169	         4.57677	         4.65533	       0.0173177
             170	         4.53664	         4.65463	       0.0172299
             171	         4.31069	         4.65262	       0.0172462
             172	         5.33484	         4.65658	       0.0175961
             173	         4.31254	          4.6546	       0.0176064
             174	         4.77392	         4.65528	       0.0175186
             175	         4.29358	         4.65321	         0.01754
             176	         4.42679	         4.65193	       0.0174874
             177	         4.68544	         4.65212	       0.0173896
             178	         4.63757	         4.65204	       0.0172921
             179	         4.75631	         4.65262	       0.0172053
             180	         4.55227	         4.65206	       0.0171188
             181	           4.788	         4.65281	       0.0170407
             182	          4.5183	         4.65207	       0.0169631
             183	         4.24063	         4.64982	       0.0170187
             184	         4.75412	         4.65039	       0.0169357
             185	         4.50381	          4.6496	       0.0168626
             186	         4.80427	         4.65043	       0.0167925
             187	         4.56395	         4.64997	        0.016709
             188	         4.92347	         4.65142	       0.0166834
             189	         4.26863	          4.6494	       0.0167176
             190	         4.67449	         4.64953	       0.0166301
             191	         4.33021	         4.64786	       0.0166269
             192	         4.61349	         4.64768	       0.0165413
             193	         4.52672	         4.64705	       0.0164674
             194	         4.87001	          4.6482	       0.0164226
             195	         4.57445	         4.64782	       0.0163427
             196	         5.08909	         4.65007	       0.0164137
             197	         4.36413	         4.64862	       0.0163944
             198	         4.99411	         4.65037	       0.0164042
             199	         4.75373	         4.65089	         0.01633
             200	         4.82958	         4.65178	       0.0162728
             201	         4.64441	         4.65174	       0.0161919
             202	         4.60076	         4.65149	       0.0161137
             203	         5.22577	         4.65432	       0.0162807
             204	         4.69597	         4.65452	       0.0162022
             205	         4.41655	         4.65336	       0.0161647
             206	         4.99354	         4.65502	       0.0161703
             207	         4.64693	         4.65498	       0.0160923
             208	         4.63947	          4.6549	       0.0160151
             209	         4.57675	         4.65453	       0.0159428
             210	         4.82229	         4.65533	       0.0158869
             211	         4.47829	         4.65449	       0.0158338
             212	         4.63937	         4.65442	       0.0157592
             213	          4.6222	         4.65426	        0.015686
             214	         4.70369	          4.6545	       0.0156144
             215	         4.44939	         4.65354	       0.0155709
             216	         4.74539	         4.65397	       0.0155046
             217	         4.58762	         4.65366	       0.0154361
             218	         4.69829	         4.65387	       0.0153667
             219	         5.06625	         4.65575	       0.0154115
             220	         4.83591	         4.65657	       0.0153632
             221	         4.43215	         4.65555	       0.0153272
             222	         4.94515	         4.65686	       0.0153135
             223	         4.62533	         4.65672	       0.0152455
             224	         4.49841	         4.65601	       0.0151938
             225	         4.59385	         4.65573	       0.0151288
             226	         4.59796	         4.65548	        0.015064
             227	         5.12571	         4.65755	       0.0151394
             228	          4.8651	         4.65846	       0.0151004
             229	         4.57011	         4.65807	       0.0150394
             230	         4.83826	         4.65886	       0.0149944
             231	         4.76392	         4.65931	       0.0149363
             232	         4.54615	         4.65882	       0.0148799
             233	         4.70324	         4.65901	       0.0148173
             234	          5.0483	         4.66068	       0.0148471
             235	         4.72044	         4.66093	       0.0147861
             236	         4.57809	         4.66058	       0.0147276
             237	         4.38603	         4.65942	       0.0147109
             238	         4.63537	         4.65932	       0.0146495
             239	         4.59486	         4.65905	       0.0145906
             240	         4.71596	         4.65929	       0.0145318
             241	         4.18834	         4.65733	       0.0146023
             242	         4.67423	          4.6574	       0.0145421
             243	         4.92345	          4.6585	       0.0145234
             244	         4.75171	         4.65888	       0.0144689
             245	         4.55529	         4.65846	        0.014416
             246	         4.52654	         4.65792	       0.0143674
             247	         4.77717	         4.65841	       0.0143173
             248	         4.52331	         4.65786	         0.01427
             249	         4.79789	         4.65842	       0.0142237
             250	         4.63193	         4.65832	       0.0141672
             251	         4.71114	         4.65853	       0.0141124
             252	         4.55064	          4.6581	       0.0140629
             253	         4.66902	         4.65814	       0.0140073
             254	         4.61541	         4.65797	       0.0139532
             255	         4.61481	          4.6578	       0.0138995
             256	         4.82094	         4.65844	       0.0138598
             257	         4.71469	         4.65866	       0.0138076
             258	         4.41829	         4.65773	       0.0137855
             259	         4.86722	         4.65854	        0.013756
             260	         4.67133	         4.65859	       0.0137032
             261	         4.57841	         4.65828	       0.0136541
             262	         4.68033	         4.65836	       0.0136022
             263	         4.89145	         4.65925	       0.0135794
             264	         5.11626	         4.66098	       0.0136378
             265	         5.33777	         4.66354	       0.0138234
             266	         4.87844	         4.66434	        0.013795
             267	         5.04858	         4.66578	       0.0138182
             268	         4.89549	         4.66664	       0.0137932
             269	         4.53279	         4.66614	       0.0137509
             270	         4.76245	          4.6665	       0.0137046
             271	         4.41423	         4.66557	       0.0136856
             272	         4.79799	         4.66605	        0.013644
             273	         5.22513	          4.6681	       0.0137468
             274	         4.53298	         4.66761	       0.0137055
             275	         4.57311	         4.66727	         0.01366
             276	         5.15449	         4.66903	       0.0137241
             277	         4.51144	         4.66846	       0.0136863
             278	         4.88345	         4.66924	       0.0136589
             279	          4.4079	          4.6683	        0.013642
             280	         4.59081	         4.66802	       0.0135961
             281	         4.68751	         4.66809	       0.0135479
             282	         4.36075	           4.667	       0.0135436
             283	         4.59455	         4.66675	       0.0134982
             284	         4.53677	         4.66629	       0.0134584
             285	         4.18873	         4.66461	       0.0135151
             286	         5.03072	         4.66589	       0.0135283
             287	         4.55743	         4.66551	       0.0134865
             288	         4.52889	         4.66504	        0.013448
             289	         5.06815	         4.66643	       0.0134736
             290	         4.46659	         4.66575	       0.0134447
             291	         4.75049	         4.66604	       0.0134017
             292	         4.98732	         4.66714	       0.0134009
             293	         4.80567	         4.66761	       0.0133635
             294	         4.77181	         4.66796	       0.0133227
             295	         5.04463	         4.66924	       0.0133386
             296	         4.89405	            4.67	       0.0133152
             297	         4.72787	          4.6702	       0.0132718
             298	         4.55524	         4.66981	       0.0132328
             299	         4.72273	         4.66999	       0.0131898
             300	         4.69215	         4.67006	        0.013146
             301	         4.34889	         4.66899	       0.0131456
             302	          4.9682	         4.66998	       0.0131393
             303	         4.70073	         4.67009	       0.0130963
             304	         4.84517	         4.67066	       0.0130659
             305	         4.58088	         4.67037	       0.0130264
             306	         4.97889	         4.67138	       0.0130228
             307	         4.55594	           4.671	       0.0129858
             308	         4.43448	         4.67023	       0.0129663
             309	         4.63973	         4.67013	       0.0129247
             310	         4.33913	         4.66907	       0.0129271
             311	         4.59425	         4.66882	       0.0128877
             312	         4.80555	         4.66926	       0.0128539
             313	          4.5851	         4.66899	       0.0128156
             314	         4.46563	         4.66835	       0.0127912
             315	         4.60552	         4.66815	       0.0127521
             316	         4.52403	         4.66769	       0.0127199
             317	         4.67216	         4.66771	       0.0126798
             318	         4.71714	         4.66786	       0.0126409
             319	         4.67525	         4.66788	       0.0126013
             320	         4.67251	          4.6679	       0.0125619
             321	         4.37485	         4.66699	       0.0125559
             322	         4.53169	         4.66657	       0.0125239
             323	         4.81805	         4.66703	       0.0124939
             324	         4.82475	         4.66752	       0.0124648
             325	         4.26857	         4.66629	       0.0124868
             326	         4.57599	         4.66602	       0.0124516
             327	          5.1482	         4.66749	       0.0125005
             328	          5.0958	          4.6688	       0.0125304
             329	         4.25738	         4.66755	       0.0125545
             330	         4.47925	         4.66698	       0.0125295
             331	         4.87146	         4.66759	       0.0125068
             332	         4.72097	         4.66775	       0.0124702
             333	         4.62927	         4.66764	       0.0124333
             334	         4.33414	         4.66664	       0.0124361
             335	         4.45001	         4.66599	       0.0124158
             336	         4.55439	         4.66566	       0.0123833
             337	         4.58242	         4.66541	        0.012349
             338	         4.75272	         4.66567	       0.0123151
             339	          5.2744	         4.66747	        0.012409
             340	         4.47317	          4.6669	       0.0123857
             341	         4.93403	         4.66768	       0.0123741
             342	         4.43983	         4.66701	       0.0123559
             343	         4.40786	         4.66626	       0.0123429
             344	          4.3574	         4.66536	       0.0123396
             345	         4.35057	         4.66445	       0.0123376
             346	          4.8455	         4.66497	        0.012313
             347	         4.65796	         4.66495	       0.0122775
             348	          4.6011	         4.66477	       0.0122436
             349	         4.75977	         4.66504	       0.0122116
             350	         4.61455	          4.6649	       0.0121775
             351	         4.67612	         4.66493	       0.0121429
             352	         4.61457	         4.66478	       0.0121092
             353	         4.52629	         4.66439	       0.0120813
             354	         5.01067	         4.66537	       0.0120867
             355	         4.36765	         4.66453	       0.0120817
             356	         4.61875	          4.6644	       0.0120484
             357	         4.74343	         4.66462	       0.0120167
             358	         4.60157	         4.66445	       0.0119844
             359	         4.69163	         4.66452	       0.0119513
             360	          4.9863	         4.66542	       0.0119515
             361	         4.94083	         4.66618	       0.0119427
             362	         4.30695	         4.66519	       0.0119509
             363	         4.45844	         4.66462	       0.0119315
             364	         4.77125	         4.66491	       0.0119023
             365	         4.79169	         4.66526	       0.0118748
             366	         4.74627	         4.66548	       0.0118444
             367	         4.04099	         4.66378	       0.0119337
             368	         4.78627	         4.66411	       0.0119059
             369	         4.48937	         4.66364	       0.0118831
             370	         4.74412	         4.66386	        0.011853
             371	          4.4254	         4.66321	       0.0118384
             372	         4.16677	         4.66188	       0.0118816
             373	         4.45711	         4.66133	       0.0118624
             374	         4.80641	         4.66172	        0.011837
             375	         4.26647	         4.66066	       0.0118523
             376	         4.49087	         4.66021	       0.0118294
             377	         4.86405	         4.66075	       0.0118104
             378	         4.54133	         4.66044	       0.0117833
             379	         4.66532	         4.66045	       0.0117522
             380	         4.47314	         4.65996	       0.0117317
             381	         4.81549	         4.66036	        0.011708
             382	         4.56602	         4.66012	       0.0116799
             383	         4.27051	          4.6591	       0.0116936
             384	         4.77792	         4.65941	       0.0116673
             385	         4.53365	         4.65908	       0.0116415
             386	          4.7301	         4.65927	       0.0116128
             387	         4.58613	         4.65908	       0.0115844
             388	         4.27719	         4.65809	       0.0115962
             389	         4.90608	         4.65873	       0.0115839
             390	         4.62577	         4.65865	       0.0115546
             391	         5.08399	         4.65973	       0.0115761
             392	         5.18925	         4.66109	       0.0116251
             393	         4.73993	         4.66129	       0.0115973
             394	         5.02645	         4.66221	       0.0116048
             395	         4.72671	         4.66238	       0.0115766
             396	          4.9608	         4.66313	       0.0115718
             397	         4.74257	         4.66333	       0.0115444
             398	         4.85432	         4.66381	       0.0115254
             399	         4.64447	         4.66376	       0.0114966
             400	         4.57432	         4.66354	         0.01147
             401	         4.22277	         4.66244	        0.011494
             402	         4.91944	         4.66308	       0.0114832
             403	         4.54427	         4.66278	       0.0114584
             404	         4.98776	         4.66359	       0.0114583
             405	         5.16082	         4.66482	       0.0114956
             406	         4.82302	         4.66521	       0.0114739
             407	         4.72291	         4.66535	       0.0114465
             408	         4.56564	          4.6651	       0.0114211
             409	         4.84035	         4.66553	       0.0114012
             410	         4.27473	         4.66458	       0.0114132
             411	         4.48055	         4.66413	       0.0113942
             412	         4.59595	         4.66396	       0.0113677
             413	         5.23413	         4.66535	       0.0114237
             414	           4.214	         4.66425	        0.011448
             415	         4.49728	         4.66385	       0.0114275
             416	         4.64587	         4.66381	       0.0114001
             417	         4.36084	         4.66308	       0.0113959
             418	         4.21639	         4.66201	       0.0114187
             419	         4.80041	         4.66234	       0.0113962
             420	         4.71825	         4.66248	       0.0113698
             421	         4.24433	         4.66148	       0.0113861
             422	         5.21393	         4.66279	       0.0114341
             423	         4.70253	         4.66289	       0.0114075
             424	         4.23152	         4.66187	       0.0114259
             425	         4.78411	         4.66216	       0.0114026
             426	         5.13257	         4.66326	       0.0114292
             427	         4.82945	         4.66365	        0.011409
             428	         4.66485	         4.66365	       0.0113824
             429	         5.18376	         4.66487	       0.0114202
             430	         4.40502	         4.66426	       0.0114097
             431	         4.60013	         4.66411	       0.0113842
             432	         4.76183	         4.66434	         0.01136
             433	         4.47269	          4.6639	       0.0113424
             434	         5.13299	         4.66498	       0.0113677
             435	         4.14203	         4.66378	       0.0114049
             436	         4.46841	         4.66333	       0.0113876
             437	         4.59423	         4.66317	       0.0113626
             438	         4.85585	         4.66361	       0.0113452
             439	         4.93147	         4.66422	       0.0113357
             440	          4.7195	         4.66434	       0.0113107
             441	         4.72004	         4.66447	       0.0112857
             442	          4.8042	         4.66479	       0.0112646
             443	         4.40249	          4.6642	       0.0112547
             444	         4.41731	         4.66364	       0.0112431
             445	         4.52431	         4.66333	       0.0112222
             446	         4.78491	          4.6636	       0.0112004
             447	         4.62096	          4.6635	       0.0111757
             448	         4.45889	         4.66305	       0.0111601
             449	         4.58795	         4.66288	       0.0111365
             450	          4.9587	         4.66354	       0.0111311
             451	         4.38751	         4.66292	       0.0111233
             452	         4.61545	         4.66282	       0.0110991
             453	         4.74924	         4.66301	       0.0110763
             454	         4.84202	          4.6634	       0.0110589
             455	         4.82878	         4.66377	       0.0110406
             456	         5.24601	         4.66504	       0.0110899
             457	         4.41525	          4.6645	       0.0110791
             458	         4.34897	         4.66381	       0.0110764
             459	         4.76121	         4.66402	       0.0110543
             460	         4.51959	         4.66371	       0.0110347
             461	         4.65287	         4.66368	       0.0110108
             462	         4.84761	         4.66408	       0.0109941
             463	         4.92262	         4.66464	       0.0109846
             464	         4.90992	         4.66517	       0.0109736
             465	         4.92828	         4.66574	       0.0109646
             466	         4.58538	         4.66556	       0.0109424
             467	         5.15949	         4.66662	         0.01097
             468	         4.76751	         4.66684	       0.0109486
             469	         4.55429	          4.6666	       0.0109279
             470	         4.63745	         4.66653	       0.0109049
             471	         4.80809	         4.66683	       0.0108858
             472	         4.79583	         4.66711	       0.0108662
             473	         4.43565	         4.66662	       0.0108542
             474	         4.47994	         4.66622	       0.0108385
             475	         4.98183	         4.66689	        0.010836
             476	         4.88281	         4.66734	       0.0108227
             477	         4.75729	         4.66753	       0.0108017
             478	         4.74851	          4.6677	       0.0107804
             479	         4.87051	         4.66812	       0.0107662
             480	         4.86749	         4.66854	       0.0107518
             481	         4.73233	         4.66867	       0.0107303
             482	         4.36757	         4.66805	       0.0107262
             483	         4.86027	         4.66845	       0.0107114
             484	         4.92345	         4.66897	       0.0107022
             485	         5.22089	         4.67011	       0.0107404
             486	         4.66238	         4.67009	       0.0107184
             487	         4.24654	         4.66922	       0.0107316
             488	         4.41171	          4.6687	       0.0107226
             489	         5.06364	          4.6695	        0.010731
             490	         4.74527	         4.66966	       0.0107102
             491	         4.70321	         4.66973	       0.0106886
             492	         4.79883	         4.66999	       0.0106701
             493	          4.3274	         4.66929	       0.0106711
             494	         4.64163	         4.66924	       0.0106496
             495	         4.93934	         4.66978	       0.0106421
             496	         4.91397	         4.67028	        0.010632
             497	         4.68018	          4.6703	       0.0106106
             498	         4.51997	         4.66999	       0.0105936
             499	         4.39711	         4.66945	       0.0105865
             500	         4.21321	         4.66854	       0.0106046
