#     BLOCK:   ACTUAL_X:     X_AVE:       ERROR:
           1	     1.42325	     1.42325	           0
           2	     1.50143	     1.46234	   0.0276394
           3	     1.49794	     1.47421	   0.0208182
           4	     1.44798	     1.46765	   0.0166145
           5	     1.48379	     1.47088	   0.0136017
           6	     1.49779	     1.47536	   0.0120519
           7	     1.51638	     1.48122	   0.0116677
           8	     1.41321	     1.47272	   0.0129414
           9	     1.39678	     1.46428	   0.0139866
          10	     1.47245	      1.4651	   0.0126118
          11	     1.47696	     1.46618	   0.0115113
          12	     1.46784	     1.46632	   0.0105528
          13	     1.49614	     1.46861	  0.00998727
          14	     1.47569	     1.46912	   0.0092867
          15	     1.45933	     1.46846	  0.00869046
          16	     1.44316	     1.46688	  0.00828998
          17	     1.51363	     1.46963	  0.00824579
          18	      1.4711	     1.46971	  0.00778809
          19	     1.50996	     1.47183	  0.00766079
          20	      1.4303	     1.46976	    0.007554
          21	     1.46498	     1.46953	  0.00719771
          22	     1.50994	     1.47136	  0.00710102
          23	     1.51058	     1.47307	  0.00699396
          24	     1.47856	      1.4733	  0.00670629
          25	     1.43239	     1.47166	  0.00663463
          26	     1.42619	     1.46991	  0.00660596
          27	     1.51253	     1.47149	  0.00654719
          28	     1.43914	     1.47034	  0.00641449
          29	     1.45359	     1.46976	  0.00621925
          30	     1.49677	     1.47066	  0.00607677
          31	     1.40155	     1.46843	  0.00627636
          32	     1.50214	     1.46948	  0.00616799
          33	     1.48518	     1.46996	  0.00599939
          34	     1.44263	     1.46916	  0.00587654
          35	     1.55708	     1.47167	  0.00622245
          36	     1.45938	     1.47133	  0.00605895
          37	     1.40342	     1.46949	  0.00616693
          38	     1.48663	     1.46994	  0.00602111
          39	     1.48943	     1.47044	  0.00588741
          40	     1.47431	     1.47054	  0.00574102
          41	      1.4819	     1.47081	  0.00560768
          42	     1.46639	     1.47071	  0.00547515
          43	     1.45101	     1.47025	  0.00536696
          44	     1.53738	     1.47178	  0.00545755
          45	     1.57859	     1.47415	  0.00582968
          46	     1.49355	     1.47457	  0.00571817
          47	     1.36095	     1.47215	  0.00608613
          48	     1.53562	     1.47348	  0.00610128
          49	     1.50062	     1.47403	  0.00600185
          50	     1.50006	     1.47455	  0.00590434
          51	     1.48035	     1.47467	  0.00578966
          52	     1.52863	      1.4757	  0.00577058
          53	     1.55953	     1.47728	  0.00587445
          54	     1.42961	      1.4764	  0.00583163
          55	       1.506	     1.47694	  0.00575038
          56	     1.41925	     1.47591	  0.00573923
          57	      1.5173	     1.47664	  0.00568429
          58	     1.45628	     1.47628	  0.00559711
          59	     1.47579	     1.47628	  0.00550225
          60	     1.52852	     1.47715	    0.005479
          61	     1.45459	     1.47678	  0.00540164
          62	     1.47363	     1.47673	  0.00531476
          63	     1.49483	     1.47701	  0.00523815
          64	     1.46269	     1.47679	  0.00516108
          65	     1.48799	     1.47696	  0.00508456
          66	     1.47611	     1.47695	  0.00500754
          67	      1.4067	      1.4759	  0.00504136
          68	     1.51915	     1.47654	  0.00500718
          69	     1.60289	     1.47837	  0.00525883
          70	     1.46954	     1.47824	  0.00518522
          71	     1.52696	     1.47893	  0.00515739
          72	     1.55287	     1.47996	  0.00518702
          73	     1.43406	     1.47933	  0.00515392
          74	     1.55057	     1.48029	   0.0051734
          75	     1.40165	     1.47924	   0.0052096
          76	     1.45371	      1.4789	  0.00515188
          77	     1.49235	     1.47908	  0.00508793
          78	     1.52439	     1.47966	  0.00505574
          79	     1.52178	     1.48019	  0.00501978
          80	     1.56715	     1.48128	  0.00507336
          81	     1.49941	      1.4815	  0.00501566
          82	     1.49522	     1.48167	  0.00495728
          83	     1.43168	     1.48107	  0.00493401
          84	      1.4627	     1.48085	  0.00488011
          85	     1.52274	     1.48134	  0.00484752
          86	     1.40769	     1.48049	  0.00486622
          87	     1.48723	     1.48056	   0.0048109
          88	     1.44283	     1.48014	   0.0047753
          89	     1.54106	     1.48082	  0.00477046
          90	     1.50217	     1.48106	  0.00472335
          91	     1.53486	     1.48165	   0.0047083
          92	     1.52646	     1.48214	  0.00468225
          93	     1.46973	       1.482	   0.0046338
          94	     1.54427	     1.48267	  0.00463162
          95	     1.47693	      1.4826	  0.00458326
          96	     1.47111	     1.48248	  0.00453708
          97	     1.45864	     1.48224	  0.00449696
          98	     1.44449	     1.48185	  0.00446753
          99	     1.50962	     1.48213	  0.00443121
         100	     1.53379	     1.48265	   0.0044169
