#     BLOCK:   ACTUAL_M:     M_AVE:       ERROR:
           1	     0.81664	     0.81664	           0
           2	     0.99884	     0.90774	   0.0644174
           3	           1	    0.938493	   0.0497472
           4	     0.99972	      0.9538	   0.0395953
           5	     0.99944	    0.962928	   0.0327114
           6	     0.99988	    0.969087	   0.0278333
           7	     0.97244	    0.969566	   0.0238612
           8	     0.99992	     0.97336	   0.0211781
           9	     0.99688	    0.975973	   0.0189855
          10	           1	    0.978376	   0.0172383
          11	     0.99984	    0.980327	   0.0157812
          12	     0.99968	     0.98194	   0.0145483
          13	     0.99928	    0.983274	   0.0134902
          14	     0.99696	    0.984251	    0.012562
          15	     0.99788	     0.98516	   0.0117573
          16	     0.99984	    0.986078	   0.0110583
          17	           1	    0.986896	   0.0104381
          18	      0.9746	    0.986213	  0.00988049
          19	      0.9996	    0.986918	  0.00938555
          20	           1	    0.987572	  0.00893904
          21	      0.9934	     0.98785	  0.00851768
          22	     0.99968	    0.988387	  0.00814747
          23	           1	    0.988892	  0.00780886
          24	           1	    0.989355	  0.00749719
          25	     0.99952	    0.989762	  0.00720832
          26	     0.98308	    0.989505	  0.00693566
          27	           1	    0.989893	  0.00668967
          28	     0.99948	    0.990236	   0.0064595
          29	     0.99416	    0.990371	  0.00623818
          30	     0.99884	    0.990653	  0.00603663
          31	     0.99936	    0.990934	  0.00584843
          32	     0.99976	     0.99121	  0.00567216
          33	     0.94656	    0.989857	  0.00565935
          34	           1	    0.990155	  0.00550076
          35	     0.99976	     0.99043	  0.00535043
          36	           1	    0.990696	  0.00520841
          37	     0.99984	    0.990943	   0.0050735
          38	     0.99996	     0.99118	  0.00494554
          39	     0.99996	    0.991405	  0.00482385
          40	           1	     0.99162	  0.00470804
          41	     0.99928	    0.991807	  0.00459691
          42	      0.8772	    0.989078	  0.00523508
          43	     0.99836	    0.989294	  0.00511778
          44	     0.99996	    0.989536	   0.0050072
          45	           1	    0.989769	  0.00490133
          46	     0.99636	    0.989912	  0.00479687
          47	     0.99896	    0.990105	  0.00469867
          48	           1	    0.990311	   0.0046053
          49	     0.99976	    0.990504	  0.00451535
          50	     0.99968	    0.990687	  0.00442877
          51	      0.9996	    0.990862	  0.00434538
          52	     0.99928	    0.991024	  0.00426483
          53	     0.99608	    0.991119	  0.00418543
          54	           1	    0.991284	  0.00411115
          55	     0.99828	    0.991411	  0.00403837
          56	           1	    0.991564	  0.00396917
          57	     0.99996	    0.991712	  0.00390227
          58	           1	    0.991854	   0.0038376
          59	     0.99992	    0.991991	  0.00377499
          60	           1	    0.992125	  0.00371443
          61	           1	    0.992254	  0.00365578
          62	     0.99996	    0.992378	  0.00359893
          63	      0.9988	     0.99248	  0.00354325
          64	     0.99988	    0.992596	  0.00348977
          65	     0.99996	    0.992709	  0.00343792
          66	     0.99996	    0.992819	  0.00338759
          67	     0.87664	    0.991085	  0.00375469
          68	           1	    0.991216	  0.00370176
          69	           1	    0.991343	   0.0036503
          70	           1	    0.991467	  0.00360024
          71	     0.99996	    0.991586	  0.00355152
          72	     0.99896	    0.991689	  0.00350367
          73	           1	    0.991803	  0.00345753
          74	           1	    0.991914	  0.00341258
          75	     0.99956	    0.992015	   0.0033686
          76	     0.99988	    0.992119	  0.00332586
          77	      0.9994	    0.992214	  0.00328402
          78	     0.99988	    0.992312	  0.00324338
          79	     0.99944	    0.992402	  0.00320358
          80	           1	    0.992497	  0.00316495
          81	           1	     0.99259	  0.00312723
          82	     0.99988	    0.992679	  0.00309035
          83	     0.99964	    0.992762	  0.00305426
          84	     0.99988	    0.992847	  0.00301907
          85	     0.99908	     0.99292	  0.00298445
          86	     0.99944	    0.992996	  0.00295071
          87	           1	    0.993077	  0.00291789
          88	           1	    0.993155	  0.00288579
          89	           1	    0.993232	  0.00285439
          90	           1	    0.993308	  0.00282366
          91	     0.99924	    0.993373	  0.00279339
          92	           1	    0.993445	  0.00276395
          93	     0.99992	    0.993514	  0.00273511
          94	           1	    0.993583	  0.00270688
          95	     0.99996	    0.993651	  0.00267922
          96	     0.99976	    0.993714	  0.00265207
          97	     0.99976	    0.993776	  0.00262546
          98	     0.99808	     0.99382	  0.00259904
          99	           1	    0.993883	  0.00257353
         100	           1	    0.993944	  0.00254853
