#     BLOCK:   ACTUAL_TE:    TE_AVE:      ERROR:
           1	   -0.330792	   -0.330792	           0
           2	   -0.331256	   -0.331024	 0.000164049
           3	   -0.329768	   -0.330605	 0.000358909
           4	   -0.327936	   -0.329938	 0.000637541
           5	   -0.326504	   -0.329251	 0.000798429
           6	   -0.332728	   -0.329831	 0.000850011
           7	   -0.332408	   -0.330199	 0.000804381
           8	   -0.329712	   -0.330138	 0.000706131
           9	   -0.329832	   -0.330104	  0.00062849
          10	   -0.329304	   -0.330024	  0.00057071
          11	   -0.330056	   -0.330027	 0.000518835
          12	   -0.330824	   -0.330093	 0.000479832
          13	   -0.331392	   -0.330193	 0.000453201
          14	   -0.330488	   -0.330214	 0.000421319
          15	   -0.330744	    -0.33025	 0.000394708
          16	   -0.330888	    -0.33029	  0.00037205
          17	   -0.329352	   -0.330234	 0.000354228
          18	   -0.330848	   -0.330268	 0.000336185
          19	   -0.329296	   -0.330217	 0.000322364
          20	   -0.328224	   -0.330118	 0.000321282
          21	   -0.330656	   -0.330143	 0.000307005
          22	    -0.32896	   -0.330089	 0.000297724
          23	   -0.331264	   -0.330141	 0.000289126
          24	    -0.32888	   -0.330088	 0.000281809
          25	   -0.331728	   -0.330154	 0.000278067
          26	   -0.331952	   -0.330223	 0.000275841
          27	   -0.326456	   -0.330083	 0.000298829
          28	    -0.33012	   -0.330085	 0.000288159
          29	   -0.329824	   -0.330076	 0.000278363
          30	   -0.329416	   -0.330054	 0.000269951
          31	   -0.327992	   -0.329987	  0.00026931
          32	   -0.327848	    -0.32992	 0.000269062
          33	    -0.33152	   -0.329969	  0.00026524
          34	    -0.32904	   -0.329941	 0.000258841
          35	   -0.328944	   -0.329913	  0.00025301
          36	     -0.3296	   -0.329904	 0.000246131
          37	   -0.330072	   -0.329909	 0.000239521
          38	   -0.330864	   -0.329934	 0.000234533
          39	   -0.330648	   -0.329952	 0.000229233
          40	   -0.326408	   -0.329864	 0.000240016
          41	   -0.330536	    -0.32988	 0.000234722
          42	   -0.332088	   -0.329933	 0.000234947
          43	   -0.332608	   -0.329995	 0.000237579
          44	   -0.325232	   -0.329887	 0.000255652
          45	   -0.330632	   -0.329903	 0.000250507
          46	     -0.3306	   -0.329918	 0.000245519
          47	   -0.329528	    -0.32991	 0.000240435
          48	   -0.328064	   -0.329872	 0.000238482
          49	   -0.328944	   -0.329853	 0.000234365
          50	   -0.330752	   -0.329871	 0.000230367
          51	   -0.328928	   -0.329852	  0.00022659
          52	   -0.329728	    -0.32985	 0.000222245
          53	   -0.328696	   -0.329828	 0.000219115
          54	   -0.325952	   -0.329756	 0.000226509
          55	   -0.330384	   -0.329768	 0.000222678
          56	   -0.328208	    -0.32974	 0.000220436
          57	   -0.331896	   -0.329778	 0.000219791
          58	   -0.327952	   -0.329746	 0.000218243
          59	   -0.326488	   -0.329691	  0.00022142
          60	   -0.330488	   -0.329704	 0.000218128
          61	   -0.329928	   -0.329708	 0.000214583
          62	   -0.330632	   -0.329723	 0.000211639
          63	    -0.33088	   -0.329741	 0.000209076
          64	     -0.3314	   -0.329767	  0.00020741
          65	    -0.33124	    -0.32979	 0.000205453
          66	   -0.331704	   -0.329819	 0.000204377
          67	   -0.328528	   -0.329799	 0.000202233
          68	   -0.331584	   -0.329826	 0.000200954
          69	    -0.32936	   -0.329819	 0.000198155
          70	   -0.326488	   -0.329771	 0.000200956
          71	   -0.328336	   -0.329751	  0.00019914
          72	   -0.330312	   -0.329759	 0.000196527
          73	    -0.33048	   -0.329769	 0.000194083
          74	     -0.3318	   -0.329796	 0.000193391
          75	    -0.32796	   -0.329772	 0.000192356
          76	   -0.329008	   -0.329762	 0.000190088
          77	   -0.327632	   -0.329734	  0.00018962
          78	   -0.331336	   -0.329755	 0.000188298
          79	   -0.329096	   -0.329746	 0.000186099
          80	   -0.327336	   -0.329716	 0.000186196
          81	   -0.331392	   -0.329737	 0.000185043
          82	   -0.329608	   -0.329735	 0.000182793
          83	   -0.331208	   -0.329753	  0.00018145
          84	   -0.330384	    -0.32976	 0.000179445
          85	   -0.328384	   -0.329744	 0.000178063
          86	   -0.330704	   -0.329755	 0.000176342
          87	   -0.331224	   -0.329772	 0.000175121
          88	   -0.330424	    -0.32978	 0.000173288
          89	   -0.332848	   -0.329814	 0.000174736
          90	   -0.328472	   -0.329799	  0.00017343
          91	   -0.328328	   -0.329783	 0.000172276
          92	   -0.329336	   -0.329778	 0.000170472
          93	   -0.330672	   -0.329788	  0.00016891
          94	   -0.329064	    -0.32978	 0.000167288
          95	    -0.32892	   -0.329771	 0.000165772
          96	   -0.328472	   -0.329758	 0.000164597
          97	   -0.327592	   -0.329735	 0.000164407
          98	     -0.3294	   -0.329732	 0.000162765
          99	    -0.33012	   -0.329736	 0.000161168
         100	   -0.329032	   -0.329729	  0.00015971
