#     BLOCK:   ACTUAL_X:     X_AVE:       ERROR:
           1	      105.45	      105.45	           0
           2	     117.602	     111.526	     4.29652
           3	     119.038	      114.03	     3.51919
           4	     117.149	      114.81	     2.72439
           5	     118.925	     115.633	     2.30049
           6	     118.536	     116.117	     1.96731
           7	     111.426	     115.447	     1.79678
           8	      119.02	     115.893	     1.62676
           9	      116.15	     115.922	     1.44626
          10	     119.038	     116.233	     1.33479
          11	     118.712	     116.459	     1.23231
          12	     111.171	     116.018	     1.20584
          13	     118.895	     116.239	     1.13321
          14	     118.412	     116.395	     1.06284
          15	     118.479	     116.533	     1.00102
          16	     119.011	     116.688	    0.950355
          17	     118.668	     116.805	    0.901557
          18	     106.882	     116.253	       1.006
          19	      118.92	     116.394	    0.962791
          20	     119.048	     116.526	     0.92375
          21	     117.743	     116.584	    0.881575
          22	     117.759	     116.638	     0.84312
          23	     118.966	     116.739	    0.812518
          24	     117.168	     116.757	     0.77886
          25	       118.1	     116.811	    0.749556
          26	     114.676	     116.729	     0.72521
          27	     119.038	     116.814	    0.703377
          28	     118.326	     116.868	    0.680327
          29	     117.802	       116.9	    0.657629
          30	     118.784	     116.963	    0.638698
          31	     118.906	     117.026	    0.621161
          32	     118.984	     117.087	    0.604756
          33	     114.703	     117.015	     0.59073
          34	     119.038	     117.074	    0.576346
          35	     118.976	     117.129	    0.562433
          36	     119.048	     117.182	    0.549331
          37	     118.965	      117.23	    0.536593
          38	     114.462	     117.157	    0.527392
          39	     117.916	     117.177	    0.514227
          40	     118.939	     117.221	    0.503256
          41	      118.67	     117.256	    0.492223
          42	     96.5644	     116.763	    0.683972
          43	     117.311	     116.776	    0.668184
          44	     119.029	     116.827	    0.654957
          45	     119.048	     116.877	    0.642258
          46	     113.928	     116.813	    0.631486
          47	     118.818	     116.855	     0.61949
          48	     116.819	     116.855	    0.606584
          49	     118.531	     116.889	    0.595169
          50	     116.576	     116.882	    0.583299
          51	     118.902	     116.922	    0.573204
          52	     118.055	     116.944	    0.562594
          53	     118.011	     116.964	    0.552339
          54	     118.112	     116.985	     0.54252
          55	     116.821	     116.982	    0.532664
          56	     118.096	     117.002	    0.523523
          57	     118.626	     117.031	    0.515114
          58	     119.038	     117.065	    0.507394
          59	     119.002	     117.098	    0.499856
          60	     118.072	     117.114	    0.491788
          61	     118.766	     117.141	    0.484471
          62	     118.938	      117.17	    0.477523
          63	     118.566	     117.193	    0.470457
          64	     118.718	     117.216	    0.463709
          65	      118.58	     117.237	    0.457049
          66	     118.894	     117.262	    0.450813
          67	     100.639	     117.014	    0.507788
          68	     119.048	     117.044	      0.5012
          69	     119.048	     117.073	    0.494777
          70	      119.02	     117.101	    0.488489
          71	     119.038	     117.128	     0.48237
          72	     118.442	     117.147	    0.476016
          73	     119.048	     117.173	    0.470207
          74	      113.38	     117.121	    0.466638
          75	     116.347	     117.111	     0.46053
          76	     118.939	     117.135	    0.455098
          77	     118.773	     117.156	    0.449685
          78	     118.965	      117.18	    0.444517
          79	     118.828	       117.2	    0.439379
          80	     118.983	     117.223	    0.434451
          81	     118.799	     117.242	    0.429524
          82	     119.021	     117.264	    0.424833
          83	     116.306	     117.252	    0.419871
          84	      118.39	     117.266	    0.415091
          85	     118.601	     117.282	    0.410505
          86	     112.649	     117.228	    0.409251
          87	     106.939	     117.109	    0.421288
          88	      119.02	     117.131	     0.41706
          89	     105.827	     117.004	     0.43128
          90	     108.154	     116.906	    0.437555
          91	     118.875	     116.927	    0.433281
          92	     118.588	     116.946	    0.428947
          93	     118.432	     116.961	    0.424633
          94	      119.02	     116.983	     0.42068
          95	     118.983	     117.004	    0.416778
          96	     118.964	     117.025	    0.412936
          97	     118.473	      117.04	    0.408949
          98	     118.164	     117.051	    0.404937
          99	     119.001	     117.071	    0.401325
         100	     119.048	     117.091	    0.397799
