#     BLOCK:   ACTUAL_M:     M_AVE:       ERROR:
               1	         0.01988	         0.01988	               0
               2	         0.01608	         0.01798	       0.0013435
               3	        0.014108	       0.0166893	      0.00138303
               4	        0.027924	        0.019498	      0.00264431
               5	        0.024828	        0.020564	      0.00232039
               6	         0.01276	       0.0192633	       0.0022691
               7	        0.010124	       0.0179577	      0.00228996
               8	         0.02292	        0.018578	      0.00208603
               9	        0.015672	       0.0182551	      0.00187908
              10	        0.007492	       0.0171788	      0.00197551
              11	         0.01056	       0.0165771	      0.00188533
              12	        0.012368	       0.0162263	      0.00176055
              13	        0.016536	       0.0162502	      0.00162528
              14	        0.022108	       0.0166686	      0.00156212
              15	        0.027192	       0.0173701	      0.00160782
              16	        0.018192	       0.0174215	      0.00150815
              17	        0.023756	       0.0177941	      0.00146474
              18	        0.021892	       0.0180218	      0.00140095
              19	        0.022012	       0.0182318	      0.00134286
              20	         0.02222	       0.0184312	      0.00129044
              21	        0.010928	       0.0180739	       0.0012775
              22	        0.015368	       0.0179509	      0.00122534
              23	         0.02472	       0.0182452	      0.00120689
              24	        0.013368	        0.018042	      0.00117359
              25	        0.027952	       0.0184384	      0.00119171
              26	         0.02304	       0.0186154	      0.00115894
              27	           0.025	       0.0188519	      0.00113989
              28	        0.019512	       0.0188754	      0.00109942
              29	        0.012568	       0.0186579	      0.00108281
              30	        0.012984	       0.0184688	       0.0010631
              31	        0.027632	       0.0187644	      0.00106911
              32	        0.018612	       0.0187596	      0.00103572
              33	        0.014352	       0.0186261	      0.00101291
              34	        0.022224	       0.0187319	     0.000988626
              35	        0.024184	       0.0188877	     0.000972575
              36	        0.016592	       0.0188239	     0.000947647
              37	         0.01178	       0.0186335	     0.000940963
              38	        0.014352	       0.0185208	     0.000922922
              39	         0.02108	       0.0185865	     0.000901587
              40	         0.00346	       0.0182083	     0.000955068
              41	        0.013524	        0.018094	     0.000938583
              42	        0.010684	       0.0179176	      0.00093267
              43	        0.014472	       0.0178375	     0.000914416
              44	        0.008572	       0.0176269	     0.000917561
              45	         0.02758	       0.0178481	     0.000923444
              46	        0.017364	       0.0178376	     0.000903429
              47	        0.027236	       0.0180375	     0.000906067
              48	        0.015452	       0.0179837	      0.00088879
              49	         0.02308	       0.0180877	     0.000876716
              50	        0.015128	       0.0180285	     0.000861178
              51	        0.010032	       0.0178717	     0.000858447
              52	        0.010136	       0.0177229	     0.000854731
              53	        0.024968	       0.0178596	     0.000849465
              54	        0.020168	       0.0179024	     0.000834809
              55	        0.016956	       0.0178852	     0.000819808
              56	        0.021248	       0.0179452	     0.000807365
              57	        0.010652	       0.0178173	     0.000803276
              58	        0.017896	       0.0178186	     0.000789427
              59	        0.021936	       0.0178884	     0.000779125
              60	        0.022164	       0.0179597	     0.000769392
              61	        0.011156	       0.0178481	     0.000764821
              62	        0.017648	       0.0178449	     0.000752492
              63	        0.023724	       0.0179382	     0.000746311
              64	        0.028768	       0.0181074	      0.00075359
              65	        0.010748	       0.0179942	     0.000750453
              66	        0.015972	       0.0179636	     0.000739708
              67	        0.007808	        0.017812	     0.000744035
              68	        0.013648	       0.0177508	     0.000735609
              69	        0.010884	       0.0176512	     0.000731649
              70	        0.022496	       0.0177205	     0.000724463
              71	        0.020356	       0.0177576	      0.00071521
              72	        0.026392	       0.0178775	     0.000715259
              73	        0.015064	        0.017839	     0.000706499
              74	        0.021328	       0.0178861	     0.000698523
              75	        0.010324	       0.0177853	     0.000696449
              76	        0.018656	       0.0177967	     0.000687379
              77	        0.009856	       0.0176936	     0.000686144
              78	        0.026204	       0.0178027	     0.000685968
              79	        0.022684	       0.0178645	     0.000680062
              80	        0.021048	       0.0179043	     0.000672724
              81	         0.01618	        0.017883	     0.000664756
              82	        0.031368	       0.0180475	     0.000676685
              83	        0.009844	       0.0179486	     0.000675711
              84	        0.017464	       0.0179429	     0.000667692
              85	        0.013228	       0.0178874	     0.000662137
              86	        0.021396	       0.0179282	     0.000655693
              87	        0.021376	       0.0179678	     0.000649353
              88	        0.024124	       0.0180378	     0.000645731
              89	        0.016972	       0.0180258	     0.000638587
              90	         0.02094	       0.0180582	     0.000632312
              91	         0.01886	        0.018067	     0.000625425
              92	        0.020792	       0.0180966	     0.000619328
              93	        0.021572	        0.018134	     0.000613795
              94	        0.020252	       0.0181565	     0.000607678
              95	        0.020824	       0.0181846	      0.00060193
              96	         0.02692	       0.0182756	     0.000602498
              97	         0.02394	        0.018334	      0.00059911
              98	         0.02124	       0.0183636	      0.00059373
              99	        0.016324	        0.018343	      0.00058809
             100	         0.01368	       0.0182964	     0.000584055
             101	        0.028044	       0.0183929	     0.000586192
             102	        0.011136	       0.0183218	     0.000584747
             103	          0.0166	        0.018305	     0.000579309
             104	        0.006392	       0.0181905	     0.000584954
             105	        0.016968	       0.0181789	     0.000579499
             106	        0.022236	       0.0182171	     0.000575294
             107	        0.014208	       0.0181797	     0.000571136
             108	        0.016496	       0.0181641	     0.000566061
             109	          0.0181	       0.0181635	     0.000560868
             110	        0.011944	       0.0181069	     0.000558612
             111	        0.013728	       0.0180675	     0.000554971
             112	        0.011108	       0.0180054	     0.000553483
             113	        0.016508	       0.0179921	     0.000548744
             114	        0.013268	       0.0179507	     0.000545493
             115	          0.0161	       0.0179346	     0.000540987
             116	        0.021824	       0.0179681	     0.000537361
             117	        0.019124	        0.017978	     0.000532859
             118	        0.016736	       0.0179675	     0.000528447
             119	        0.019504	       0.0179804	     0.000524164
             120	        0.020476	       0.0180012	     0.000520208
             121	        0.021804	       0.0180326	     0.000516858
             122	        0.018616	       0.0180374	     0.000512643
             123	        0.015848	       0.0180196	     0.000508784
             124	        0.019508	       0.0180316	     0.000504823
             125	        0.017344	       0.0180261	     0.000500814
             126	        0.013944	       0.0179937	     0.000497886
             127	        0.026528	       0.0180609	      0.00049848
             128	        0.013428	       0.0180247	     0.000495898
             129	        0.022136	       0.0180566	     0.000493077
             130	         0.01864	        0.018061	     0.000489305
             131	        0.015732	       0.0180433	     0.000485892
             132	        0.014912	       0.0180195	      0.00048279
             133	        0.020292	       0.0180366	     0.000479462
             134	        0.015064	       0.0180144	     0.000476397
             135	         0.02294	       0.0180509	     0.000474263
             136	        0.016628	       0.0180405	     0.000470892
             137	        0.011536	        0.017993	     0.000469842
             138	        0.010824	        0.017941	       0.0004693
             139	         0.01426	       0.0179146	     0.000466671
             140	        0.003856	       0.0178141	     0.000474018
             141	         0.01786	       0.0178145	     0.000470656
             142	         0.00918	       0.0177537	     0.000471253
             143	        0.016168	       0.0177426	     0.000468088
             144	        0.015544	       0.0177273	     0.000465087
             145	        0.019384	       0.0177387	      0.00046202
             146	         0.01568	       0.0177246	      0.00045907
             147	        0.027404	       0.0177905	     0.000460645
             148	        0.019384	       0.0178012	     0.000457659
             149	        0.013356	       0.0177714	     0.000455558
             150	         0.01674	       0.0177645	     0.000452573
             151	        0.020564	       0.0177831	     0.000449956
             152	        0.017664	       0.0177823	     0.000446996
             153	        0.014496	       0.0177608	      0.00044459
             154	        0.021624	       0.0177859	     0.000442411
             155	        0.015664	       0.0177722	     0.000439768
             156	         0.01576	       0.0177593	     0.000437138
             157	        0.018752	       0.0177656	       0.0004344
             158	        0.019488	       0.0177765	     0.000431787
             159	        0.020984	       0.0177967	     0.000429542
             160	        0.024308	       0.0178374	     0.000428781
             161	        0.009924	       0.0177882	     0.000428926
             162	        0.018616	       0.0177934	     0.000426309
             163	         0.02388	       0.0178307	     0.000425325
             164	         0.01062	       0.0177867	     0.000424998
             165	        0.006032	       0.0177155	     0.000428352
             166	        0.020284	        0.017731	     0.000426051
             167	        0.016084	       0.0177211	     0.000423614
             168	        0.013964	       0.0176987	     0.000421682
             169	         0.01458	       0.0176803	     0.000419591
             170	         0.01914	       0.0176889	      0.00041721
             171	        0.012264	       0.0176571	     0.000415975
             172	        0.019184	        0.017666	     0.000413651
             173	           0.021	       0.0176853	     0.000411709
             174	        0.016308	       0.0176774	     0.000409419
             175	        0.019452	       0.0176875	     0.000407205
             176	        0.013092	       0.0176614	     0.000405727
             177	          0.0214	       0.0176825	     0.000403985
             178	        0.018296	        0.017686	      0.00040173
             179	        0.015704	       0.0176749	     0.000399638
             180	        0.020792	       0.0176922	     0.000397793
             181	        0.022424	       0.0177184	     0.000396453
             182	        0.021384	       0.0177385	     0.000394786
             183	        0.013612	        0.017716	     0.000393272
             184	        0.016196	       0.0177077	     0.000391222
             185	          0.0191	       0.0177152	     0.000389179
             186	        0.019784	       0.0177263	     0.000387246
             187	        0.024056	       0.0177602	     0.000386651
             188	        0.016868	       0.0177554	     0.000384624
             189	        0.008136	       0.0177046	     0.000385942
             190	        0.017936	       0.0177058	     0.000383912
             191	        0.009128	       0.0176609	      0.00038452
             192	        0.020592	       0.0176761	      0.00038282
             193	        0.003216	       0.0176012	     0.000388099
             194	        0.027204	       0.0176507	     0.000389243
             195	         0.01898	       0.0176575	     0.000387306
             196	        0.019232	       0.0176656	     0.000385413
             197	        0.017124	       0.0176628	     0.000383467
             198	        0.023712	       0.0176934	     0.000382745
             199	        0.013036	       0.0176699	     0.000381537
             200	         0.01718	       0.0176675	     0.000379637
             201	        0.018988	       0.0176741	     0.000377805
             202	        0.009724	       0.0176347	     0.000377979
             203	        0.027912	       0.0176853	     0.000379492
             204	        0.002468	       0.0176107	     0.000384894
             205	        0.015012	       0.0175981	     0.000383225
             206	        0.024392	        0.017631	     0.000382781
             207	          0.0072	       0.0175807	     0.000384235
             208	         0.02276	       0.0176056	     0.000383193
             209	        0.021384	       0.0176236	     0.000381786
             210	         0.03328	       0.0176982	     0.000387179
             211	        0.009196	       0.0176579	     0.000387435
             212	        0.010284	       0.0176231	     0.000387166
             213	         0.01328	       0.0176027	     0.000385885
             214	        0.018676	       0.0176077	     0.000384114
             215	        0.025052	       0.0176424	     0.000383885
             216	        0.021008	       0.0176579	     0.000382424
             217	        0.016868	       0.0176543	     0.000380679
             218	        0.020612	       0.0176679	     0.000379174
             219	        0.011784	        0.017641	     0.000378393
             220	        0.027004	       0.0176836	     0.000379059
             221	        0.008968	       0.0176441	      0.00037939
             222	        0.018448	       0.0176477	     0.000377698
             223	        0.022796	       0.0176708	     0.000376709
             224	        0.013104	       0.0176504	     0.000375579
             225	        0.020752	       0.0176642	     0.000374163
             226	        0.014276	       0.0176492	     0.000372807
             227	         0.01754	       0.0176488	     0.000371165
             228	        0.012092	       0.0176244	     0.000370337
             229	        0.029084	       0.0176744	     0.000372085
             230	        0.019908	       0.0176841	     0.000370594
             231	        0.017592	       0.0176837	      0.00036899
             232	        0.011072	       0.0176552	     0.000368498
             233	        0.017024	       0.0176525	     0.000366927
             234	        0.023848	        0.017679	     0.000366313
             235	         0.02414	       0.0177065	     0.000365784
             236	        0.023032	       0.0177291	      0.00036493
             237	        0.014072	       0.0177136	     0.000363716
             238	        0.017696	       0.0177136	     0.000362188
             239	           0.018	       0.0177148	     0.000360674
             240	        0.013076	       0.0176954	     0.000359689
             241	         0.01196	       0.0176716	     0.000358983
             242	        0.021844	       0.0176889	     0.000357913
             243	          0.0213	       0.0177037	     0.000356749
             244	         0.01112	       0.0176768	     0.000356306
             245	         0.02408	       0.0177029	     0.000355809
             246	        0.019044	       0.0177083	     0.000354404
             247	        0.020252	       0.0177186	     0.000353119
             248	          0.0171	       0.0177161	     0.000351704
             249	        0.023172	       0.0177381	     0.000350973
             250	        0.018232	         0.01774	     0.000349575
             251	        0.016988	        0.017737	     0.000348195
             252	        0.025412	       0.0177675	     0.000348143
             253	          0.0211	       0.0177807	     0.000347016
             254	        0.023932	       0.0178049	     0.000346494
             255	        0.018156	       0.0178063	     0.000345137
             256	        0.020624	       0.0178173	     0.000343965
             257	         0.01506	       0.0178065	     0.000342794
             258	        0.013568	       0.0177901	     0.000341858
             259	         0.01562	       0.0177817	     0.000340641
             260	        0.013084	       0.0177637	      0.00033981
             261	         0.01128	       0.0177388	     0.000339415
             262	        0.020812	       0.0177505	     0.000338322
             263	        0.015204	       0.0177409	     0.000337174
             264	        0.023944	       0.0177644	     0.000336715
             265	        0.031356	       0.0178157	     0.000339328
             266	        0.024952	       0.0178425	     0.000339111
             267	        0.017404	       0.0178408	     0.000337845
             268	        0.019092	       0.0178455	     0.000336616
             269	         0.02092	       0.0178569	     0.000335559
             270	        0.012104	       0.0178356	     0.000334992
             271	        0.009444	       0.0178047	     0.000335184
             272	          0.0213	       0.0178175	     0.000334198
             273	        0.032572	       0.0178716	     0.000337316
             274	        0.018456	       0.0178737	     0.000336091
             275	          0.0157	       0.0178658	     0.000334962
             276	        0.017736	       0.0178653	     0.000333749
             277	        0.029096	       0.0179059	     0.000334997
             278	        0.016736	       0.0179017	     0.000333819
             279	         0.01714	       0.0178989	     0.000332634
             280	        0.018616	       0.0179015	     0.000331455
             281	        0.025432	       0.0179283	     0.000331357
             282	        0.012636	       0.0179095	     0.000330713
             283	        0.009924	       0.0178813	     0.000330746
             284	        0.018256	       0.0178826	     0.000329585
             285	        0.006784	       0.0178437	     0.000330721
             286	        0.015828	       0.0178366	     0.000329639
             287	        0.024236	       0.0178589	     0.000329244
             288	        0.015472	       0.0178506	     0.000328205
             289	        0.018804	       0.0178539	     0.000327086
             290	        0.017308	       0.0178521	     0.000325964
             291	        0.012384	       0.0178333	     0.000325385
             292	        0.011228	       0.0178106	     0.000325056
             293	        0.028564	       0.0178473	     0.000326012
             294	         0.01834	        0.017849	     0.000324907
             295	        0.023372	       0.0178677	     0.000324345
             296	        0.020264	       0.0178758	      0.00032335
             297	        0.004084	       0.0178294	     0.000325579
             298	        0.020412	       0.0178381	     0.000324601
             299	        0.022412	       0.0178534	     0.000323876
             300	        0.023764	       0.0178731	     0.000323395
             301	        0.021376	       0.0178847	      0.00032253
             302	        0.016172	        0.017879	     0.000321512
             303	        0.026736	       0.0179083	     0.000321777
             304	        0.026844	       0.0179377	     0.000322058
             305	        0.013816	       0.0179241	     0.000321286
             306	        0.011124	       0.0179019	     0.000321003
             307	        0.017992	       0.0179022	     0.000319958
             308	        0.010032	       0.0178767	     0.000319938
             309	        0.015796	       0.0178699	     0.000318973
             310	        0.018848	       0.0178731	      0.00031796
             311	         0.01398	       0.0178606	     0.000317184
             312	        0.012696	        0.017844	     0.000316599
             313	        0.019892	       0.0178506	     0.000315655
             314	         0.00992	       0.0178253	     0.000315658
             315	        0.014748	       0.0178155	     0.000314807
             316	        0.017148	       0.0178134	     0.000313818
             317	        0.023584	       0.0178316	     0.000313356
             318	        0.018296	       0.0178331	     0.000312374
             319	        0.011584	       0.0178135	     0.000312008
             320	        0.023516	       0.0178313	     0.000311542
             321	        0.027276	       0.0178607	     0.000311957
             322	        0.019736	       0.0178666	     0.000311043
             323	        0.010444	       0.0178436	     0.000310928
             324	        0.014668	       0.0178338	     0.000310123
             325	        0.029704	       0.0178703	     0.000311312
             326	         0.01684	       0.0178671	     0.000310373
             327	        0.021536	       0.0178784	     0.000309626
             328	        0.021916	       0.0178907	     0.000308927
             329	        0.009476	       0.0178651	     0.000309045
             330	        0.023692	       0.0178828	     0.000308612
             331	        0.019056	       0.0178863	       0.0003077
             332	        0.018044	       0.0178868	     0.000306774
             333	        0.019028	       0.0178902	     0.000305872
             334	        0.021776	       0.0179018	     0.000305177
             335	        0.015056	       0.0178933	     0.000304384
             336	         0.01916	       0.0178971	     0.000303502
             337	        0.018644	       0.0178993	     0.000302609
             338	        0.022496	       0.0179129	      0.00030202
             339	          0.0218	       0.0179244	     0.000301346
             340	        0.006024	       0.0178894	     0.000302486
             341	        0.015132	       0.0178813	     0.000301707
             342	          0.0239	       0.0178989	     0.000301337
             343	        0.022536	       0.0179124	     0.000300762
             344	         0.02144	       0.0179227	     0.000300062
             345	        0.022476	       0.0179359	     0.000299483
             346	        0.006472	       0.0179027	     0.000300444
             347	        0.012044	       0.0178859	     0.000300053
             348	        0.020676	       0.0178939	     0.000299298
             349	        0.008796	       0.0178678	     0.000299573
             350	        0.020768	       0.0178761	     0.000298832
             351	        0.023572	       0.0178923	     0.000298421
             352	        0.013708	       0.0178804	      0.00029781
             353	        0.017536	       0.0178795	     0.000296967
             354	        0.024704	       0.0178987	     0.000296754
             355	        0.024004	       0.0179159	     0.000296416
             356	        0.009812	       0.0178932	     0.000296456
             357	         0.01612	       0.0178882	     0.000295667
             358	        0.021164	       0.0178974	     0.000294983
             359	        0.015792	       0.0178915	     0.000294219
             360	        0.019932	       0.0178972	     0.000293457
             361	         0.01692	       0.0178944	     0.000292656
             362	        0.018848	       0.0178971	      0.00029186
             363	        0.017832	       0.0178969	     0.000291056
             364	        0.022988	       0.0179109	     0.000290592
             365	        0.024172	        0.017928	     0.000290302
             366	         0.01888	       0.0179306	      0.00028952
             367	        0.016672	       0.0179272	     0.000288752
             368	        0.015076	       0.0179195	     0.000288071
             369	        0.017824	       0.0179192	      0.00028729
             370	         0.01212	       0.0179035	     0.000286941
             371	         0.01696	        0.017901	     0.000286179
             372	        0.018844	       0.0179035	     0.000285421
             373	        0.021052	        0.017912	      0.00028478
             374	        0.021564	       0.0179217	     0.000284186
             375	        0.019852	       0.0179269	     0.000283475
             376	        0.012432	       0.0179123	     0.000283098
             377	        0.024304	       0.0179292	     0.000282854
             378	        0.022628	       0.0179417	     0.000282379
             379	        0.029448	        0.017972	     0.000283261
             380	        0.018796	       0.0179742	     0.000282524
             381	        0.022896	       0.0179871	     0.000282077
             382	        0.022648	       0.0179993	     0.000281603
             383	        0.029588	       0.0180296	     0.000282488
             384	        0.023956	        0.018045	     0.000282174
             385	        0.016876	        0.018042	     0.000281457
             386	        0.025692	       0.0180618	     0.000281425
             387	         0.02918	       0.0180905	     0.000282161
             388	        0.013548	       0.0180788	     0.000281676
             389	        0.016536	       0.0180748	      0.00028098
             390	        0.014892	       0.0180667	     0.000280378
             391	        0.015048	       0.0180589	     0.000279767
             392	        0.024948	       0.0180765	     0.000279605
             393	        0.025432	       0.0180952	     0.000279519
             394	         0.01984	       0.0180997	     0.000278845
             395	         0.01648	       0.0180956	     0.000278169
             396	        0.026436	       0.0181166	     0.000278263
             397	        0.017156	       0.0181142	     0.000277572
             398	        0.021224	        0.018122	     0.000276985
             399	        0.029116	       0.0181496	     0.000277658
             400	        0.011132	        0.018132	     0.000277517
             401	        0.019212	       0.0181347	     0.000276838
             402	        0.018232	        0.018135	      0.00027615
             403	        0.004416	       0.0181009	     0.000277555
             404	        0.018572	       0.0181021	      0.00027687
             405	        0.011816	       0.0180866	     0.000276621
             406	          0.0148	       0.0180785	     0.000276059
             407	        0.023332	       0.0180914	     0.000275682
             408	        0.019748	       0.0180954	     0.000275036
             409	        0.020316	       0.0181009	     0.000274417
             410	        0.023764	       0.0181147	     0.000274095
             411	        0.024364	       0.0181299	      0.00027385
             412	        0.019744	       0.0181338	     0.000273213
             413	        0.021712	       0.0181425	     0.000272689
             414	           0.022	       0.0181518	     0.000272189
             415	        0.013308	       0.0181401	     0.000271784
             416	        0.006528	       0.0181122	      0.00027256
             417	        0.014504	       0.0181035	     0.000272044
             418	        0.022292	       0.0181136	     0.000271577
             419	        0.012724	       0.0181007	     0.000271234
             420	         0.02024	       0.0181058	     0.000270636
             421	          0.0193	       0.0181086	     0.000270008
             422	        0.021248	       0.0181161	      0.00026947
             423	        0.016976	       0.0181134	     0.000268847
             424	        0.015304	       0.0181068	     0.000268294
             425	        0.010848	       0.0180897	     0.000268206
             426	        0.024268	       0.0181042	     0.000267968
             427	           0.022	       0.0181133	     0.000267496
             428	          0.0136	       0.0181028	     0.000267079
             429	        0.024984	       0.0181188	     0.000266938
             430	         0.01568	       0.0181131	     0.000266377
             431	        0.009688	       0.0180936	     0.000266475
             432	        0.018228	       0.0180939	     0.000265859
             433	        0.027796	       0.0181163	     0.000266187
             434	        0.022624	       0.0181267	     0.000265776
             435	        0.018316	       0.0181271	     0.000265166
             436	        0.011176	       0.0181112	     0.000265036
             437	        0.013932	       0.0181016	     0.000264602
             438	        0.017368	       0.0180999	     0.000264004
             439	        0.025148	        0.018116	      0.00026389
             440	        0.012236	       0.0181026	     0.000263628
             441	        0.026104	       0.0181208	     0.000263654
             442	        0.010024	       0.0181025	     0.000263693
             443	        0.011688	        0.018088	     0.000263495
             444	        0.023044	       0.0180991	     0.000263138
             445	        0.017812	       0.0180985	     0.000262548
             446	        0.015832	       0.0180934	     0.000262008
             447	        0.020964	       0.0180998	     0.000261501
             448	        0.023188	       0.0181112	     0.000261164
             449	         0.02254	       0.0181211	     0.000260768
             450	        0.018604	       0.0181221	     0.000260191
             451	         0.01958	       0.0181254	     0.000259634
             452	         0.01758	       0.0181242	     0.000259062
             453	         0.00978	       0.0181057	     0.000259144
             454	        0.018336	       0.0181062	     0.000258574
             455	         0.01752	       0.0181049	     0.000258009
             456	        0.029736	       0.0181305	     0.000258701
             457	        0.014912	       0.0181234	     0.000258231
             458	        0.025252	        0.018139	     0.000258136
             459	        0.021136	       0.0181455	     0.000257656
             460	        0.018156	       0.0181455	     0.000257096
             461	        0.019612	       0.0181487	     0.000256558
             462	        0.017916	       0.0181482	     0.000256003
             463	        0.017796	       0.0181474	     0.000255451
             464	        0.024096	       0.0181603	     0.000255222
             465	        0.023436	       0.0181716	     0.000254925
             466	        0.020392	       0.0181764	     0.000254423
             467	        0.016544	       0.0181729	     0.000253902
             468	        0.025472	       0.0181885	     0.000253838
             469	        0.018676	       0.0181895	     0.000253299
             470	        0.022108	       0.0181979	     0.000252897
             471	        0.019892	       0.0182015	     0.000252386
             472	        0.021596	       0.0182086	     0.000251953
             473	         0.01178	       0.0181951	     0.000251787
             474	         0.01932	       0.0181974	     0.000251267
             475	        0.018832	       0.0181988	     0.000250742
             476	        0.029496	       0.0182225	     0.000251336
             477	        0.019704	       0.0182256	     0.000250828
             478	         0.02094	       0.0182313	     0.000250367
             479	        0.028576	       0.0182529	     0.000250774
             480	         0.02658	       0.0182702	     0.000250851
             481	        0.016588	       0.0182667	     0.000250354
             482	         0.01378	       0.0182574	     0.000250008
             483	        0.019104	       0.0182592	     0.000249496
             484	        0.020128	        0.018263	     0.000249011
             485	        0.020324	       0.0182673	     0.000248533
             486	        0.015696	        0.018262	     0.000248078
             487	         0.01726	       0.0182599	     0.000247578
             488	        0.012996	       0.0182491	     0.000247305
             489	        0.023844	       0.0182606	     0.000247064
             490	        0.024704	       0.0182737	     0.000246909
             491	        0.023968	       0.0182853	     0.000246679
             492	        0.021744	       0.0182924	     0.000246277
             493	        0.015664	        0.018287	     0.000245836
             494	         0.02364	       0.0182979	     0.000245577
             495	        0.021836	        0.018305	     0.000245185
             496	         0.01162	       0.0182915	      0.00024506
             497	        0.020532	        0.018296	     0.000244609
             498	        0.021304	       0.0183021	     0.000244192
             499	        0.017832	       0.0183011	     0.000243705
             500	         0.01736	       0.0182993	     0.000243224
