#     BLOCK:   ACTUAL_TE:    TE_AVE:      ERROR:
           1	   -0.675302	   -0.675302	           0
           2	   -0.661501	   -0.668402	   0.0048796
           3	   -0.661312	   -0.666038	  0.00378227
           4	   -0.680193	   -0.669577	   0.0041759
           5	    -0.66393	   -0.668448	  0.00349013
           6	   -0.672442	   -0.669113	  0.00297127
           7	   -0.672379	    -0.66958	  0.00258317
           8	   -0.658546	   -0.668201	  0.00260254
           9	   -0.670089	    -0.66841	  0.00232181
          10	   -0.676289	   -0.669198	  0.00221927
          11	   -0.688041	   -0.670911	  0.00259574
          12	   -0.665077	   -0.670425	  0.00242453
          13	   -0.664119	    -0.66994	  0.00228604
          14	   -0.674073	   -0.670235	  0.00214173
          15	   -0.667182	   -0.670032	  0.00200859
          16	   -0.676131	   -0.670413	  0.00191889
          17	    -0.66139	   -0.669882	  0.00187799
          18	   -0.667656	   -0.669758	  0.00177773
          19	   -0.681952	     -0.6704	  0.00179627
          20	   -0.665384	   -0.670149	  0.00172388
          21	   -0.664482	   -0.669879	  0.00166278
          22	   -0.659664	   -0.669415	  0.00165076
          23	   -0.658946	    -0.66896	  0.00164054
          24	   -0.654385	   -0.668353	  0.00168084
          25	    -0.67263	   -0.668524	  0.00162229
          26	   -0.685963	   -0.669195	  0.00169289
          27	   -0.663514	   -0.668984	  0.00164321
          28	   -0.677814	     -0.6693	   0.0016145
          29	   -0.666254	   -0.669195	  0.00156224
          30	   -0.670554	    -0.66924	  0.00151082
          31	   -0.657691	   -0.668867	  0.00150732
          32	   -0.687387	   -0.669446	  0.00156739
          33	   -0.670462	   -0.669477	  0.00152019
          34	   -0.670298	   -0.669501	  0.00147567
          35	   -0.653914	   -0.669056	   0.0014992
          36	   -0.674989	    -0.66922	  0.00146659
          37	   -0.653389	   -0.668793	  0.00148806
          38	    -0.65815	   -0.668513	  0.00147502
          39	   -0.662714	   -0.668364	  0.00144467
          40	   -0.683795	    -0.66875	  0.00145915
          41	   -0.663372	   -0.668618	  0.00142945
          42	   -0.672955	   -0.668722	  0.00139914
          43	   -0.663771	   -0.668607	  0.00137133
          44	   -0.670255	   -0.668644	  0.00134067
          45	   -0.679254	    -0.66888	  0.00133145
          46	   -0.666283	   -0.668823	   0.0013037
          47	   -0.667165	   -0.668788	  0.00127644
          48	   -0.659606	   -0.668597	   0.0012641
          49	   -0.658471	    -0.66839	  0.00125508
          50	   -0.674019	   -0.668503	  0.00123502
          51	   -0.674091	   -0.668612	  0.00121565
          52	   -0.676793	    -0.66877	  0.00120241
          53	   -0.673606	   -0.668861	  0.00118318
          54	   -0.672409	   -0.668927	  0.00116309
          55	   -0.669457	   -0.668936	  0.00114199
          56	   -0.665454	   -0.668874	  0.00112329
          57	   -0.668016	   -0.668859	  0.00110368
          58	   -0.673158	   -0.668933	  0.00108714
          59	   -0.676491	   -0.669061	  0.00107623
          60	   -0.662959	    -0.66896	  0.00106309
          61	   -0.677113	   -0.669093	  0.00105403
          62	   -0.666442	    -0.66905	   0.0010379
          63	   -0.658676	   -0.668886	   0.0010344
          64	   -0.675973	   -0.668996	  0.00102415
          65	   -0.668626	   -0.668991	  0.00100841
          66	   -0.680062	   -0.669159	  0.00100699
          67	   -0.670151	   -0.669173	 0.000992065
          68	   -0.659153	   -0.669026	  0.00098836
          69	   -0.681729	    -0.66921	 0.000991033
          70	   -0.677645	   -0.669331	 0.000984174
          71	   -0.671953	   -0.669367	 0.000971005
          72	    -0.66804	   -0.669349	 0.000957694
          73	   -0.658876	   -0.669206	  0.00095526
          74	    -0.67339	   -0.669262	 0.000944024
          75	   -0.665246	   -0.669209	 0.000932955
          76	   -0.680474	   -0.669357	 0.000932379
          77	   -0.670046	   -0.669366	 0.000920313
          78	   -0.663972	   -0.669297	 0.000911109
          79	   -0.665248	   -0.669245	 0.000901016
          80	   -0.672932	   -0.669291	 0.000890931
          81	    -0.67613	   -0.669376	 0.000883923
          82	   -0.662964	   -0.669298	 0.000876596
          83	   -0.682099	   -0.669452	 0.000879498
          84	   -0.660342	   -0.669343	 0.000875688
          85	   -0.662886	   -0.669268	 0.000868675
          86	   -0.671658	   -0.669295	 0.000859019
          87	    -0.65932	   -0.669181	 0.000856763
          88	   -0.672123	   -0.669214	 0.000847679
          89	   -0.668853	    -0.66921	 0.000838165
          90	   -0.672746	   -0.669249	 0.000829772
          91	   -0.679915	   -0.669367	  0.00082889
          92	   -0.662196	   -0.669289	 0.000823537
          93	    -0.66072	   -0.669196	 0.000819819
          94	   -0.672402	   -0.669231	 0.000811806
          95	    -0.66342	   -0.669169	 0.000805562
          96	   -0.663951	   -0.669115	 0.000799002
          97	   -0.673878	   -0.669164	 0.000792272
          98	   -0.661336	   -0.669084	 0.000788204
          99	   -0.684856	   -0.669244	  0.00079618
         100	   -0.661946	   -0.669171	 0.000791555
