#     BLOCK:   ACTUAL_X:     X_AVE:       ERROR:
           1	      171.81	      171.81	           0
           2	     185.185	     178.497	     4.72892
           3	     185.185	     180.727	     3.64032
           4	     185.185	     181.841	     2.89586
           5	     185.185	      182.51	     2.39267
           6	     185.185	     182.956	       2.035
           7	     185.185	     183.274	     1.76903
           8	     185.185	     183.513	     1.56394
           9	     185.185	     183.699	     1.40116
          10	     185.185	     183.848	      1.2689
          11	     185.185	     183.969	     1.15936
          12	     185.185	     184.071	     1.06716
          13	     185.185	     184.156	    0.988514
          14	     185.185	      184.23	    0.920633
          15	     185.185	     184.293	    0.861458
          16	     185.185	     184.349	    0.809418
          17	     185.185	     184.398	    0.763297
          18	     185.185	     184.442	    0.722142
          19	     185.185	     184.481	    0.685193
          20	     185.185	     184.516	    0.651837
          21	     185.185	     184.548	    0.621574
          22	     185.185	     184.577	    0.593995
          23	     185.185	     184.604	    0.568757
          24	     185.185	     184.628	    0.545575
          25	     185.185	      184.65	    0.524207
          26	     185.185	     184.671	    0.504449
          27	     185.185	      184.69	    0.486125
          28	     185.185	     184.707	    0.469085
          29	     185.185	     184.724	    0.453199
          30	     185.185	     184.739	    0.438353
          31	     185.185	     184.754	    0.424449
          32	     185.185	     184.767	    0.411399
          33	     185.185	      184.78	    0.399127
          34	     185.185	     184.792	    0.387566
          35	     185.185	     184.803	    0.376656
          36	     185.185	     184.814	    0.366342
          37	     185.185	     184.824	    0.356579
          38	     185.185	     184.833	    0.347322
          39	     185.185	     184.842	    0.338534
          40	     185.185	     184.851	    0.330179
          41	     185.185	     184.859	    0.322226
          42	     185.185	     184.867	    0.314648
          43	     185.185	     184.874	    0.307418
          44	     185.185	     184.881	    0.300512
          45	     185.185	     184.888	     0.29391
          46	     185.185	     184.894	    0.287592
          47	     185.185	     184.901	    0.281539
          48	     185.185	     184.907	    0.275736
          49	     185.185	     184.912	    0.270168
          50	     185.185	     184.918	     0.26482
          51	     185.185	     184.923	    0.259679
          52	     185.185	     184.928	    0.254734
          53	     185.185	     184.933	    0.249974
          54	     185.185	     184.937	    0.245389
          55	     185.185	     184.942	    0.240968
          56	     185.185	     184.946	    0.236704
          57	     185.185	     184.951	    0.232589
          58	     185.185	     184.955	    0.228614
          59	     185.185	     184.958	    0.224772
          60	     185.185	     184.962	    0.221058
          61	     185.185	     184.966	    0.217464
          62	     185.185	     184.969	    0.213986
          63	     185.185	     184.973	    0.210616
          64	     185.185	     184.976	    0.207352
          65	     185.185	     184.979	    0.204186
          66	     185.185	     184.983	    0.201117
          67	     185.185	     184.986	    0.198138
          68	     185.185	     184.988	    0.195246
          69	     185.185	     184.991	    0.192437
          70	     185.185	     184.994	    0.189708
          71	     185.185	     184.997	    0.187055
          72	     185.185	     184.999	    0.184475
          73	     185.185	     185.002	    0.181965
          74	     185.185	     185.004	    0.179523
          75	     185.185	     185.007	    0.177146
          76	     185.185	     185.009	    0.174831
          77	     185.185	     185.011	    0.172575
          78	     185.185	     185.014	    0.170377
          79	     185.185	     185.016	    0.168234
          80	     185.185	     185.018	    0.166144
          81	     185.185	      185.02	    0.164106
          82	     185.185	     185.022	    0.162117
          83	     185.185	     185.024	    0.160176
          84	     185.185	     185.026	     0.15828
          85	     185.185	     185.028	    0.156429
          86	     185.185	      185.03	    0.154621
          87	     185.185	     185.031	    0.152854
          88	     185.185	     185.033	    0.151127
          89	     185.185	     185.035	    0.149439
          90	     185.185	     185.037	    0.147788
          91	     185.185	     185.038	    0.146173
          92	     185.185	      185.04	    0.144593
          93	     185.185	     185.041	    0.143046
          94	     185.185	     185.043	    0.141533
          95	     185.185	     185.044	    0.140051
          96	     185.185	     185.046	      0.1386
          97	     185.185	     185.047	    0.137178
          98	     185.185	     185.049	    0.135786
          99	     185.185	      185.05	    0.134421
         100	     185.185	     185.051	    0.133084
