#     BLOCK:   ACTUAL_TE:    TE_AVE:      ERROR:
               1	        -0.37668	        -0.37668	               0
               2	       -0.375424	       -0.376052	     0.000444063
               3	       -0.376824	       -0.376309	     0.000363026
               4	       -0.372384	       -0.375328	     0.000892408
               5	       -0.373232	       -0.374909	     0.000806396
               6	        -0.37432	       -0.374811	     0.000677941
               7	       -0.376648	       -0.375073	     0.000629857
               8	       -0.377168	       -0.375335	     0.000603106
               9	       -0.377976	       -0.375628	     0.000603274
              10	        -0.37516	       -0.375582	     0.000544762
              11	       -0.377376	       -0.375745	     0.000519088
              12	       -0.376272	       -0.375789	     0.000477687
              13	       -0.375288	        -0.37575	     0.000442491
              14	       -0.377896	       -0.375903	     0.000436625
              15	       -0.376344	       -0.375933	     0.000408503
              16	       -0.379424	       -0.376151	     0.000437382
              17	       -0.379312	       -0.376337	     0.000449443
              18	       -0.375696	       -0.376301	     0.000425882
              19	       -0.374728	       -0.376219	     0.000411439
              20	       -0.374152	       -0.376115	     0.000403633
              21	       -0.378336	       -0.376221	     0.000398025
              22	        -0.37624	       -0.376222	     0.000379934
              23	       -0.373216	       -0.376091	     0.000385236
              24	       -0.375912	       -0.376084	     0.000369257
              25	       -0.377976	       -0.376159	     0.000362162
              26	       -0.372064	       -0.376002	     0.000380949
              27	       -0.377656	       -0.376063	     0.000371734
              28	       -0.375496	       -0.376043	     0.000359009
              29	        -0.37584	       -0.376036	     0.000346697
              30	       -0.377216	       -0.376075	     0.000337365
              31	       -0.376304	       -0.376083	     0.000326563
              32	       -0.376696	       -0.376102	      0.00031692
              33	       -0.376608	       -0.376117	     0.000307688
              34	         -0.3736	       -0.376043	     0.000307415
              35	        -0.37764	       -0.376089	     0.000301999
              36	         -0.3776	       -0.376131	     0.000296514
              37	       -0.378264	       -0.376188	     0.000294052
              38	       -0.374736	        -0.37615	     0.000288787
              39	        -0.37244	       -0.376055	     0.000296638
              40	        -0.37776	       -0.376098	     0.000292268
              41	       -0.376776	       -0.376114	     0.000285608
              42	       -0.377088	       -0.376137	     0.000279747
              43	       -0.376736	       -0.376151	     0.000273588
              44	       -0.376856	       -0.376167	     0.000267838
              45	       -0.376096	       -0.376166	     0.000261891
              46	       -0.375616	       -0.376154	      0.00025647
              47	       -0.377632	       -0.376185	     0.000252934
              48	       -0.375008	       -0.376161	     0.000248851
              49	        -0.37508	       -0.376139	     0.000244748
              50	         -0.3778	       -0.376172	     0.000242098
              51	        -0.37616	       -0.376172	     0.000237351
              52	       -0.376904	       -0.376186	     0.000233204
              53	        -0.37456	       -0.376155	     0.000230812
              54	       -0.377688	       -0.376183	     0.000228277
              55	       -0.376152	       -0.376183	     0.000224128
              56	        -0.37572	       -0.376175	     0.000220278
              57	       -0.376896	       -0.376187	     0.000216776
              58	         -0.3762	       -0.376187	     0.000213039
              59	       -0.372496	       -0.376125	     0.000218423
              60	       -0.375272	       -0.376111	     0.000215244
              61	       -0.375752	       -0.376105	     0.000211796
              62	       -0.376704	       -0.376114	       0.0002086
              63	       -0.374464	       -0.376088	     0.000206928
              64	       -0.374848	       -0.376069	       0.0002046
              65	        -0.37776	       -0.376095	       0.0002031
              66	       -0.375736	       -0.376089	     0.000200095
              67	       -0.373432	        -0.37605	     0.000201001
              68	       -0.375376	        -0.37604	     0.000198289
              69	       -0.374808	       -0.376022	     0.000196218
              70	       -0.376448	       -0.376028	     0.000193509
              71	       -0.373688	       -0.375995	      0.00019357
              72	       -0.376912	       -0.376008	       0.0001913
              73	       -0.375272	       -0.375998	     0.000188945
              74	        -0.37796	       -0.376024	     0.000188243
              75	        -0.37728	       -0.376041	     0.000186476
              76	       -0.374376	       -0.376019	     0.000185305
              77	       -0.376216	       -0.376022	     0.000182916
              78	         -0.3744	       -0.376001	     0.000181749
              79	       -0.373184	       -0.375965	     0.000182913
              80	         -0.3772	       -0.375981	     0.000181276
              81	       -0.376576	       -0.375988	     0.000179187
              82	       -0.375744	       -0.375985	     0.000177027
              83	       -0.378656	       -0.376017	     0.000177794
              84	       -0.375728	       -0.376014	     0.000175711
              85	        -0.37736	        -0.37603	     0.000174356
              86	       -0.375032	       -0.376018	     0.000172714
              87	       -0.376944	       -0.376029	     0.000171057
              88	       -0.374528	       -0.376012	     0.000169961
              89	       -0.374432	       -0.375994	     0.000168975
              90	       -0.377472	        -0.37601	     0.000167894
              91	       -0.375032	          -0.376	     0.000166393
              92	        -0.37672	       -0.376007	     0.000164769
              93	       -0.375808	       -0.376005	     0.000163011
              94	       -0.376712	       -0.376013	      0.00016145
              95	       -0.374424	       -0.375996	     0.000160614
              96	       -0.374832	       -0.375984	     0.000159398
              97	       -0.374536	       -0.375969	     0.000158452
              98	       -0.376376	       -0.375973	      0.00015689
              99	       -0.377872	       -0.375992	     0.000156473
             100	       -0.375184	       -0.375984	     0.000155117
             101	       -0.376216	       -0.375987	     0.000153598
             102	        -0.37732	          -0.376	     0.000152648
             103	       -0.376072	          -0.376	     0.000151167
             104	       -0.373816	       -0.375979	     0.000151166
             105	       -0.374552	       -0.375966	     0.000150336
             106	       -0.374904	       -0.375956	     0.000149251
             107	        -0.37512	       -0.375948	     0.000148061
             108	       -0.377352	       -0.375961	     0.000147259
             109	         -0.3772	       -0.375972	     0.000146346
             110	       -0.377384	       -0.375985	     0.000145578
             111	       -0.376416	       -0.375989	     0.000144318
             112	       -0.374848	       -0.375979	     0.000143388
             113	       -0.375232	       -0.375972	     0.000142272
             114	       -0.379024	       -0.375999	      0.00014352
             115	       -0.375472	       -0.375994	     0.000142345
             116	       -0.372584	       -0.375965	     0.000144122
             117	       -0.377256	       -0.375976	     0.000143312
             118	       -0.375088	       -0.375968	     0.000142295
             119	       -0.376456	       -0.375973	     0.000141158
             120	       -0.373872	       -0.375955	     0.000141063
             121	       -0.374944	       -0.375947	     0.000140145
             122	       -0.374464	       -0.375935	     0.000139522
             123	       -0.376368	       -0.375938	     0.000138432
             124	        -0.37716	       -0.375948	     0.000137666
             125	       -0.373168	       -0.375926	     0.000138349
             126	        -0.37632	       -0.375929	     0.000137287
             127	       -0.374112	       -0.375915	     0.000136949
             128	       -0.377488	       -0.375927	      0.00013643
             129	       -0.376416	       -0.375931	     0.000135425
             130	       -0.376296	       -0.375933	     0.000134412
             131	        -0.37356	       -0.375915	     0.000134602
             132	         -0.3756	       -0.375913	     0.000133603
             133	       -0.376648	       -0.375918	     0.000132713
             134	       -0.376936	       -0.375926	      0.00013194
             135	       -0.376912	       -0.375933	     0.000131164
             136	       -0.375904	       -0.375933	       0.0001302
             137	       -0.375872	       -0.375933	     0.000129251
             138	       -0.374568	       -0.375923	     0.000128692
             139	       -0.376168	       -0.375925	     0.000127778
             140	         -0.3768	       -0.375931	     0.000127018
             141	         -0.3746	       -0.375921	     0.000126467
             142	       -0.374008	       -0.375908	     0.000126293
             143	       -0.374104	       -0.375895	     0.000126038
             144	       -0.374456	       -0.375885	     0.000125558
             145	       -0.376408	       -0.375889	     0.000124744
             146	       -0.378336	       -0.375906	     0.000125011
             147	       -0.375728	       -0.375904	     0.000124166
             148	       -0.378072	       -0.375919	     0.000124188
             149	       -0.374568	        -0.37591	     0.000123685
             150	       -0.375552	       -0.375908	     0.000122883
             151	       -0.377096	       -0.375915	     0.000122321
             152	       -0.378424	       -0.375932	     0.000122625
             153	       -0.376864	       -0.375938	     0.000121975
             154	       -0.374992	       -0.375932	     0.000121337
             155	       -0.375784	       -0.375931	     0.000120558
             156	       -0.374848	       -0.375924	     0.000119985
             157	       -0.374992	       -0.375918	     0.000119368
             158	       -0.377048	       -0.375925	     0.000118826
             159	       -0.374448	       -0.375916	     0.000118441
             160	       -0.373576	       -0.375901	     0.000118601
             161	        -0.37512	       -0.375896	     0.000117963
             162	       -0.376128	       -0.375898	     0.000117244
             163	       -0.376344	       -0.375901	     0.000116556
             164	       -0.376648	       -0.375905	     0.000115935
             165	       -0.378464	       -0.375921	     0.000116265
             166	        -0.37804	       -0.375933	     0.000116263
             167	       -0.376528	       -0.375937	     0.000115621
             168	       -0.376536	       -0.375941	     0.000114988
             169	       -0.376952	       -0.375947	     0.000114463
             170	       -0.375208	       -0.375942	     0.000113873
             171	       -0.376624	       -0.375946	     0.000113276
             172	         -0.3774	       -0.375955	     0.000112933
             173	       -0.374424	       -0.375946	     0.000112626
             174	        -0.37236	       -0.375925	     0.000113849
             175	       -0.375288	       -0.375922	     0.000113256
             176	       -0.373784	       -0.375909	     0.000113262
             177	       -0.374664	       -0.375902	      0.00011284
             178	        -0.37576	       -0.375902	     0.000112209
             179	        -0.37576	       -0.375901	     0.000111585
             180	       -0.376456	       -0.375904	     0.000111008
             181	       -0.374968	       -0.375899	     0.000110515
             182	       -0.376344	       -0.375901	     0.000109935
             183	       -0.375904	       -0.375901	     0.000109334
             184	        -0.37512	       -0.375897	     0.000108822
             185	         -0.3734	       -0.375883	     0.000109068
             186	       -0.377712	       -0.375893	     0.000108924
             187	       -0.373368	        -0.37588	     0.000109175
             188	       -0.375328	       -0.375877	     0.000108634
             189	       -0.378168	       -0.375889	     0.000108733
             190	       -0.377264	       -0.375896	     0.000108402
             191	       -0.377264	       -0.375903	      0.00010807
             192	       -0.377792	       -0.375913	     0.000107954
             193	       -0.376488	       -0.375916	     0.000107436
             194	       -0.373832	       -0.375905	     0.000107418
             195	        -0.37752	       -0.375914	     0.000107186
             196	       -0.375016	       -0.375909	     0.000106737
             197	       -0.373096	       -0.375895	     0.000107146
             198	        -0.37664	       -0.375899	     0.000106671
             199	       -0.372432	       -0.375881	     0.000107548
             200	       -0.374672	       -0.375875	      0.00010718
             201	       -0.378768	        -0.37589	     0.000107609
             202	       -0.378264	       -0.375901	     0.000107716
             203	         -0.3766	       -0.375905	      0.00010724
             204	       -0.376048	       -0.375905	     0.000106717
             205	       -0.377272	       -0.375912	     0.000106404
             206	       -0.376264	       -0.375914	     0.000105902
             207	       -0.376512	       -0.375917	     0.000105429
             208	         -0.3738	       -0.375907	     0.000105412
             209	       -0.374344	       -0.375899	     0.000105173
             210	       -0.376632	       -0.375903	      0.00010473
             211	       -0.374512	       -0.375896	     0.000104441
             212	       -0.373096	       -0.375883	      0.00010478
             213	       -0.374784	       -0.375878	     0.000104415
             214	       -0.375896	       -0.375878	     0.000103927
             215	       -0.375288	       -0.375875	      0.00010348
             216	       -0.376248	       -0.375877	     0.000103015
             217	       -0.374904	       -0.375872	     0.000102638
             218	       -0.376704	       -0.375876	     0.000102238
             219	        -0.37668	        -0.37588	     0.000101837
             220	       -0.375864	        -0.37588	     0.000101374
             221	       -0.377408	       -0.375887	     0.000101151
             222	       -0.375432	       -0.375884	     0.000100716
             223	       -0.374656	       -0.375879	     0.000100415
             224	       -0.374208	       -0.375872	     0.000100243
             225	         -0.3742	       -0.375864	     0.000100073
             226	        -0.37564	       -0.375863	     9.96349e-05
             227	       -0.375376	       -0.375861	     9.92191e-05
             228	       -0.373752	       -0.375852	     9.92142e-05
             229	         -0.3724	       -0.375837	     9.99193e-05
             230	       -0.376304	       -0.375839	     9.95055e-05
             231	       -0.373224	       -0.375827	     9.97165e-05
             232	        -0.37492	       -0.375823	     9.93633e-05
             233	       -0.373608	       -0.375814	     9.93907e-05
             234	       -0.377592	       -0.375822	      9.9256e-05
             235	        -0.37636	       -0.375824	     9.88601e-05
             236	       -0.377304	        -0.37583	       9.864e-05
             237	       -0.377152	       -0.375836	     9.83814e-05
             238	       -0.376624	       -0.375839	     9.80237e-05
             239	         -0.3764	       -0.375841	     9.76417e-05
             240	       -0.377384	       -0.375848	     9.74462e-05
             241	         -0.3762	       -0.375849	     9.70528e-05
             242	       -0.376464	       -0.375852	      9.6685e-05
             243	       -0.374696	       -0.375847	     9.64041e-05
             244	       -0.376504	        -0.37585	     9.60466e-05
             245	       -0.374456	       -0.375844	     9.58228e-05
             246	        -0.37732	        -0.37585	      9.5621e-05
             247	       -0.376224	       -0.375851	     9.52458e-05
             248	        -0.37664	       -0.375855	     9.49148e-05
             249	       -0.375424	       -0.375853	     9.45494e-05
             250	       -0.375968	       -0.375853	     9.41723e-05
             251	        -0.37612	       -0.375854	     9.38031e-05
             252	       -0.377328	        -0.37586	      9.3613e-05
             253	        -0.37616	       -0.375862	     9.32505e-05
             254	       -0.375448	        -0.37586	     9.28975e-05
             255	       -0.375376	       -0.375858	     9.25526e-05
             256	       -0.374408	       -0.375852	     9.23642e-05
             257	       -0.374624	       -0.375848	     9.21284e-05
             258	       -0.376128	       -0.375849	     9.17777e-05
             259	       -0.375688	       -0.375848	     9.14255e-05
             260	       -0.375344	       -0.375846	     9.10944e-05
             261	       -0.374584	       -0.375841	     9.08736e-05
             262	       -0.374656	       -0.375837	     9.06393e-05
             263	       -0.375936	       -0.375837	     9.02954e-05
             264	       -0.375536	       -0.375836	     8.99606e-05
             265	       -0.376936	        -0.37584	     8.97169e-05
             266	       -0.377632	       -0.375847	     8.96321e-05
             267	        -0.37508	       -0.375844	     8.93424e-05
             268	        -0.37416	       -0.375838	     8.92298e-05
             269	       -0.375504	       -0.375836	     8.89067e-05
             270	       -0.379376	        -0.37585	     8.95387e-05
             271	       -0.375104	       -0.375847	     8.92505e-05
             272	       -0.378096	       -0.375855	     8.93047e-05
             273	       -0.372688	       -0.375843	     8.97279e-05
             274	       -0.376192	       -0.375845	     8.94094e-05
             275	       -0.377664	       -0.375851	     8.93287e-05
             276	       -0.378096	       -0.375859	     8.93745e-05
             277	       -0.374816	       -0.375856	     8.91312e-05
             278	        -0.37492	       -0.375852	     8.88741e-05
             279	       -0.376544	       -0.375855	     8.85901e-05
             280	        -0.37584	       -0.375855	     8.82738e-05
             281	         -0.3758	       -0.375855	     8.79598e-05
             282	       -0.377912	       -0.375862	       8.795e-05
             283	       -0.374912	       -0.375859	     8.77032e-05
             284	       -0.377312	       -0.375864	     8.75436e-05
             285	       -0.378832	       -0.375874	     8.78538e-05
             286	       -0.377304	       -0.375879	     8.76888e-05
             287	         -0.3736	       -0.375871	     8.77421e-05
             288	       -0.376464	       -0.375873	     8.74616e-05
             289	       -0.375544	       -0.375872	     8.71664e-05
             290	       -0.373632	       -0.375864	     8.72073e-05
             291	       -0.375808	       -0.375864	     8.69079e-05
             292	       -0.378296	       -0.375872	     8.70084e-05
             293	       -0.377432	       -0.375878	     8.68741e-05
             294	       -0.377008	       -0.375882	     8.66636e-05
             295	       -0.376256	       -0.375883	     8.63791e-05
             296	       -0.375272	       -0.375881	      8.6112e-05
             297	        -0.37764	       -0.375887	     8.60255e-05
             298	       -0.375496	       -0.375885	     8.57468e-05
             299	       -0.377344	        -0.37589	     8.55987e-05
             300	       -0.374648	       -0.375886	     8.54135e-05
             301	       -0.374944	       -0.375883	      8.5187e-05
             302	        -0.37632	       -0.375884	     8.49172e-05
             303	       -0.376544	       -0.375887	     8.46649e-05
             304	       -0.372744	       -0.375876	     8.50152e-05
             305	       -0.376368	       -0.375878	     8.47517e-05
             306	       -0.375952	       -0.375878	     8.44751e-05
             307	        -0.37532	       -0.375876	     8.42195e-05
             308	       -0.375184	       -0.375874	      8.3976e-05
             309	       -0.374008	       -0.375868	     8.39211e-05
             310	        -0.37448	       -0.375864	     8.37698e-05
             311	       -0.374424	       -0.375859	     8.36282e-05
             312	       -0.376312	        -0.37586	     8.33728e-05
             313	       -0.374976	       -0.375858	     8.31543e-05
             314	       -0.376752	        -0.37586	     8.29382e-05
             315	       -0.376232	       -0.375862	     8.26833e-05
             316	       -0.371216	       -0.375847	     8.37184e-05
             317	       -0.376104	       -0.375848	     8.34583e-05
             318	       -0.374784	       -0.375844	     8.32628e-05
             319	       -0.373112	       -0.375836	     8.34412e-05
             320	          -0.378	       -0.375843	     8.34541e-05
             321	        -0.37472	       -0.375839	     8.32674e-05
             322	       -0.373072	        -0.37583	      8.3451e-05
             323	        -0.37572	        -0.37583	     8.31934e-05
             324	       -0.375888	        -0.37583	     8.29368e-05
             325	       -0.374424	       -0.375826	     8.27944e-05
             326	       -0.376488	       -0.375828	     8.25653e-05
             327	       -0.377776	       -0.375834	     8.25275e-05
             328	       -0.374848	       -0.375831	     8.23306e-05
             329	        -0.37456	       -0.375827	     8.21709e-05
             330	        -0.37492	       -0.375824	     8.19679e-05
             331	        -0.37416	       -0.375819	     8.18743e-05
             332	        -0.37756	       -0.375825	     8.17954e-05
             333	       -0.377456	       -0.375829	     8.16964e-05
             334	        -0.37852	       -0.375838	      8.1848e-05
             335	        -0.37492	       -0.375835	     8.16494e-05
             336	       -0.378552	       -0.375843	     8.18059e-05
             337	       -0.373112	       -0.375835	     8.19636e-05
             338	       -0.376464	       -0.375837	     8.17422e-05
             339	       -0.376464	       -0.375838	      8.1522e-05
             340	       -0.376504	        -0.37584	     8.13058e-05
             341	       -0.375816	        -0.37584	     8.10674e-05
             342	       -0.376096	       -0.375841	     8.08338e-05
             343	       -0.376696	       -0.375844	     8.06365e-05
             344	        -0.37664	       -0.375846	     8.04353e-05
             345	       -0.374792	       -0.375843	     8.02602e-05
             346	       -0.377856	       -0.375849	     8.02388e-05
             347	       -0.374936	       -0.375846	     8.00507e-05
             348	       -0.375784	       -0.375846	     7.98209e-05
             349	       -0.376944	       -0.375849	     7.96541e-05
             350	       -0.376136	        -0.37585	     7.94308e-05
             351	       -0.376096	       -0.375851	     7.92076e-05
             352	       -0.374808	       -0.375848	     7.90379e-05
             353	       -0.374048	       -0.375842	     7.89782e-05
             354	       -0.377304	       -0.375847	      7.8863e-05
             355	       -0.375352	       -0.375845	     7.86531e-05
             356	       -0.375824	       -0.375845	     7.84322e-05
             357	       -0.376016	       -0.375846	      7.8214e-05
             358	        -0.37332	       -0.375839	      7.8313e-05
             359	       -0.372448	       -0.375829	     7.86623e-05
             360	       -0.372736	       -0.375821	     7.89117e-05
             361	        -0.37584	       -0.375821	     7.86931e-05
             362	       -0.376504	       -0.375822	     7.84984e-05
             363	       -0.374024	       -0.375818	     7.84383e-05
             364	        -0.37588	       -0.375818	      7.8223e-05
             365	       -0.376376	       -0.375819	     7.80236e-05
             366	       -0.375816	       -0.375819	     7.78105e-05
             367	       -0.376184	        -0.37582	     7.76048e-05
             368	       -0.376464	       -0.375822	     7.74136e-05
             369	       -0.376544	       -0.375824	     7.72286e-05
             370	       -0.376912	       -0.375827	     7.70758e-05
             371	       -0.377784	       -0.375832	     7.70484e-05
             372	       -0.376488	       -0.375834	     7.68614e-05
             373	        -0.38032	       -0.375846	     7.75906e-05
             374	       -0.376992	       -0.375849	     7.74437e-05
             375	        -0.37636	        -0.37585	     7.72491e-05
             376	       -0.376112	       -0.375851	     7.70468e-05
             377	       -0.377464	       -0.375855	     7.69611e-05
             378	       -0.374952	       -0.375853	     7.67946e-05
             379	       -0.375528	       -0.375852	     7.65968e-05
             380	       -0.374688	       -0.375849	     7.64565e-05
             381	       -0.375864	       -0.375849	     7.62558e-05
             382	          -0.374	       -0.375844	     7.62096e-05
             383	       -0.375056	       -0.375842	     7.60384e-05
             384	        -0.37704	       -0.375845	     7.59044e-05
             385	        -0.37444	       -0.375842	     7.57949e-05
             386	       -0.374992	       -0.375839	     7.56305e-05
             387	       -0.375224	       -0.375838	     7.54518e-05
             388	       -0.376496	        -0.37584	     7.52764e-05
             389	       -0.376024	        -0.37584	     7.50844e-05
             390	       -0.376088	       -0.375841	     7.48946e-05
             391	       -0.375152	       -0.375839	     7.47237e-05
             392	       -0.377312	       -0.375843	     7.46276e-05
             393	       -0.373128	       -0.375836	     7.47567e-05
             394	       -0.375936	       -0.375836	     7.45674e-05
             395	       -0.377984	       -0.375841	     7.45766e-05
             396	       -0.376672	       -0.375844	     7.44178e-05
             397	       -0.374352	        -0.37584	     7.43251e-05
             398	       -0.374272	       -0.375836	     7.42427e-05
             399	          -0.375	       -0.375834	     7.40861e-05
             400	       -0.372536	       -0.375826	     7.43582e-05
             401	       -0.376912	       -0.375828	     7.42221e-05
             402	       -0.373864	       -0.375823	     7.41982e-05
             403	        -0.37608	       -0.375824	     7.40168e-05
             404	       -0.379984	       -0.375834	     7.45464e-05
             405	        -0.37632	       -0.375835	      7.4372e-05
             406	       -0.376088	       -0.375836	     7.41914e-05
             407	       -0.374688	       -0.375833	     7.40627e-05
             408	       -0.377552	       -0.375837	     7.40009e-05
             409	        -0.37688	        -0.37584	     7.38638e-05
             410	         -0.3742	       -0.375836	     7.37919e-05
             411	        -0.37508	       -0.375834	     7.36353e-05
             412	         -0.3762	       -0.375835	     7.34619e-05
             413	       -0.373912	        -0.37583	     7.34315e-05
             414	       -0.374184	       -0.375826	     7.33617e-05
             415	       -0.375496	       -0.375826	     7.31893e-05
             416	       -0.376536	       -0.375827	     7.30332e-05
             417	       -0.377824	       -0.375832	     7.30149e-05
             418	       -0.373312	       -0.375826	     7.30887e-05
             419	        -0.37632	       -0.375827	     7.29238e-05
             420	       -0.375016	       -0.375825	     7.27757e-05
             421	       -0.375424	       -0.375824	     7.26091e-05
             422	        -0.37264	       -0.375817	     7.28281e-05
             423	       -0.375312	       -0.375816	     7.26657e-05
             424	       -0.378592	       -0.375822	     7.27887e-05
             425	        -0.37404	       -0.375818	     7.27382e-05
             426	       -0.374488	       -0.375815	     7.26344e-05
             427	       -0.376472	       -0.375816	     7.24806e-05
             428	        -0.37424	       -0.375813	     7.24048e-05
             429	       -0.376424	       -0.375814	       7.225e-05
             430	       -0.374824	       -0.375812	     7.21187e-05
             431	       -0.378264	       -0.375818	     7.21754e-05
             432	          -0.376	       -0.375818	     7.20096e-05
             433	       -0.374656	       -0.375815	     7.18933e-05
             434	       -0.377368	       -0.375819	     7.18166e-05
             435	        -0.37696	       -0.375821	     7.16994e-05
             436	       -0.378344	       -0.375827	      7.1768e-05
             437	         -0.3748	       -0.375825	     7.16422e-05
             438	       -0.376576	       -0.375827	     7.14992e-05
             439	       -0.374552	       -0.375824	     7.13952e-05
             440	        -0.37856	        -0.37583	     7.15033e-05
             441	       -0.374128	       -0.375826	     7.14452e-05
             442	       -0.375496	       -0.375825	     7.12875e-05
             443	       -0.374872	       -0.375823	     7.11591e-05
             444	       -0.374888	       -0.375821	       7.103e-05
             445	       -0.374944	       -0.375819	     7.08977e-05
             446	       -0.376856	       -0.375821	     7.07768e-05
             447	       -0.376656	       -0.375823	     7.06431e-05
             448	       -0.375712	       -0.375823	     7.04859e-05
             449	         -0.3742	       -0.375819	     7.04215e-05
             450	       -0.375416	       -0.375819	     7.02707e-05
             451	        -0.37544	       -0.375818	     7.01199e-05
             452	       -0.375312	       -0.375817	     6.99737e-05
             453	       -0.376552	       -0.375818	     6.98381e-05
             454	       -0.378528	       -0.375824	     6.99388e-05
             455	       -0.374424	       -0.375821	     6.98528e-05
             456	        -0.37436	       -0.375818	     6.97731e-05
             457	       -0.377192	       -0.375821	     6.96851e-05
             458	       -0.374752	       -0.375819	     6.95721e-05
             459	       -0.379512	       -0.375827	     6.98843e-05
             460	       -0.373464	       -0.375821	     6.99208e-05
             461	       -0.378408	       -0.375827	     6.99939e-05
             462	       -0.374608	       -0.375824	     6.98921e-05
             463	       -0.375416	       -0.375824	     6.97467e-05
             464	          -0.375	       -0.375822	      6.9619e-05
             465	       -0.374048	       -0.375818	     6.95737e-05
             466	         -0.3722	        -0.37581	     6.98563e-05
             467	       -0.375352	       -0.375809	     6.97136e-05
             468	       -0.375368	       -0.375808	      6.9571e-05
             469	       -0.373568	       -0.375804	     6.95865e-05
             470	       -0.375424	       -0.375803	     6.94431e-05
             471	        -0.37452	         -0.3758	      6.9349e-05
             472	       -0.373112	       -0.375794	     6.94355e-05
             473	        -0.37604	       -0.375795	     6.92907e-05
             474	        -0.37428	       -0.375792	     6.92182e-05
             475	       -0.376944	       -0.375794	     6.91149e-05
             476	       -0.377136	       -0.375797	     6.90272e-05
             477	       -0.376272	       -0.375798	     6.88897e-05
             478	       -0.374968	       -0.375796	     6.87674e-05
             479	       -0.373832	       -0.375792	      6.8746e-05
             480	       -0.375152	       -0.375791	     6.86157e-05
             481	       -0.373192	       -0.375785	     6.86855e-05
             482	         -0.3732	        -0.37578	     6.87521e-05
             483	       -0.376264	       -0.375781	      6.8617e-05
             484	       -0.375376	        -0.37578	     6.84804e-05
             485	       -0.376376	       -0.375781	     6.83502e-05
             486	       -0.377976	       -0.375786	     6.83586e-05
             487	       -0.374648	       -0.375784	     6.82581e-05
             488	       -0.378448	       -0.375789	     6.83363e-05
             489	       -0.374752	       -0.375787	     6.82294e-05
             490	       -0.374888	       -0.375785	     6.81148e-05
             491	         -0.3734	        -0.37578	     6.81491e-05
             492	        -0.37228	       -0.375773	     6.83809e-05
             493	       -0.375392	       -0.375772	     6.82465e-05
             494	       -0.374544	        -0.37577	     6.81537e-05
             495	       -0.376032	        -0.37577	      6.8018e-05
             496	       -0.377096	       -0.375773	     6.79334e-05
             497	       -0.376776	       -0.375775	     6.78267e-05
             498	       -0.375152	       -0.375774	      6.7702e-05
             499	       -0.372824	       -0.375768	     6.78239e-05
             500	        -0.37952	       -0.375775	     6.81022e-05
