#     BLOCK:   ACTUAL_CV:    CV_AVE:      ERROR:
           1	    0.133443	    0.133443	           0
           2	    0.125775	    0.129609	    0.002711
           3	    0.129369	    0.129529	  0.00180851
           4	    0.131717	    0.130076	  0.00143669
           5	    0.131144	     0.13029	  0.00116513
           6	    0.134524	    0.130995	  0.00116523
           7	    0.127246	     0.13046	  0.00111511
           8	     0.13678	     0.13125	  0.00122403
           9	    0.123567	    0.130396	  0.00135334
          10	      0.1264	    0.129997	  0.00127565
          11	    0.129378	     0.12994	  0.00116092
          12	    0.126126	    0.129622	  0.00110683
          13	    0.126436	    0.129377	  0.00104848
          14	    0.125851	    0.129125	   0.0010034
          15	    0.134349	    0.129474	   0.0009951
          16	    0.125851	    0.129247	 0.000958324
          17	    0.131488	    0.129379	 0.000910969
          18	    0.123906	    0.129075	 0.000909681
          19	     0.13728	    0.129507	 0.000958848
          20	    0.127724	    0.129418	 0.000915037
          21	    0.131404	    0.129512	 0.000876341
          22	    0.134937	    0.129759	 0.000870512
          23	    0.125585	    0.129577	 0.000851372
          24	    0.124514	    0.129366	  0.00084163
          25	    0.118523	    0.128933	  0.00091291
          26	    0.121017	    0.128628	 0.000927173
          27	    0.136254	    0.128911	 0.000934859
          28	    0.133204	    0.129064	 0.000913961
          29	    0.134097	    0.129238	 0.000898773
          30	    0.117678	    0.128852	 0.000947823
          31	    0.118291	    0.128512	 0.000976559
          32	    0.127408	    0.128477	 0.000946651
          33	    0.116959	    0.128128	 0.000980198
          34	    0.122306	    0.127957	 0.000966209
          35	    0.137592	    0.128232	 0.000977034
          36	    0.142477	    0.128628	   0.0010269
          37	    0.119596	    0.128384	  0.00102775
          38	    0.115417	    0.128042	  0.00105583
          39	    0.130642	    0.128109	  0.00103086
          40	    0.146098	    0.128559	  0.00109882
          41	    0.139422	    0.128824	   0.0011035
          42	    0.120857	    0.128634	  0.00109341
          43	    0.129403	    0.128652	  0.00106813
          44	    0.118601	    0.128424	    0.001068
          45	    0.132075	    0.128505	  0.00104735
          46	    0.130206	    0.128542	  0.00102523
          47	    0.128541	    0.128542	  0.00100342
          48	    0.131166	    0.128596	    0.000984
          49	     0.13214	    0.128669	 0.000966573
          50	    0.126445	    0.128624	 0.000948264
          51	    0.127156	    0.128595	 0.000930107
          52	    0.127707	    0.128578	 0.000912378
          53	    0.131462	    0.128633	 0.000896784
          54	    0.133333	     0.12872	 0.000884391
          55	    0.111077	    0.128399	 0.000924661
          56	    0.124658	    0.128332	  0.00091056
          57	    0.123002	    0.128239	 0.000899374
          58	    0.125608	    0.128193	 0.000885011
          59	    0.133391	    0.128281	 0.000874384
          60	    0.123511	    0.128202	 0.000863419
          61	    0.118377	    0.128041	 0.000864155
          62	    0.142485	    0.128274	 0.000881062
          63	    0.123847	    0.128204	 0.000869874
          64	    0.138548	    0.128365	  0.00087117
          65	    0.130768	    0.128402	 0.000858552
          66	    0.119572	    0.128268	 0.000855905
          67	    0.133866	    0.128352	 0.000847198
          68	    0.124371	    0.128293	 0.000836759
          69	    0.125874	    0.128258	 0.000825366
          70	    0.119633	    0.128135	 0.000822722
          71	    0.122623	    0.128058	  0.00081479
          72	    0.131157	    0.128101	 0.000804609
          73	     0.12085	    0.128001	 0.000799695
          74	    0.132619	    0.128064	 0.000791319
          75	    0.115013	     0.12789	 0.000799671
          76	    0.130543	    0.127925	 0.000789911
          77	    0.126912	    0.127911	 0.000779762
          78	    0.126878	    0.127898	 0.000769877
          79	    0.118824	    0.127783	 0.000768653
          80	    0.127068	    0.127774	 0.000759096
          81	    0.127645	    0.127773	 0.000749726
          82	     0.11734	    0.127645	 0.000751301
          83	    0.134183	    0.127724	 0.000746367
          84	    0.128501	    0.127734	 0.000737539
          85	    0.124845	      0.1277	 0.000729645
          86	    0.118753	    0.127595	 0.000728538
          87	    0.126965	    0.127588	   0.0007202
          88	    0.120013	    0.127502	 0.000717142
          89	    0.130681	    0.127538	 0.000709973
          90	    0.115822	    0.127408	 0.000713919
          91	    0.126514	    0.127398	 0.000706142
          92	    0.121258	    0.127331	 0.000701613
          93	    0.130593	    0.127366	 0.000694945
          94	    0.121167	      0.1273	 0.000690674
          95	    0.138272	    0.127416	 0.000692993
          96	    0.130266	    0.127445	  0.00068641
          97	    0.128989	    0.127461	 0.000679518
          98	    0.137081	     0.12756	 0.000679637
          99	    0.127619	     0.12756	 0.000672773
         100	    0.119994	    0.127484	 0.000670286
