#     BLOCK:   ACTUAL_CV:    CV_AVE:      ERROR:
           1	  -2.158e-09	  -2.158e-09	           0
           2	  -2.158e-09	  -2.158e-09	           0
           3	  -2.158e-09	  -2.158e-09	 1.60247e-17
           4	  -2.158e-09	  -2.158e-09	           0
           5	  -2.158e-09	  -2.158e-09	           0
           6	  -2.158e-09	  -2.158e-09	 1.13312e-17
           7	  -2.158e-09	  -2.158e-09	 1.04906e-17
           8	  -2.158e-09	  -2.158e-09	 9.81308e-18
           9	  -2.158e-09	  -2.158e-09	 9.25186e-18
          10	  -2.158e-09	  -2.158e-09	 8.77708e-18
          11	  -2.158e-09	  -2.158e-09	 8.36862e-18
          12	  -2.158e-09	  -2.158e-09	 8.01234e-18
          13	  -2.158e-09	  -2.158e-09	 7.69801e-18
          14	  -2.158e-09	  -2.158e-09	 7.41799e-18
          15	  -2.158e-09	  -2.158e-09	 7.16646e-18
          16	  -2.158e-09	  -2.158e-09	 6.93889e-18
          17	  -2.158e-09	  -2.158e-09	 6.73172e-18
          18	  -2.158e-09	  -2.158e-09	 6.54205e-18
          19	  -2.158e-09	  -2.158e-09	 6.36757e-18
          20	  -2.158e-09	  -2.158e-09	 6.20634e-18
          21	  -2.158e-09	  -2.158e-09	 6.05676e-18
          22	  -2.158e-09	  -2.158e-09	 5.91751e-18
          23	  -2.158e-09	  -2.158e-09	 5.78744e-18
          24	  -2.158e-09	  -2.158e-09	 5.66558e-18
          25	  -2.158e-09	  -2.158e-09	 5.55112e-18
          26	  -2.158e-09	  -2.158e-09	 5.44332e-18
          27	  -2.158e-09	  -2.158e-09	 5.34156e-18
          28	  -2.158e-09	  -2.158e-09	 5.24531e-18
          29	  -2.158e-09	  -2.158e-09	 5.15408e-18
          30	  -2.158e-09	  -2.158e-09	 5.06745e-18
          31	  -2.158e-09	  -2.158e-09	 4.98505e-18
          32	  -2.158e-09	  -2.158e-09	 4.90654e-18
          33	  -2.158e-09	  -2.158e-09	 4.83163e-18
          34	  -2.158e-09	  -2.158e-09	 4.76004e-18
          35	  -2.158e-09	  -2.158e-09	 4.69155e-18
          36	  -2.158e-09	  -2.158e-09	 4.62593e-18
          37	  -2.158e-09	  -2.158e-09	 4.56299e-18
          38	  -2.158e-09	  -2.158e-09	 4.50255e-18
          39	  -2.158e-09	  -2.158e-09	 4.44445e-18
          40	  -2.158e-09	  -2.158e-09	 4.38854e-18
          41	  -2.158e-09	  -2.158e-09	 4.33469e-18
          42	  -2.158e-09	  -2.158e-09	 4.28278e-18
          43	  -2.158e-09	  -2.158e-09	 4.23269e-18
          44	  -2.158e-09	  -2.158e-09	 4.18431e-18
          45	  -2.158e-09	  -2.158e-09	 4.13756e-18
          46	  -2.158e-09	  -2.158e-09	 4.09234e-18
          47	  -2.158e-09	  -2.158e-09	 4.04857e-18
          48	  -2.158e-09	  -2.158e-09	 4.00617e-18
          49	  -2.158e-09	  -2.158e-09	 3.96508e-18
          50	  -2.158e-09	  -2.158e-09	 3.92523e-18
          51	  -2.158e-09	  -2.158e-09	 3.88656e-18
          52	  -2.158e-09	  -2.158e-09	 3.84901e-18
          53	  -2.158e-09	  -2.158e-09	 3.81252e-18
          54	  -2.158e-09	  -2.158e-09	 3.77706e-18
          55	  -2.158e-09	  -2.158e-09	 3.74256e-18
          56	  -2.158e-09	  -2.158e-09	 3.70899e-18
          57	  -2.158e-09	  -2.158e-09	 3.67632e-18
          58	  -2.158e-09	  -2.158e-09	 3.64449e-18
          59	  -2.158e-09	  -2.158e-09	 3.61347e-18
          60	  -2.158e-09	  -2.158e-09	 3.58323e-18
          61	  -2.158e-09	  -2.158e-09	 3.55374e-18
          62	  -2.158e-09	  -2.158e-09	 3.52496e-18
          63	  -2.158e-09	  -2.158e-09	 3.49687e-18
          64	  -2.158e-09	  -2.158e-09	 3.46945e-18
          65	  -2.158e-09	  -2.158e-09	 3.44266e-18
          66	  -2.158e-09	  -2.158e-09	 3.41648e-18
          67	  -2.158e-09	  -2.158e-09	 3.39088e-18
          68	  -2.158e-09	  -2.158e-09	 3.36586e-18
          69	  -2.158e-09	  -2.158e-09	 3.34138e-18
          70	  -2.158e-09	  -2.158e-09	 3.31743e-18
          71	  -2.158e-09	  -2.158e-09	 3.29398e-18
          72	  -2.158e-09	  -2.158e-09	 3.27103e-18
          73	  -2.158e-09	  -2.158e-09	 3.24854e-18
          74	  -2.158e-09	  -2.158e-09	 3.22652e-18
          75	  -2.158e-09	  -2.158e-09	 3.20494e-18
          76	  -2.158e-09	  -2.158e-09	 3.18378e-18
          77	  -2.158e-09	  -2.158e-09	 3.16304e-18
          78	  -2.158e-09	  -2.158e-09	  3.1427e-18
          79	  -2.158e-09	  -2.158e-09	 3.12275e-18
          80	  -2.158e-09	  -2.158e-09	 3.10317e-18
          81	  -2.158e-09	  -2.158e-09	 3.08395e-18
          82	  -2.158e-09	  -2.158e-09	 3.06509e-18
          83	  -2.158e-09	  -2.158e-09	 3.04657e-18
          84	  -2.158e-09	  -2.158e-09	 3.02838e-18
          85	  -2.158e-09	  -2.158e-09	 3.01051e-18
          86	  -2.158e-09	  -2.158e-09	 2.99296e-18
          87	  -2.158e-09	  -2.158e-09	 2.97571e-18
          88	  -2.158e-09	  -2.158e-09	 2.95875e-18
          89	  -2.158e-09	  -2.158e-09	 2.94209e-18
          90	  -2.158e-09	  -2.158e-09	 2.92569e-18
          91	  -2.158e-09	  -2.158e-09	 2.90957e-18
          92	  -2.158e-09	  -2.158e-09	 2.89372e-18
          93	  -2.158e-09	  -2.158e-09	 2.87812e-18
          94	  -2.158e-09	  -2.158e-09	 2.86277e-18
          95	  -2.158e-09	  -2.158e-09	 2.84766e-18
          96	  -2.158e-09	  -2.158e-09	 2.83279e-18
          97	  -2.158e-09	  -2.158e-09	 2.81815e-18
          98	  -2.158e-09	  -2.158e-09	 2.80374e-18
          99	  -2.158e-09	  -2.158e-09	 2.78954e-18
         100	  -2.158e-09	  -2.158e-09	 2.77556e-18
