#     BLOCK:   ACTUAL_TE:    TE_AVE:      ERROR:
               1	        -0.42368	        -0.42368	               0
               2	         -0.4308	        -0.42724	       0.0025173
               3	        -0.43056	       -0.428347	        0.001906
               4	        -0.42728	        -0.42808	      0.00144803
               5	         -0.4312	       -0.428704	      0.00128587
               6	        -0.43424	       -0.429627	      0.00136296
               7	        -0.43872	       -0.430926	      0.00167668
               8	        -0.43672	        -0.43165	      0.00161598
               9	        -0.42112	        -0.43048	      0.00181111
              10	        -0.44008	        -0.43144	      0.00186717
              11	          -0.438	       -0.432036	      0.00179014
              12	        -0.43072	       -0.431927	      0.00164432
              13	        -0.42976	        -0.43176	      0.00152625
              14	        -0.43016	       -0.431646	      0.00142151
              15	        -0.42584	       -0.431259	      0.00137843
              16	        -0.43112	        -0.43125	       0.0012923
              17	        -0.42696	       -0.430998	      0.00124068
              18	         -0.4312	       -0.431009	       0.0011718
              19	        -0.43776	       -0.431364	      0.00116275
              20	        -0.44016	       -0.431804	      0.00118487
              21	        -0.42864	       -0.431653	      0.00113799
              22	         -0.4304	       -0.431596	      0.00108769
              23	        -0.42896	       -0.431482	      0.00104642
              24	        -0.42704	       -0.431297	      0.00101905
              25	        -0.43432	       -0.431418	     0.000985439
              26	         -0.4364	       -0.431609	      0.00096599
              27	        -0.42848	       -0.431493	      0.00093714
              28	        -0.42864	       -0.431391	     0.000909194
              29	        -0.43088	       -0.431374	     0.000878014
              30	        -0.41936	       -0.430973	     0.000935624
              31	        -0.43336	        -0.43105	     0.000908605
              32	        -0.42728	       -0.430932	     0.000887818
              33	        -0.42208	       -0.430664	      0.00090053
              34	        -0.42336	       -0.430449	     0.000899304
              35	         -0.4192	       -0.430128	     0.000929273
              36	        -0.43136	       -0.430162	     0.000904089
              37	        -0.42072	       -0.429907	     0.000914963
              38	        -0.43464	       -0.430032	     0.000899322
              39	        -0.43088	       -0.430053	     0.000876526
              40	        -0.43064	       -0.430068	     0.000854735
              41	        -0.42368	       -0.429912	      0.00084797
              42	         -0.4264	       -0.429829	     0.000831893
              43	        -0.42656	       -0.429753	     0.000816012
              44	         -0.4332	       -0.429831	     0.000801219
              45	        -0.43296	         -0.4299	     0.000786426
              46	        -0.42048	       -0.429696	     0.000795548
              47	        -0.43728	       -0.429857	     0.000794819
              48	        -0.43288	        -0.42992	     0.000780751
              49	        -0.42264	       -0.429771	     0.000778825
              50	        -0.42896	       -0.429755	     0.000763418
              51	        -0.43176	       -0.429795	      0.00074946
              52	        -0.44264	       -0.430042	      0.00077469
              53	         -0.4296	       -0.430033	     0.000760118
              54	        -0.44216	       -0.430258	     0.000778509
              55	        -0.42968	       -0.430247	     0.000764425
              56	        -0.43024	       -0.430247	     0.000750775
              57	        -0.42576	       -0.430168	     0.000741719
              58	         -0.4296	       -0.430159	     0.000728995
              59	        -0.43632	       -0.430263	     0.000724081
              60	        -0.43136	       -0.430281	     0.000712243
              61	        -0.42864	       -0.430254	     0.000701075
              62	        -0.43536	       -0.430337	     0.000694587
              63	        -0.42616	        -0.43027	     0.000686719
              64	        -0.43176	       -0.430294	     0.000676383
              65	        -0.42968	       -0.430284	     0.000666043
              66	        -0.42856	       -0.430258	     0.000656464
              67	        -0.43248	       -0.430291	     0.000647503
              68	        -0.42936	       -0.430278	     0.000638125
              69	        -0.43656	       -0.430369	      0.00063534
              70	        -0.43392	       -0.430419	     0.000628286
              71	        -0.42184	       -0.430299	      0.00063095
              72	        -0.42976	       -0.430291	     0.000622231
              73	        -0.42768	       -0.430255	     0.000614734
              74	        -0.43608	       -0.430334	     0.000611445
              75	        -0.43088	       -0.430341	     0.000603336
              76	        -0.42768	       -0.430306	     0.000596413
              77	        -0.42296	       -0.430211	     0.000596249
              78	        -0.43352	       -0.430253	     0.000590113
              79	        -0.43744	       -0.430344	     0.000589613
              80	        -0.43304	       -0.430378	     0.000583205
              81	        -0.43072	       -0.430382	      0.00057602
              82	        -0.41872	        -0.43024	      0.00058629
              83	        -0.44056	       -0.430364	     0.000592264
              84	        -0.42128	       -0.430256	     0.000595005
              85	        -0.42448	       -0.430188	     0.000591873
              86	        -0.42936	       -0.430179	     0.000585069
              87	        -0.43128	       -0.430191	     0.000578481
              88	        -0.42456	       -0.430127	     0.000575436
              89	        -0.43128	        -0.43014	     0.000569116
              90	        -0.43928	       -0.430242	     0.000571782
              91	        -0.43848	       -0.430332	      0.00057262
              92	        -0.43376	        -0.43037	     0.000567607
              93	        -0.44248	         -0.4305	     0.000576247
              94	         -0.4304	       -0.430499	     0.000570118
              95	        -0.43104	       -0.430504	     0.000564145
              96	        -0.42744	       -0.430473	     0.000559171
              97	        -0.42648	       -0.430431	     0.000554919
              98	        -0.42936	        -0.43042	     0.000549364
              99	        -0.43872	       -0.430504	     0.000550175
             100	         -0.4268	       -0.430467	     0.000545919
             101	        -0.42616	       -0.430425	     0.000542177
             102	          -0.428	       -0.430401	     0.000537382
             103	        -0.42856	       -0.430383	     0.000532462
             104	        -0.43528	        -0.43043	      0.00052942
             105	        -0.43032	       -0.430429	     0.000524379
             106	        -0.42632	        -0.43039	     0.000520863
             107	        -0.43392	       -0.430423	     0.000517038
             108	        -0.43056	       -0.430424	     0.000512253
             109	        -0.43368	       -0.430454	     0.000508423
             110	        -0.43376	       -0.430484	     0.000504688
             111	        -0.43504	       -0.430525	     0.000501808
             112	        -0.42384	       -0.430466	     0.000500865
             113	        -0.43144	       -0.430474	     0.000496507
             114	        -0.43912	        -0.43055	      0.00049791
             115	        -0.42856	       -0.430533	     0.000493881
             116	        -0.42424	       -0.430479	     0.000492593
             117	        -0.42656	       -0.430445	      0.00048952
             118	        -0.44656	       -0.430582	     0.000504062
             119	        -0.43256	       -0.430598	       0.0005001
             120	        -0.42792	       -0.430576	      0.00049643
             121	        -0.43056	       -0.430576	     0.000492328
             122	        -0.42552	       -0.430534	     0.000490033
             123	        -0.42552	       -0.430494	     0.000487742
             124	         -0.4364	       -0.430541	     0.000486129
             125	        -0.43568	       -0.430582	     0.000483975
             126	        -0.43152	        -0.43059	     0.000480191
             127	        -0.43384	       -0.430615	     0.000477092
             128	          -0.426	       -0.430579	     0.000474725
             129	        -0.42528	       -0.430538	     0.000472819
             130	         -0.4308	        -0.43054	     0.000469186
             131	        -0.44424	       -0.430645	     0.000477117
             132	        -0.43016	       -0.430641	     0.000473517
             133	        -0.42976	       -0.430635	     0.000470003
             134	         -0.4348	       -0.430666	     0.000467522
             135	        -0.42896	       -0.430653	      0.00046423
             136	        -0.42736	       -0.430629	     0.000461447
             137	         -0.4324	       -0.430642	      0.00045826
             138	        -0.43176	        -0.43065	     0.000455011
             139	         -0.4256	       -0.430614	     0.000453186
             140	         -0.4348	       -0.430643	     0.000450934
             141	        -0.43488	       -0.430673	     0.000448736
             142	        -0.43144	       -0.430679	     0.000445608
             143	        -0.42432	       -0.430634	     0.000444705
             144	        -0.43112	       -0.430638	      0.00044163
             145	        -0.43208	       -0.430648	     0.000438696
             146	        -0.43896	       -0.430705	      0.00043937
             147	        -0.42496	       -0.430666	     0.000438116
             148	        -0.43824	       -0.430717	     0.000438135
             149	        -0.43504	       -0.430746	     0.000436154
             150	        -0.42584	       -0.430713	     0.000434471
             151	        -0.42296	       -0.430662	     0.000434617
             152	        -0.43064	       -0.430662	     0.000431757
             153	        -0.42728	       -0.430639	     0.000429501
             154	          -0.436	       -0.430674	      0.00042812
             155	        -0.42672	       -0.430649	     0.000426117
             156	        -0.42984	       -0.430644	     0.000423417
             157	         -0.4324	       -0.430655	     0.000420868
             158	        -0.41968	       -0.430585	     0.000423898
             159	        -0.43416	       -0.430608	     0.000421827
             160	        -0.44016	       -0.430668	     0.000423395
             161	         -0.4304	       -0.430666	     0.000420768
             162	        -0.44304	       -0.430742	     0.000425047
             163	        -0.42664	       -0.430717	     0.000423184
             164	        -0.43496	       -0.430743	     0.000421394
             165	        -0.42856	        -0.43073	     0.000419048
             166	         -0.4284	       -0.430716	     0.000416758
             167	         -0.4336	       -0.430733	      0.00041462
             168	        -0.43016	        -0.43073	     0.000412166
             169	        -0.42208	       -0.430678	     0.000412893
             170	         -0.4264	       -0.430653	      0.00041123
             171	        -0.42816	       -0.430639	     0.000409084
             172	        -0.43592	       -0.430669	     0.000407856
             173	        -0.44192	       -0.430734	     0.000410651
             174	         -0.4164	       -0.430652	     0.000416472
             175	        -0.42848	        -0.43064	     0.000414277
             176	        -0.43784	        -0.43068	     0.000413938
             177	        -0.43352	       -0.430696	     0.000411911
             178	         -0.4252	       -0.430666	     0.000410752
             179	        -0.43848	       -0.430709	     0.000410771
             180	        -0.42856	       -0.430697	     0.000408662
             181	        -0.43776	       -0.430736	     0.000408263
             182	        -0.43944	       -0.430784	     0.000408811
             183	        -0.43192	        -0.43079	     0.000406624
             184	         -0.4328	       -0.430801	     0.000404561
             185	        -0.44064	       -0.430854	     0.000405855
             186	        -0.42448	        -0.43082	     0.000405117
             187	        -0.43344	       -0.430834	     0.000403193
             188	        -0.43176	       -0.430839	     0.000401078
             189	        -0.41912	       -0.430777	     0.000403721
             190	        -0.43296	       -0.430789	     0.000401759
             191	        -0.42856	       -0.430777	     0.000399825
             192	         -0.4308	       -0.430777	     0.000397743
             193	        -0.42792	       -0.430762	     0.000395958
             194	        -0.43416	        -0.43078	     0.000394304
             195	        -0.41872	       -0.430718	     0.000397102
             196	        -0.42256	       -0.430676	     0.000397251
             197	        -0.43904	       -0.430719	     0.000397497
             198	         -0.4224	       -0.430677	     0.000397704
             199	        -0.43232	       -0.430685	     0.000395791
             200	         -0.4292	       -0.430678	     0.000393882
