#     BLOCK:   ACTUAL_M:     M_AVE:       ERROR:
           1	     0.02008	     0.02008	           0
           2	     0.02212	      0.0211	 0.000721249
           3	     0.03152	   0.0245733	  0.00287644
           4	     0.00212	     0.01896	  0.00531848
           5	     0.01932	    0.019032	  0.00425527
           6	     0.00184	   0.0161667	  0.00440639
           7	     0.02708	   0.0177257	  0.00404332
           8	     0.01312	     0.01715	  0.00357866
           9	     0.02256	   0.0177511	  0.00323112
          10	     0.04328	    0.020304	  0.00378444
          11	     0.00964	   0.0193345	  0.00356241
          12	     0.01128	   0.0186633	  0.00332818
          13	      0.0136	   0.0182738	  0.00309487
          14	     0.01436	   0.0179943	  0.00288641
          15	     0.02784	   0.0186507	  0.00276761
          16	    -0.00216	     0.01735	  0.00288411
          17	     0.02068	   0.0175459	   0.0027211
          18	     0.01212	   0.0172444	  0.00258657
          19	     0.02948	   0.0178884	  0.00252933
          20	     0.01524	    0.017756	  0.00240633
          21	       0.018	   0.0177676	  0.00229177
          22	    -0.00108	   0.0169109	  0.00234226
          23	     -0.0008	   0.0161409	  0.00236361
          24	     0.01524	   0.0161033	  0.00226543
          25	     0.01664	   0.0161248	  0.00217491
          26	     0.01324	   0.0160138	  0.00209409
          27	     0.02424	   0.0163185	  0.00203858
          28	     0.00508	   0.0159171	  0.00200489
          29	     0.02368	   0.0161848	  0.00195355
          30	     0.00152	    0.015696	  0.00194863
          31	     0.00392	   0.0153161	  0.00192244
          32	     0.00444	   0.0149762	  0.00189217
          33	     0.00916	      0.0148	  0.00184302
          34	     0.00704	   0.0145718	  0.00180289
          35	     0.00988	   0.0144377	  0.00175636
          36	    -0.00284	   0.0139578	  0.00177193
          37	    -0.00156	   0.0135384	  0.00177298
          38	       0.026	   0.0138663	  0.00175639
          39	     0.01728	   0.0139538	  0.00171353
          40	     0.01344	    0.013941	  0.00167074
          41	       0.029	   0.0143083	  0.00166988
          42	     0.00948	   0.0141933	  0.00163407
          43	     0.01536	   0.0142205	  0.00159629
          44	     0.03004	     0.01458	  0.00159999
          45	     0.01696	   0.0146329	  0.00156531
          46	     -0.0022	    0.014267	  0.00157347
          47	      0.0062	   0.0140953	  0.00154933
          48	      0.0008	   0.0138183	  0.00154161
          49	     0.02184	    0.013982	  0.00151882
          50	     -0.0002	   0.0136984	  0.00151469
          51	     0.01416	   0.0137075	  0.00148502
          52	     -0.0092	   0.0132669	   0.0015204
          53	     0.02256	   0.0134423	  0.00150179
          54	     0.02088	     0.01358	  0.00148028
          55	      0.0126	   0.0135622	  0.00145347
          56	     0.01164	   0.0135279	  0.00142793
          57	     0.00584	    0.013393	  0.00140923
          58	     0.02672	   0.0136228	  0.00140354
          59	     0.01688	    0.013678	  0.00138084
          60	     0.01624	   0.0137207	  0.00135848
          61	     0.02216	    0.013859	  0.00134324
          62	     0.00612	   0.0137342	  0.00132736
          63	     0.00496	   0.0135949	  0.00131358
          64	     0.01408	   0.0136025	  0.00129307
          65	     0.01772	   0.0136658	  0.00127473
          66	     0.03904	   0.0140503	  0.00131211
          67	     0.01152	   0.0140125	  0.00129307
          68	     0.00212	   0.0138376	  0.00128583
          69	     0.01004	   0.0137826	  0.00126837
          70	     0.00476	   0.0136537	  0.00125678
          71	     0.02236	   0.0137763	  0.00124505
          72	      0.0052	   0.0136572	  0.00123344
          73	     0.03136	   0.0138997	  0.00124016
          74	     0.00404	   0.0137665	  0.00123053
          75	     0.01748	    0.013816	  0.00121512
          76	    -0.00072	   0.0136247	  0.00121409
          77	     0.01528	   0.0136462	  0.00119852
          78	     0.01916	   0.0137169	  0.00118523
          79	      0.0216	   0.0138167	  0.00117442
          80	     0.03036	   0.0140235	  0.00117781
          81	      0.0004	   0.0138553	  0.00117522
          82	     0.02644	   0.0140088	  0.00117086
          83	     0.02708	   0.0141663	   0.0011673
          84	       4e-05	   0.0139981	  0.00116545
          85	    -0.00244	   0.0138047	  0.00116768
          86	     0.01552	   0.0138247	  0.00115427
          87	     0.03856	    0.014109	   0.0011755
          88	     0.01104	   0.0140741	  0.00116266
          89	     0.00932	   0.0140207	  0.00115082
          90	     0.01172	   0.0139951	  0.00113831
          91	     0.00944	   0.0139451	  0.00112691
          92	    -0.00052	   0.0137878	  0.00112557
          93	     0.01692	   0.0138215	  0.00111397
          94	     0.00392	   0.0137162	  0.00110709
          95	     0.02048	   0.0137874	  0.00109772
          96	     0.00048	   0.0136487	  0.00109501
          97	     0.01544	   0.0136672	  0.00108387
          98	     0.01748	   0.0137061	  0.00107351
          99	     0.00144	   0.0135822	  0.00106979
         100	     0.02816	    0.013728	  0.00106898
