#     BLOCK:   ACTUAL_M:     M_AVE:       ERROR:
           1	    0.018916	    0.018916	           0
           2	     0.01844	    0.018678	 0.000168291
           3	    0.009288	    0.015548	   0.0025581
           4	     0.01398	    0.015156	  0.00194838
           5	    0.021344	   0.0163936	  0.00191177
           6	      0.0142	    0.016028	  0.00162773
           7	    0.024188	   0.0171937	   0.0017639
           8	    0.013772	    0.016766	  0.00159442
           9	    0.017084	   0.0168013	  0.00141766
          10	      0.0151	   0.0166312	  0.00128606
          11	     0.01846	   0.0167975	  0.00117984
          12	    0.017528	   0.0168583	  0.00108309
          13	    0.017108	   0.0168775	 0.000999946
          14	    0.016396	   0.0168431	 0.000929113
          15	    0.019004	   0.0169872	 0.000878269
          16	    0.017688	    0.017031	 0.000824469
          17	    0.014312	   0.0168711	 0.000791332
          18	    0.019692	   0.0170278	  0.00076273
          19	    0.013128	   0.0168225	 0.000749694
          20	    0.012336	   0.0165982	 0.000745016
          21	    0.016408	   0.0165891	 0.000709594
          22	    0.019072	    0.016702	 0.000686256
          23	    0.015636	   0.0166557	 0.000657982
          24	     0.02138	   0.0168525	 0.000659354
          25	    0.013988	   0.0167379	 0.000642859
          26	     0.01376	   0.0166234	 0.000628254
          27	    0.021328	   0.0167976	 0.000628684
          28	    0.013004	   0.0166621	 0.000620659
          29	    0.018216	   0.0167157	 0.000601565
          30	    0.019096	   0.0167951	 0.000586722
          31	    0.013112	   0.0166763	   0.0005797
          32	    0.019144	   0.0167534	  0.00056669
          33	    0.015752	    0.016723	  0.00055033
          34	     0.02486	   0.0169624	 0.000583866
          35	    0.019452	   0.0170335	 0.000571501
          36	    0.014888	   0.0169739	 0.000558725
          37	    0.019568	    0.017044	 0.000548005
          38	      0.0248	   0.0172481	 0.000570329
          39	    0.017552	   0.0172559	 0.000555758
          40	     0.01564	   0.0172155	  0.00054333
          41	    0.012048	   0.0170895	 0.000544501
          42	    0.022324	   0.0172141	 0.000545614
          43	     0.02306	     0.01735	 0.000549602
          44	    0.016692	   0.0173351	 0.000537314
          45	    0.019496	   0.0173831	 0.000527515
          46	     0.02164	   0.0174757	 0.000524102
          47	    0.022928	   0.0175917	 0.000525633
          48	    0.016392	   0.0175667	 0.000515276
          49	    0.012864	   0.0174707	  0.00051362
          50	     0.01476	   0.0174165	 0.000506201
          51	    0.006996	   0.0172122	 0.000535928
          52	    0.015576	   0.0171807	 0.000526544
          53	    0.018888	   0.0172129	 0.000517594
          54	    0.023224	   0.0173242	 0.000519841
          55	    0.009872	   0.0171887	 0.000527752
          56	    0.013908	   0.0171301	  0.00052157
          57	     0.01638	    0.017117	 0.000512585
          58	    0.011136	   0.0170139	 0.000514016
          59	    0.021908	   0.0170968	 0.000511953
          60	    0.013248	   0.0170327	 0.000507423
          61	    0.012988	   0.0169664	 0.000503419
          62	    0.018952	   0.0169984	 0.000496317
          63	    0.015784	   0.0169791	 0.000488813
          64	    0.020496	   0.0170341	 0.000484254
          65	    0.010824	   0.0169385	 0.000486137
          66	    0.011632	   0.0168581	 0.000485375
          67	    0.018284	   0.0168794	 0.000478597
          68	    0.015392	   0.0168575	 0.000472058
          69	    0.013544	   0.0168095	 0.000467653
          70	    0.015384	   0.0167891	 0.000461415
          71	    0.019704	   0.0168302	 0.000456739
          72	    0.015708	   0.0168146	 0.000450661
          73	      0.0234	   0.0169048	 0.000453427
          74	    0.015096	   0.0168804	 0.000447958
          75	    0.016212	   0.0168715	 0.000442074
          76	     0.01762	   0.0168813	 0.000436367
          77	       0.018	   0.0168958	 0.000430942
          78	     0.01522	   0.0168744	 0.000425952
          79	     0.01178	   0.0168099	 0.000425413
          80	    0.016704	   0.0168086	 0.000420098
          81	    0.014388	   0.0167787	 0.000415973
          82	     0.01494	   0.0167562	 0.000411504
          83	    0.019064	    0.016784	 0.000407484
          84	     0.02098	    0.016834	 0.000405683
          85	    0.014736	   0.0168093	 0.000401661
          86	    0.017568	   0.0168181	 0.000397087
          87	     0.01784	   0.0168299	 0.000392697
          88	     0.00894	   0.0167402	 0.000398338
          89	    0.011212	   0.0166781	 0.000398676
          90	    0.016636	   0.0166776	 0.000394246
          91	    0.018024	   0.0166924	 0.000390191
          92	    0.014272	   0.0166661	 0.000386836
          93	    0.010324	   0.0165979	 0.000388641
          94	    0.017196	   0.0166043	 0.000384559
          95	    0.016312	   0.0166012	 0.000380523
          96	    0.018604	   0.0166221	 0.000377131
          97	    0.010164	   0.0165555	 0.000379074
          98	    0.016548	   0.0165554	 0.000375206
          99	    0.016084	   0.0165507	 0.000371446
         100	    0.007232	   0.0164575	 0.000379241
