#     BLOCK:   ACTUAL_TE:    TE_AVE:      ERROR:
           1	    -0.81872	    -0.81872	           0
           2	    -0.78792	    -0.80332	   0.0108894
           3	    -0.80464	    -0.80376	  0.00726851
           4	    -0.80088	    -0.80304	  0.00548693
           5	    -0.80392	   -0.803216	  0.00439237
           6	    -0.80432	     -0.8034	  0.00366416
           7	      -0.786	   -0.800914	   0.0038936
           8	     -0.7824	     -0.7986	  0.00403651
           9	    -0.78632	   -0.797236	  0.00381165
          10	    -0.80328	    -0.79784	  0.00347808
          11	    -0.81144	   -0.799076	  0.00337449
          12	    -0.80976	   -0.799967	  0.00320858
          13	    -0.79808	   -0.799822	  0.00296504
          14	    -0.80504	   -0.800194	  0.00277659
          15	    -0.81424	   -0.801131	  0.00274484
          16	    -0.80664	   -0.801475	  0.00259479
          17	    -0.81968	   -0.802546	  0.00265395
          18	    -0.79488	    -0.80212	  0.00254045
          19	    -0.79592	   -0.801794	  0.00242761
          20	    -0.80856	   -0.802132	  0.00232969
          21	    -0.81328	   -0.802663	  0.00227843
          22	    -0.80232	   -0.802647	  0.00217492
          23	    -0.79088	   -0.802136	  0.00213968
          24	    -0.78632	   -0.801477	  0.00214961
          25	    -0.79944	   -0.801395	  0.00206517
          26	    -0.79744	   -0.801243	  0.00199134
          27	    -0.78608	   -0.800681	   0.0019952
          28	    -0.80656	   -0.800891	  0.00193496
          29	    -0.78976	   -0.800508	  0.00190593
          30	    -0.78576	   -0.800016	  0.00190474
          31	    -0.80904	   -0.800307	  0.00186541
          32	     -0.8108	   -0.800635	  0.00183571
          33	    -0.80128	   -0.800655	  0.00178018
          34	    -0.79728	   -0.800555	  0.00173059
          35	     -0.7868	   -0.800162	  0.00172519
          36	    -0.81104	   -0.800464	  0.00170353
          37	    -0.79112	   -0.800212	   0.0016761
          38	    -0.78528	   -0.799819	  0.00167742
          39	    -0.78728	   -0.799497	  0.00166494
          40	    -0.81976	   -0.800004	  0.00169863
          41	     -0.7944	   -0.799867	  0.00166269
          42	    -0.80064	   -0.799886	   0.0016232
          43	    -0.80288	   -0.799955	  0.00158695
          44	      -0.796	   -0.799865	  0.00155342
          45	    -0.80952	    -0.80008	  0.00153365
          46	    -0.79736	   -0.800021	  0.00150145
          47	    -0.81072	   -0.800249	  0.00148666
          48	    -0.78768	   -0.799987	  0.00147857
          49	    -0.79984	   -0.799984	  0.00144839
          50	    -0.81176	   -0.800219	  0.00143845
          51	    -0.81968	   -0.800601	  0.00145998
          52	    -0.78712	   -0.800342	  0.00145474
          53	    -0.79008	   -0.800148	  0.00144012
          54	    -0.79848	   -0.800117	  0.00141378
          55	     -0.7968	   -0.800057	  0.00138936
          56	    -0.79808	   -0.800021	    0.001365
          57	    -0.79296	   -0.799898	  0.00134666
          58	    -0.79376	   -0.799792	  0.00132759
          59	     -0.8128	   -0.800012	  0.00132327
          60	    -0.80432	   -0.800084	  0.00130316
          61	    -0.81176	   -0.800275	  0.00129578
          62	    -0.80664	   -0.800378	  0.00127894
          63	    -0.81264	   -0.800573	  0.00127337
          64	     -0.7928	   -0.800451	  0.00125925
          65	    -0.80488	   -0.800519	  0.00124172
          66	    -0.81488	   -0.800737	  0.00124182
          67	    -0.79856	   -0.800704	  0.00122371
          68	    -0.79888	   -0.800678	  0.00120601
          69	    -0.79816	   -0.800641	  0.00118908
          70	     -0.7968	   -0.800586	  0.00117336
          71	      -0.796	   -0.800522	  0.00115861
          72	     -0.8128	   -0.800692	    0.001155
          73	    -0.80312	   -0.800725	  0.00113966
          74	    -0.80104	    -0.80073	  0.00112427
          75	    -0.79336	   -0.800631	  0.00111356
          76	    -0.80032	   -0.800627	  0.00109892
          77	     -0.8044	   -0.800676	  0.00108574
          78	    -0.78152	   -0.800431	  0.00109924
          79	    -0.80016	   -0.800427	  0.00108533
          80	    -0.80904	   -0.800535	  0.00107709
          81	     -0.8044	   -0.800583	  0.00106485
          82	    -0.79544	    -0.80052	  0.00105371
          83	    -0.81056	   -0.800641	  0.00104794
          84	     -0.8032	   -0.800671	   0.0010359
          85	    -0.80616	   -0.800736	  0.00102573
          86	     -0.7936	   -0.800653	  0.00101715
          87	    -0.81696	    -0.80084	  0.00102258
          88	     -0.8044	   -0.800881	  0.00101176
          89	     -0.7936	   -0.800799	   0.0010037
          90	    -0.80464	   -0.800842	 0.000993451
          91	    -0.79912	   -0.800823	 0.000982714
          92	    -0.81056	   -0.800929	 0.000977715
          93	    -0.78744	   -0.800784	 0.000977901
          94	     -0.8036	   -0.800814	 0.000967957
          95	     -0.8088	   -0.800898	 0.000961411
          96	    -0.80728	   -0.800964	 0.000953693
          97	    -0.80192	   -0.800974	 0.000943912
          98	    -0.78864	   -0.800848	 0.000942633
          99	    -0.80488	   -0.800889	 0.000933991
         100	    -0.81528	   -0.801033	 0.000935672
