#     BLOCK:   ACTUAL_CV:    CV_AVE:      ERROR:
               1	        0.305687	        0.305687	               0
               2	        0.322293	         0.31399	      0.00587131
               3	        0.310018	        0.312666	      0.00406073
               4	        0.315659	        0.313414	      0.00311373
               5	         0.32235	        0.315202	      0.00295973
               6	        0.302237	        0.313041	      0.00315813
               7	        0.305842	        0.312012	      0.00286954
               8	        0.310106	        0.311774	      0.00252072
               9	         0.31038	        0.311619	      0.00224539
              10	        0.315256	        0.311983	      0.00205009
              11	        0.309044	        0.311716	      0.00188104
              12	        0.312268	        0.311762	      0.00172485
              13	        0.316425	         0.31212	      0.00162905
              14	        0.312259	         0.31213	      0.00151272
              15	        0.313261	        0.312206	      0.00141375
              16	        0.317245	        0.312521	      0.00136003
              17	        0.320338	        0.312981	      0.00135554
              18	        0.311455	        0.312896	      0.00128288
              19	        0.312184	        0.312858	       0.0012159
              20	        0.314371	        0.312934	      0.00115746
              21	        0.311566	        0.312869	      0.00110417
              22	        0.304803	        0.312502	      0.00111318
              23	        0.315784	        0.312645	      0.00107389
              24	        0.313733	         0.31269	       0.0010301
              25	        0.316229	        0.312832	     0.000998574
              26	        0.321423	        0.313162	      0.00101337
              27	        0.314263	        0.313203	     0.000976657
              28	        0.307601	        0.313003	     0.000962048
              29	        0.320783	        0.313271	     0.000965551
              30	        0.302423	         0.31291	     0.000998785
              31	        0.312212	        0.312887	      0.00096682
              32	        0.311389	         0.31284	     0.000937739
              33	        0.306988	        0.312663	     0.000925939
              34	        0.316374	        0.312772	     0.000905117
              35	        0.300029	        0.312408	     0.000949665
              36	        0.306861	        0.312254	     0.000935702
              37	        0.311415	        0.312231	     0.000910688
              38	        0.310776	        0.312193	     0.000887527
              39	        0.306249	        0.312041	     0.000877759
              40	         0.31651	        0.312152	     0.000862899
              41	         0.31994	        0.312342	     0.000862507
              42	        0.313531	        0.312371	     0.000842436
              43	        0.319123	        0.312528	     0.000837351
              44	        0.311088	        0.312495	     0.000818959
              45	        0.311431	        0.312471	     0.000801101
              46	        0.315671	        0.312541	       0.0007867
              47	          0.3208	        0.312717	     0.000789346
              48	         0.31737	        0.312813	     0.000778832
              49	        0.309523	        0.312746	     0.000765827
              50	        0.311982	        0.312731	     0.000750662
              51	        0.314013	        0.312756	     0.000736364
              52	        0.311012	        0.312723	     0.000722967
              53	        0.310196	        0.312675	     0.000710896
              54	        0.310022	        0.312626	     0.000699427
              55	        0.311824	        0.312611	     0.000686862
              56	        0.304415	        0.312465	     0.000690014
              57	        0.316284	        0.312532	     0.000681154
              58	        0.314181	         0.31256	     0.000670003
              59	        0.312598	        0.312561	     0.000658647
              60	        0.312954	        0.312567	     0.000647702
              61	        0.311458	        0.312549	     0.000637339
              62	        0.308113	        0.312478	     0.000631063
              63	        0.306442	        0.312382	     0.000628277
              64	        0.315928	        0.312437	     0.000620898
              65	        0.313961	        0.312461	     0.000611788
              66	        0.318888	        0.312558	     0.000610219
              67	        0.303577	        0.312424	      0.00061566
              68	        0.310742	        0.312399	     0.000607103
              69	         0.30811	        0.312337	     0.000601478
              70	        0.313511	        0.312354	     0.000593119
              71	        0.311208	        0.312338	     0.000584985
              72	        0.315448	        0.312381	     0.000578453
              73	        0.320914	        0.312498	     0.000582219
              74	        0.315478	        0.312538	     0.000575742
              75	        0.314511	        0.312564	     0.000568666
              76	        0.315301	          0.3126	     0.000562323
              77	        0.302825	        0.312474	     0.000569171
              78	         0.31658	        0.312526	     0.000564303
              79	        0.315032	        0.312558	     0.000558051
              80	        0.310151	        0.312528	     0.000551886
              81	        0.315124	         0.31256	     0.000546002
              82	        0.307869	        0.312503	     0.000542333
              83	         0.31355	        0.312515	     0.000535945
              84	        0.309127	        0.312475	     0.000531081
              85	        0.306653	        0.312406	     0.000529231
              86	        0.304278	        0.312312	     0.000531451
              87	        0.320906	        0.312411	     0.000534444
              88	        0.310953	        0.312394	     0.000528627
              89	        0.312913	          0.3124	      0.00052272
              90	        0.305711	        0.312326	      0.00052217
              91	        0.315588	        0.312362	     0.000517661
              92	        0.310317	        0.312339	     0.000512511
              93	         0.31969	        0.312418	     0.000513059
              94	        0.314984	        0.312446	     0.000508326
              95	          0.3137	        0.312459	     0.000503147
              96	         0.31817	        0.312518	     0.000501411
              97	        0.311926	        0.312512	     0.000496279
              98	        0.316726	        0.312555	     0.000493074
              99	        0.317172	        0.312602	     0.000490293
             100	        0.307994	        0.312556	     0.000487551
             101	        0.310774	        0.312538	     0.000483043
             102	         0.30965	         0.31251	     0.000479136
             103	        0.313376	        0.312518	     0.000474559
             104	        0.315249	        0.312544	     0.000470721
             105	        0.317704	        0.312594	     0.000468797
             106	        0.300848	        0.312483	     0.000477291
             107	         0.31202	        0.312478	      0.00047285
             108	        0.313793	        0.312491	     0.000468628
             109	         0.30923	        0.312461	     0.000465283
             110	         0.31292	        0.312465	     0.000461071
             111	        0.314583	        0.312484	     0.000457312
             112	        0.317788	        0.312531	     0.000455675
             113	        0.315575	        0.312558	     0.000452437
             114	        0.311899	        0.312552	     0.000448505
             115	        0.313657	        0.312562	     0.000444708
             116	         0.31502	        0.312583	     0.000441379
             117	         0.31212	        0.312579	     0.000437624
             118	        0.312921	        0.312582	     0.000433925
             119	        0.321206	        0.312655	     0.000436288
             120	        0.310119	        0.312634	     0.000433164
             121	        0.320292	        0.312697	     0.000434183
             122	        0.313504	        0.312703	     0.000430674
             123	        0.318103	        0.312747	     0.000429404
             124	        0.312022	        0.312742	     0.000425981
             125	        0.317096	        0.312776	     0.000423996
             126	        0.312854	        0.312777	     0.000420631
             127	        0.315858	        0.312801	     0.000418018
             128	        0.318563	        0.312846	     0.000417169
             129	        0.314918	        0.312862	     0.000414244
             130	        0.309641	        0.312838	     0.000411798
             131	        0.310101	        0.312817	     0.000409184
             132	        0.312619	        0.312815	     0.000406087
             133	        0.305052	        0.312757	     0.000407207
             134	        0.319457	        0.312807	     0.000407226
             135	        0.314681	        0.312821	     0.000404446
             136	         0.31502	        0.312837	     0.000401796
             137	        0.312817	        0.312837	     0.000398863
             138	        0.311948	         0.31283	     0.000396025
             139	        0.310662	        0.312815	     0.000393483
             140	        0.309191	        0.312789	     0.000391522
             141	        0.309678	        0.312767	     0.000389367
             142	        0.312224	        0.312763	     0.000386643
             143	        0.318681	        0.312804	     0.000386148
             144	        0.312024	        0.312799	     0.000383505
             145	         0.31401	        0.312807	     0.000380951
             146	        0.313753	        0.312814	     0.000378396
             147	        0.309141	        0.312789	     0.000376646
             148	        0.309283	        0.312765	     0.000374846
             149	        0.306083	         0.31272	     0.000375003
             150	        0.298411	        0.312625	     0.000384445
             151	        0.312182	        0.312622	      0.00038191
             152	        0.310162	        0.312606	      0.00037974
             153	        0.311743	          0.3126	       0.0003773
             154	        0.309845	        0.312582	     0.000375274
             155	        0.308636	        0.312557	     0.000373715
             156	        0.309095	        0.312534	     0.000371978
             157	        0.314431	        0.312547	     0.000369805
             158	        0.310646	        0.312535	      0.00036766
             159	        0.319787	         0.31258	     0.000368166
             160	        0.313734	        0.312587	     0.000365936
             161	        0.307535	        0.312556	     0.000365006
             162	        0.316004	        0.312577	     0.000363373
             163	        0.299772	        0.312499	     0.000369539
             164	        0.320673	        0.312549	     0.000370631
             165	        0.309845	        0.312532	     0.000368747
             166	         0.31044	         0.31252	     0.000366741
             167	        0.313681	        0.312527	     0.000364611
             168	        0.311495	         0.31252	     0.000362492
             169	        0.311203	        0.312513	     0.000360431
             170	        0.328085	        0.312604	     0.000369768
             171	        0.309311	        0.312585	     0.000368107
             172	        0.302127	        0.312524	     0.000370954
             173	        0.298764	        0.312445	     0.000377241
             174	        0.314615	        0.312457	     0.000375279
             175	        0.303168	        0.312404	     0.000376869
             176	        0.309585	        0.312388	     0.000375068
             177	        0.311358	        0.312382	     0.000372994
             178	        0.309721	        0.312367	     0.000371198
             179	        0.311663	        0.312363	     0.000369145
             180	        0.302777	         0.31231	     0.000370916
             181	         0.31452	        0.312322	     0.000369068
             182	        0.314901	        0.312336	     0.000367312
             183	        0.315621	        0.312354	     0.000365743
             184	        0.312446	        0.312355	     0.000363755
             185	        0.303844	        0.312309	     0.000364687
             186	        0.310001	        0.312296	     0.000362937
             187	        0.309613	        0.312282	     0.000361279
             188	        0.318196	        0.312314	     0.000360725
             189	        0.314767	        0.312326	      0.00035905
             190	        0.323318	        0.312384	     0.000361791
             191	           0.318	        0.312414	     0.000361089
             192	        0.313853	        0.312421	     0.000359287
             193	        0.311808	        0.312418	     0.000357439
             194	        0.318438	        0.312449	     0.000356941
             195	        0.313039	        0.312452	     0.000355123
             196	        0.301507	        0.312396	     0.000357675
             197	        0.315459	        0.312412	     0.000356197
             198	        0.318018	         0.31244	     0.000355521
             199	        0.316394	         0.31246	      0.00035429
             200	        0.315073	        0.312473	     0.000352759
             201	        0.311637	        0.312469	     0.000351029
             202	        0.307139	        0.312443	     0.000350281
             203	        0.312474	        0.312443	     0.000348556
             204	        0.307787	         0.31242	     0.000347593
             205	        0.315433	        0.312435	     0.000346208
             206	         0.31168	        0.312431	     0.000344547
             207	        0.314774	        0.312442	     0.000343068
             208	        0.318995	        0.312474	     0.000342863
             209	        0.316376	        0.312492	      0.00034173
             210	        0.308325	        0.312473	     0.000340679
             211	        0.320378	         0.31251	     0.000341118
             212	        0.313387	        0.312514	     0.000339534
             213	        0.311645	         0.31251	     0.000337964
             214	        0.316582	        0.312529	      0.00033692
             215	        0.298206	        0.312462	     0.000341876
             216	        0.314724	        0.312473	     0.000340454
             217	        0.307292	        0.312449	     0.000339721
             218	        0.315435	        0.312463	     0.000338439
             219	        0.309755	         0.31245	     0.000337119
             220	         0.31444	        0.312459	     0.000335708
             221	         0.31197	        0.312457	     0.000334196
             222	        0.311817	        0.312454	     0.000332703
             223	         0.30939	        0.312441	     0.000331495
             224	        0.314639	         0.31245	      0.00033016
             225	        0.304528	        0.312415	     0.000330565
             226	        0.320578	        0.312451	      0.00033107
             227	        0.316973	        0.312471	      0.00033021
             228	        0.305461	        0.312441	      0.00033019
             229	        0.315316	        0.312453	     0.000328987
             230	        0.319209	        0.312482	     0.000328865
             231	        0.314043	        0.312489	     0.000327511
             232	        0.313743	        0.312495	     0.000326144
             233	        0.304496	         0.31246	     0.000326545
             234	        0.317778	        0.312483	      0.00032594
             235	        0.309779	        0.312472	     0.000324756
             236	        0.324295	        0.312522	     0.000327222
             237	        0.315467	        0.312534	     0.000326077
             238	        0.330516	         0.31261	     0.000333345
             239	        0.315973	        0.312624	     0.000332247
             240	        0.313198	        0.312626	     0.000330871
             241	        0.308386	        0.312608	     0.000329966
             242	        0.307813	        0.312589	     0.000329197
             243	        0.307253	        0.312567	     0.000328574
             244	        0.308865	        0.312552	     0.000327577
             245	        0.314809	        0.312561	      0.00032637
             246	        0.316631	        0.312577	     0.000325462
             247	        0.305246	        0.312548	     0.000325495
             248	        0.330487	         0.31262	     0.000332123
             249	        0.314468	        0.312627	     0.000330873
             250	        0.308491	        0.312611	     0.000329963
             251	        0.315964	        0.312624	     0.000328918
             252	        0.311346	        0.312619	     0.000327652
             253	        0.310159	        0.312609	     0.000326501
             254	         0.31485	        0.312618	     0.000325335
             255	        0.318733	        0.312642	     0.000324942
             256	        0.322806	        0.312682	     0.000326089
             257	        0.314331	        0.312688	     0.000324883
             258	        0.303303	        0.312652	     0.000325654
             259	        0.309687	         0.31264	     0.000324598
             260	        0.319918	        0.312668	     0.000324554
             261	        0.330299	        0.312736	     0.000330265
             262	        0.309988	        0.312726	     0.000329171
             263	         0.31468	        0.312733	     0.000328004
             264	        0.319098	        0.312757	     0.000327646
             265	        0.332229	        0.312831	     0.000334548
             266	        0.311644	        0.312826	      0.00033332
             267	        0.313695	        0.312829	     0.000332087
             268	         0.30978	        0.312818	     0.000331043
             269	        0.311719	        0.312814	     0.000329837
             270	        0.313644	        0.312817	      0.00032863
             271	        0.304837	        0.312787	     0.000328734
             272	        0.308103	         0.31277	     0.000327976
             273	        0.313665	        0.312774	     0.000326791
             274	        0.319064	        0.312796	     0.000326404
             275	        0.321456	        0.312828	     0.000326732
             276	        0.315785	        0.312839	     0.000325724
             277	         0.30876	        0.312824	     0.000324881
             278	        0.316607	        0.312838	     0.000323997
             279	        0.314322	        0.312843	      0.00032288
             280	        0.313887	        0.312847	     0.000321748
             281	        0.317023	        0.312861	     0.000320946
             282	        0.311011	        0.312855	     0.000319875
             283	        0.309251	        0.312842	     0.000318998
             284	        0.307731	        0.312824	     0.000318382
             285	        0.310667	        0.312817	     0.000317355
             286	        0.308751	        0.312802	     0.000316564
             287	        0.316508	        0.312815	     0.000315724
             288	        0.313039	        0.312816	     0.000314629
             289	        0.315681	        0.312826	     0.000313696
             290	        0.303594	        0.312794	     0.000314225
             291	        0.310396	        0.312786	     0.000313254
             292	        0.321756	        0.312817	     0.000313683
             293	        0.315307	        0.312825	     0.000312728
             294	        0.312831	        0.312825	     0.000311664
             295	        0.319413	        0.312848	     0.000311407
             296	        0.316363	        0.312859	     0.000310581
             297	        0.313218	        0.312861	     0.000309538
             298	        0.314306	        0.312865	     0.000308537
             299	        0.309878	        0.312855	     0.000307667
             300	        0.311747	        0.312852	     0.000306664
             301	        0.312248	         0.31285	     0.000305651
             302	        0.322295	        0.312881	     0.000306235
             303	        0.316906	        0.312894	     0.000305512
             304	        0.303551	        0.312864	      0.00030605
             305	        0.316371	        0.312875	     0.000305262
             306	        0.302147	         0.31284	     0.000306271
             307	        0.308055	        0.312824	      0.00030567
             308	        0.311142	        0.312819	     0.000304726
             309	        0.313793	        0.312822	     0.000303756
             310	        0.314958	        0.312829	     0.000302855
             311	        0.312649	        0.312828	     0.000301881
             312	        0.316005	        0.312839	     0.000301085
             313	        0.313391	         0.31284	     0.000300129
             314	        0.315925	         0.31285	     0.000299334
             315	        0.305292	        0.312826	     0.000299344
             316	        0.311979	        0.312824	     0.000298408
             317	        0.314063	        0.312827	     0.000297493
             318	        0.324583	        0.312864	     0.000298845
             319	        0.299979	        0.312824	     0.000300626
             320	        0.312143	        0.312822	     0.000299694
             321	        0.314894	        0.312828	      0.00029883
             322	        0.314379	        0.312833	     0.000297941
             323	        0.309576	        0.312823	     0.000297189
             324	        0.326448	        0.312865	     0.000299232
             325	        0.323262	        0.312897	     0.000300016
             326	        0.321573	        0.312924	     0.000300274
             327	        0.320349	        0.312946	     0.000300213
             328	        0.319277	        0.312966	     0.000299918
             329	        0.305451	        0.312943	     0.000299875
             330	         0.30567	        0.312921	     0.000299775
             331	        0.315831	         0.31293	     0.000298998
             332	        0.303824	        0.312902	     0.000299353
             333	        0.296562	        0.312853	     0.000302449
             334	        0.313005	        0.312854	     0.000301543
             335	        0.321544	         0.31288	     0.000301757
             336	        0.313024	         0.31288	     0.000300859
             337	        0.309011	        0.312868	     0.000300186
             338	        0.308033	        0.312854	     0.000299638
             339	        0.316375	        0.312865	     0.000298934
             340	        0.313702	        0.312867	     0.000298065
             341	        0.312751	        0.312867	     0.000297191
             342	        0.316937	        0.312879	      0.00029656
             343	         0.29886	        0.312838	     0.000298499
             344	        0.306054	        0.312818	     0.000298282
             345	        0.306529	          0.3128	     0.000297974
             346	        0.308705	        0.312788	     0.000297347
             347	         0.30586	        0.312768	      0.00029716
             348	        0.316488	        0.312779	     0.000296498
             349	         0.31985	        0.312799	      0.00029634
             350	        0.316483	        0.312809	      0.00029568
             351	        0.307861	        0.312795	     0.000295174
             352	        0.315594	        0.312803	     0.000294443
             353	        0.323662	        0.312834	     0.000295211
             354	        0.315144	        0.312841	     0.000294449
             355	        0.310973	        0.312835	     0.000293667
             356	        0.313366	        0.312837	     0.000292846
             357	        0.322081	        0.312863	     0.000293168
             358	        0.325348	        0.312898	     0.000294416
             359	        0.311585	        0.312894	     0.000293618
             360	        0.312243	        0.312892	     0.000292808
             361	        0.311966	         0.31289	     0.000292009
             362	        0.311409	        0.312885	     0.000291231
             363	        0.307402	         0.31287	      0.00029082
             364	        0.311062	        0.312865	     0.000290063
             365	        0.309299	        0.312856	     0.000289433
             366	        0.303725	        0.312831	     0.000289715
             367	        0.315924	        0.312839	     0.000289049
             368	        0.314819	        0.312844	     0.000288313
             369	        0.314133	        0.312848	     0.000287553
             370	        0.310519	        0.312842	     0.000286845
             371	            0.31	        0.312834	     0.000286174
             372	        0.316709	        0.312844	     0.000285594
             373	        0.304486	        0.312822	     0.000285706
             374	        0.305786	        0.312803	     0.000285561
             375	        0.306025	        0.312785	     0.000285371
             376	         0.31796	        0.312799	     0.000284944
             377	        0.312238	        0.312797	     0.000284192
             378	        0.320025	        0.312817	     0.000284082
             379	        0.309322	        0.312807	     0.000283482
             380	         0.31482	        0.312813	     0.000282786
             381	        0.323333	         0.31284	     0.000283389
             382	        0.303752	        0.312816	     0.000283644
             383	        0.316085	        0.312825	     0.000283031
             384	        0.307086	         0.31281	     0.000282689
             385	        0.321935	        0.312834	     0.000282946
             386	        0.316545	        0.312843	     0.000282377
             387	        0.309077	        0.312834	     0.000281815
             388	        0.312389	        0.312832	     0.000281091
             389	        0.314749	        0.312837	     0.000280411
             390	        0.313782	         0.31284	     0.000279703
             391	        0.310259	        0.312833	     0.000279065
             392	        0.308796	        0.312823	     0.000278543
             393	         0.30883	        0.312813	      0.00027802
             394	        0.309427	        0.312804	     0.000277447
             395	        0.308412	        0.312793	     0.000276967
             396	        0.316245	        0.312802	     0.000276405
             397	        0.312233	          0.3128	     0.000275713
             398	        0.308426	        0.312789	     0.000275239
             399	         0.30353	        0.312766	     0.000275525
             400	        0.317211	        0.312777	     0.000275061
             401	        0.320916	        0.312798	     0.000275122
             402	         0.31315	        0.312798	     0.000274439
             403	        0.305927	        0.312781	     0.000274288
             404	        0.321184	        0.312802	     0.000274396
             405	        0.312745	        0.312802	     0.000273719
             406	         0.31995	         0.31282	      0.00027361
             407	        0.310556	        0.312814	     0.000272994
             408	        0.308575	        0.312804	     0.000272523
             409	        0.320492	        0.312822	     0.000272504
             410	        0.317877	        0.312835	     0.000272118
             411	        0.312238	        0.312833	      0.00027146
             412	        0.315426	         0.31284	     0.000270874
             413	        0.318315	        0.312853	     0.000270542
             414	        0.328068	         0.31289	     0.000272374
             415	         0.31459	        0.312894	     0.000271748
             416	        0.305182	        0.312875	     0.000271727
             417	         0.30502	        0.312856	     0.000271727
             418	        0.302332	        0.312831	     0.000272241
             419	        0.310594	        0.312826	     0.000271644
             420	        0.313878	        0.312828	     0.000271008
             421	        0.310588	        0.312823	     0.000270417
             422	        0.317175	        0.312833	     0.000269973
             423	        0.306222	        0.312818	     0.000269787
             424	        0.317452	        0.312829	     0.000269372
             425	        0.310864	        0.312824	     0.000268777
             426	        0.323626	        0.312849	      0.00026934
             427	         0.31332	         0.31285	     0.000268712
             428	        0.314466	        0.312854	      0.00026811
             429	        0.319697	         0.31287	     0.000267959
             430	        0.322976	        0.312894	     0.000268365
             431	        0.311931	        0.312891	     0.000267751
             432	        0.307147	        0.312878	     0.000267462
             433	        0.318501	        0.312891	     0.000267159
             434	        0.319996	        0.312908	     0.000267044
             435	        0.308755	        0.312898	     0.000266601
             436	        0.321005	        0.312917	     0.000266637
             437	        0.309025	        0.312908	     0.000266176
             438	        0.318641	        0.312921	      0.00026589
             439	        0.311868	        0.312918	     0.000265295
             440	        0.305608	        0.312902	     0.000265212
             441	        0.308091	        0.312891	     0.000264835
             442	        0.317493	        0.312901	      0.00026444
             443	        0.300104	        0.312872	     0.000265416
             444	        0.315487	        0.312878	     0.000264884
             445	        0.316498	        0.312886	     0.000264413
             446	        0.313668	        0.312888	     0.000263826
             447	        0.315781	        0.312895	     0.000263315
             448	        0.312243	        0.312893	     0.000262732
             449	        0.302888	        0.312871	      0.00026309
             450	        0.308535	        0.312861	     0.000262681
             451	        0.317159	        0.312871	     0.000262272
             452	        0.309791	        0.312864	      0.00026178
             453	        0.317145	        0.312873	     0.000261373
             454	        0.310391	        0.312868	     0.000260854
             455	        0.307298	        0.312856	     0.000260568
             456	        0.305846	         0.31284	      0.00026045
             457	        0.304975	        0.312823	     0.000260448
             458	        0.307007	         0.31281	     0.000260188
             459	        0.313795	        0.312813	      0.00025963
             460	        0.305022	        0.312796	     0.000259618
             461	        0.321182	        0.312814	     0.000259691
             462	        0.316038	        0.312821	     0.000259223
             463	        0.327093	        0.312852	     0.000260489
             464	         0.32191	        0.312871	     0.000260659
             465	        0.323492	        0.312894	     0.000261097
             466	        0.310173	        0.312888	     0.000260602
             467	        0.315266	        0.312893	     0.000260093
             468	        0.326478	        0.312922	     0.000261153
             469	        0.321131	         0.31294	     0.000261182
             470	        0.309881	        0.312933	     0.000260707
             471	        0.310653	        0.312928	     0.000260198
             472	        0.316694	        0.312936	     0.000259769
             473	        0.313162	        0.312937	     0.000259221
             474	        0.312355	        0.312936	     0.000258677
             475	        0.322791	        0.312956	     0.000258963
             476	        0.308313	        0.312947	     0.000258602
             477	        0.316251	        0.312954	     0.000258153
             478	        0.312597	        0.312953	     0.000257614
             479	        0.318675	        0.312965	     0.000257353
             480	        0.309225	        0.312957	     0.000256935
             481	        0.310557	        0.312952	     0.000256449
             482	        0.313578	        0.312953	      0.00025592
             483	        0.313054	        0.312953	     0.000255391
             484	        0.309365	        0.312946	     0.000254971
             485	        0.324652	         0.31297	     0.000255585
             486	        0.320268	        0.312985	     0.000255499
             487	        0.315796	        0.312991	      0.00025504
             488	        0.310446	        0.312986	     0.000254571
             489	        0.304225	        0.312968	      0.00025468
             490	        0.315693	        0.312973	     0.000254221
             491	        0.311867	        0.312971	     0.000253713
             492	        0.304428	        0.312954	     0.000253791
             493	        0.307331	        0.312942	     0.000253532
             494	         0.31991	        0.312957	     0.000253411
             495	        0.311417	        0.312953	     0.000252918
             496	        0.318298	        0.312964	     0.000252638
             497	        0.311857	        0.312962	     0.000252139
             498	        0.309235	        0.312954	     0.000251744
             499	         0.31199	        0.312953	     0.000251247
             500	        0.309434	        0.312946	     0.000250843
