#     BLOCK:   ACTUAL_CV:    CV_AVE:      ERROR:
           1	    0.140116	    0.140116	           0
           2	    0.129339	    0.134727	  0.00381037
           3	    0.121833	    0.130429	  0.00433222
           4	    0.140745	    0.133008	  0.00394269
           5	    0.119205	    0.130247	  0.00400573
           6	    0.132901	     0.13069	  0.00336243
           7	    0.119089	    0.129033	  0.00326502
           8	    0.134341	    0.129696	  0.00292355
           9	    0.122571	    0.128904	  0.00270379
          10	    0.117222	    0.127736	  0.00267391
          11	    0.120337	    0.127064	    0.002514
          12	    0.126598	    0.127025	  0.00230479
          13	    0.124611	    0.126839	  0.00213497
          14	    0.127133	     0.12686	  0.00198258
          15	    0.139694	    0.127716	  0.00202662
          16	    0.117342	    0.127067	  0.00200099
          17	    0.124552	    0.126919	  0.00188874
          18	    0.127531	    0.126953	  0.00178412
          19	    0.126886	     0.12695	  0.00169022
          20	    0.132013	    0.127203	  0.00162456
          21	     0.12535	    0.127115	  0.00154959
          22	    0.133351	    0.127398	  0.00150486
          23	    0.122011	    0.127164	  0.00145755
          24	    0.129991	    0.127282	  0.00140157
          25	    0.123831	    0.127144	  0.00135228
          26	    0.135554	    0.127467	   0.0013384
          27	    0.120562	    0.127211	  0.00131303
          28	    0.123418	    0.127076	  0.00127311
          29	    0.133487	    0.127297	  0.00124826
          30	    0.118143	    0.126992	  0.00124338
          31	    0.137563	    0.127333	  0.00124916
          32	    0.132574	    0.127497	  0.00122081
          33	    0.120099	    0.127272	  0.00120422
          34	    0.116375	    0.126952	  0.00121071
          35	    0.130841	    0.127063	   0.0011812
          36	    0.131317	    0.127181	  0.00115428
          37	    0.140661	    0.127546	  0.00117918
          38	    0.122762	     0.12742	  0.00115485
          39	    0.126066	    0.127385	  0.00112576
          40	    0.125751	    0.127344	  0.00109836
          41	    0.117656	    0.127108	  0.00109669
          42	    0.131209	    0.127205	  0.00107492
          43	    0.119768	    0.127032	  0.00106375
          44	     0.12295	     0.12694	  0.00104361
          45	     0.12613	    0.126922	  0.00102057
          46	    0.121938	    0.126813	  0.00100412
          47	    0.112604	    0.126511	  0.00102726
          48	    0.122533	    0.126428	   0.0010092
          49	    0.139438	    0.126694	  0.00102293
          50	    0.124611	    0.126652	  0.00100332
          51	    0.116947	    0.126462	  0.00100153
          52	    0.121524	    0.126367	 0.000986763
          53	    0.125857	    0.126357	 0.000968192
          54	    0.125974	     0.12635	 0.000950288
          55	    0.122764	    0.126285	 0.000935245
          56	    0.127723	    0.126311	 0.000918897
          57	    0.119548	    0.126192	 0.000910403
          58	    0.132827	    0.126306	 0.000901865
          59	    0.115498	    0.126123	 0.000904995
          60	     0.11939	    0.126011	 0.000896842
          61	     0.12683	    0.126024	 0.000882241
          62	    0.118562	    0.125904	 0.000876183
          63	     0.12768	    0.125932	 0.000862728
          64	    0.131735	    0.126023	 0.000853998
          65	    0.126638	    0.126032	 0.000840912
          66	     0.11783	    0.125908	 0.000837305
          67	    0.125694	    0.125905	 0.000824814
          68	     0.12418	    0.125879	 0.000813074
          69	    0.129084	    0.125926	 0.000802616
          70	      0.1187	    0.125823	  0.00079776
          71	    0.120341	    0.125745	 0.000790252
          72	    0.131258	    0.125822	 0.000782975
          73	    0.123442	    0.125789	 0.000772928
          74	     0.12097	    0.125724	 0.000765222
          75	     0.12409	    0.125702	 0.000755329
          76	    0.133871	     0.12581	 0.000752998
          77	    0.127476	    0.125832	  0.00074353
          78	    0.127208	    0.125849	 0.000734207
          79	      0.1225	    0.125807	 0.000726136
          80	    0.118356	    0.125714	 0.000723007
          81	    0.133639	    0.125812	  0.00072067
          82	    0.123446	    0.125783	 0.000712459
          83	     0.12652	    0.125792	 0.000703931
          84	    0.133015	    0.125878	 0.000700783
          85	    0.134106	    0.125974	 0.000699193
          86	    0.117254	    0.125873	 0.000698377
          87	    0.128097	    0.125899	 0.000690817
          88	    0.123125	    0.125867	 0.000683686
          89	    0.126402	    0.125873	 0.000676031
          90	    0.128296	      0.1259	 0.000669055
          91	    0.122207	    0.125859	 0.000662932
          92	    0.136564	    0.125976	 0.000665859
          93	    0.133922	    0.126061	 0.000664159
          94	    0.125299	    0.126053	 0.000657143
          95	    0.132883	    0.126125	 0.000654147
          96	    0.125423	    0.126118	 0.000647373
          97	    0.131708	    0.126175	  0.00064326
          98	    0.130215	    0.126217	 0.000638015
          99	    0.133949	    0.126295	 0.000636334
         100	    0.129543	    0.126327	 0.000630799
