#     BLOCK:   ACTUAL_X:     X_AVE:       ERROR:
           1	     69.6755	     69.6755	           0
           2	     83.4787	     76.5771	     4.88017
           3	     80.2702	     77.8081	     3.40518
           4	     74.8809	     77.0763	     2.63134
           5	     69.8939	     75.6398	      2.4662
           6	     72.3022	     75.0836	     2.11697
           7	      69.738	     74.3199	     1.94742
           8	     77.5236	     74.7204	     1.74468
           9	      79.761	     75.2804	     1.63826
          10	     75.3733	     75.2897	     1.47446
          11	     72.1483	     75.0041	      1.3678
          12	     75.3571	     75.0336	     1.25413
          13	     70.8433	     74.7112	     1.19836
          14	     59.3858	     73.6166	     1.53328
          15	     77.7854	     73.8945	     1.45604
          16	     73.5464	     73.8727	      1.3652
          17	      71.968	     73.7607	     1.28948
          18	      81.208	     74.1744	      1.2825
          19	     79.3721	      74.448	     1.24384
          20	     75.6451	     74.5078	     1.18308
          21	      81.764	     74.8534	     1.17612
          22	     80.7982	     75.1236	     1.15329
          23	     80.9832	     75.3784	     1.13093
          24	     72.5202	     75.2593	     1.09006
          25	     74.8707	     75.2437	     1.04657
          26	     76.6269	     75.2969	     1.00767
          27	     76.0887	     75.3262	    0.970776
          28	     60.9851	     74.8141	     1.06266
          29	      75.807	     74.8483	     1.02657
          30	     80.8679	      75.049	     1.01177
          31	     76.0195	     75.0803	    0.979619
          32	     81.1996	     75.2715	    0.967491
          33	     85.3524	      75.577	    0.985221
          34	     77.1312	     75.6227	    0.957303
          35	     69.0532	      75.435	    0.948175
          36	      71.445	     75.3242	    0.928292
          37	     80.0113	     75.4508	    0.911805
          38	     69.2675	     75.2881	    0.902213
          39	      72.426	     75.2147	    0.882059
          40	     73.0556	     75.1608	    0.861657
          41	     78.4674	     75.2414	    0.844407
          42	     76.4994	     75.2714	    0.824833
          43	     74.5325	     75.2542	     0.80583
          44	     72.2494	     75.1859	    0.790404
          45	     78.2352	     75.2536	    0.775739
          46	     68.5149	     75.1071	    0.772584
          47	     75.8179	     75.1223	    0.756294
          48	     80.0351	     75.2246	    0.747431
          49	     75.2869	     75.2259	    0.732179
          50	     68.0742	     75.0829	    0.731373
          51	     73.7625	      75.057	     0.71749
          52	     78.4642	     75.1225	    0.706678
          53	     75.9688	     75.1385	    0.693524
          54	     69.7947	     75.0395	    0.687705
          55	     77.7792	     75.0893	    0.677003
          56	     69.8702	     74.9961	    0.671298
          57	     73.0459	     74.9619	    0.660392
          58	     75.9619	     74.9791	    0.649231
          59	     76.5994	     75.0066	    0.638808
          60	     72.8474	     74.9706	    0.629174
          61	     70.1129	      74.891	    0.623879
          62	     63.4523	     74.7065	    0.640515
          63	     73.2645	     74.6836	    0.630757
          64	     77.2213	     74.7233	    0.622147
          65	     73.1049	     74.6984	    0.613073
          66	     72.3411	     74.6626	    0.604824
          67	     85.0247	     74.8173	    0.615252
          68	     74.5724	     74.8137	    0.606215
          69	     79.9521	     74.8882	    0.601986
          70	      75.151	     74.8919	    0.593398
          71	     81.3193	     74.9824	    0.591905
          72	     68.9795	     74.8991	    0.589527
          73	     79.0466	     74.9559	    0.584183
          74	     78.8333	     75.0083	    0.578633
          75	     82.4956	     75.1081	    0.579466
          76	     74.9017	     75.1054	    0.571848
          77	     70.5616	     75.0464	    0.567458
          78	     73.1485	     75.0221	    0.560704
          79	     69.5615	     74.9529	    0.557851
          80	     75.0309	     74.9539	    0.550878
          81	     77.1974	     74.9816	    0.544773
          82	      69.688	     74.9171	    0.541941
          83	     73.5144	     74.9002	    0.535675
          84	     73.6483	     74.8853	    0.529505
          85	     76.1744	     74.9004	    0.523493
          86	     86.9319	     75.0403	    0.535774
          87	     79.0421	     75.0863	    0.531586
          88	     79.0519	     75.1314	    0.527452
          89	     72.9767	     75.1072	    0.522081
          90	     72.6608	       75.08	    0.516987
          91	     73.8344	     75.0663	    0.511487
          92	     74.6322	     75.0616	    0.505949
          93	     79.4515	     75.1088	    0.502706
          94	     72.0814	     75.0766	    0.498389
          95	     81.4901	     75.1441	    0.497694
          96	     82.1453	      75.217	    0.497824
          97	     74.7923	     75.2126	    0.492711
          98	     69.2622	     75.1519	    0.491411
          99	     75.3287	     75.1537	     0.48645
         100	     68.7089	     75.0893	    0.485836
