#     BLOCK:   ACTUAL_M:     M_AVE:       ERROR:
           1	    -0.02428	    -0.02428	           0
           2	    -0.00604	    -0.01516	  0.00644881
           3	    -0.01752	  -0.0159467	  0.00434693
           4	     -0.0322	    -0.02001	  0.00479707
           5	     0.00064	    -0.01588	  0.00532664
           6	    -0.02108	  -0.0167467	  0.00450882
           7	    -0.00492	  -0.0150571	  0.00416925
           8	    -0.02784	   -0.016655	  0.00394241
           9	    -0.02376	  -0.0174444	  0.00358253
          10	    -0.03044	   -0.018744	  0.00345195
          11	    -0.03604	  -0.0203164	  0.00347785
          12	      -0.008	    -0.01929	  0.00333604
          13	    -0.04896	  -0.0215723	  0.00378036
          14	    -0.02896	     -0.0221	  0.00354697
          15	     -0.0174	  -0.0217867	  0.00332432
          16	    -0.02664	    -0.02209	  0.00313035
          17	     0.00292	  -0.0206188	  0.00327372
          18	    -0.03516	  -0.0214267	  0.00318996
          19	    -0.03468	  -0.0221242	   0.0030974
          20	     -0.0256	   -0.022298	   0.0029474
          21	    -0.05008	   -0.023621	  0.00308972
          22	    -0.04972	  -0.0248073	  0.00316885
          23	    -0.00832	  -0.0240904	   0.0031111
          24	    -0.03152	     -0.0244	  0.00299683
          25	    -0.01984	  -0.0242176	   0.0028825
          26	    -0.02788	  -0.0243585	  0.00277508
          27	    -0.03068	  -0.0245926	  0.00268216
          28	     0.01128	  -0.0233114	  0.00287612
          29	    -0.02064	  -0.0232193	  0.00277841
          30	    -0.02356	  -0.0232307	  0.00268582
          31	     0.02284	  -0.0217445	  0.00298214
          32	     -0.0126	  -0.0214587	  0.00290261
          33	    -0.01464	  -0.0212521	  0.00282199
          34	    -0.02424	    -0.02134	  0.00274036
          35	    -0.01592	  -0.0211851	  0.00266644
          36	    -0.03024	  -0.0214367	  0.00260421
          37	     0.02268	  -0.0202443	  0.00279348
          38	    -0.05004	  -0.0210284	  0.00282787
          39	    -0.01296	  -0.0208215	  0.00276292
          40	     -0.0142	   -0.020656	   0.0026988
          41	     0.01072	  -0.0198907	  0.00273932
          42	     0.01964	  -0.0189495	  0.00283118
          43	     -0.0088	  -0.0187135	  0.00277516
          44	    -0.02704	  -0.0189027	  0.00271854
          45	     -0.0232	  -0.0189982	   0.0026598
          46	    -0.00452	  -0.0186835	  0.00262054
          47	    -0.02492	  -0.0188162	  0.00256814
          48	    -0.05592	  -0.0195892	   0.0026284
          49	    -0.01676	  -0.0195314	  0.00257539
          50	     -0.0232	  -0.0196048	  0.00252493
          51	    -0.03656	  -0.0199373	  0.00249721
          52	       -0.03	  -0.0201308	  0.00245667
          53	    -0.05112	  -0.0207155	  0.00247892
          54	    -0.01504	  -0.0206104	  0.00243525
          55	     0.02008	  -0.0198705	  0.00250082
          56	    -0.01064	  -0.0197057	  0.00246159
          57	    -0.06384	    -0.02048	  0.00253726
          58	    -0.05216	  -0.0210262	  0.00255163
          59	    -0.06576	  -0.0217844	  0.00261861
          60	    -0.03884	  -0.0220687	  0.00259035
          61	    -0.03268	  -0.0222426	  0.00255372
          62	    -0.05196	  -0.0227219	  0.00255711
          63	    -0.03968	  -0.0229911	  0.00253065
          64	    -0.01372	  -0.0228462	  0.00249525
          65	      -0.035	  -0.0230332	  0.00246386
          66	     -0.0412	  -0.0233085	  0.00244186
          67	    -0.05364	  -0.0237612	  0.00244702
          68	    -0.02724	  -0.0238124	  0.00241156
          69	     -0.0464	  -0.0241397	  0.00239873
          70	    -0.01436	      -0.024	  0.00236853
          71	    -0.04284	  -0.0242654	  0.00234998
          72	    -0.02432	  -0.0242661	  0.00231735
          73	    -0.02444	  -0.0242685	   0.0022856
          74	     -0.0512	  -0.0246324	  0.00228351
          75	     0.00448	  -0.0242443	  0.00228581
          76	    -0.00016	  -0.0239274	   0.0022776
          77	    -0.02112	  -0.0238909	  0.00224831
          78	     -0.0384	  -0.0240769	  0.00222717
          79	     0.01456	  -0.0235878	  0.00225204
          80	    -0.01956	  -0.0235375	  0.00222445
          81	    -0.01668	  -0.0234528	   0.0021986
          82	    -0.03284	  -0.0235673	  0.00217476
          83	    -0.03944	  -0.0237586	  0.00215695
          84	    -0.01356	  -0.0236371	  0.00213469
          85	    -0.03596	  -0.0237821	  0.00211449
          86	    -0.04336	  -0.0240098	  0.00210212
          87	    -0.05424	  -0.0243572	  0.00210648
          88	    -0.05712	  -0.0247295	  0.00211519
          89	    -0.00948	  -0.0245582	  0.00209835
          90	    -0.01328	  -0.0244329	  0.00207878
          91	    -0.02236	  -0.0244101	  0.00205606
          92	    -0.05128	  -0.0247022	  0.00205435
          93	    -0.02432	  -0.0246981	  0.00203226
          94	    -0.02732	   -0.024726	  0.00201083
          95	    -0.00416	  -0.0245095	  0.00200129
          96	    -0.02872	  -0.0245533	  0.00198092
          97	    -0.03796	  -0.0246915	  0.00196531
          98	    -0.02672	  -0.0247122	  0.00194537
          99	    -0.05188	  -0.0249867	  0.00194498
         100	    -0.03108	  -0.0250476	  0.00192648
