#     BLOCK:   ACTUAL_CV:    CV_AVE:      ERROR:
               1	        0.274047	        0.274047	               0
               2	        0.271701	        0.272874	     0.000829382
               3	        0.269768	        0.271838	      0.00101013
               4	        0.267485	         0.27075	       0.0012093
               5	        0.277012	        0.272002	      0.00148007
               6	        0.266876	        0.271148	      0.00145928
               7	        0.259037	        0.269418	      0.00203236
               8	         0.26144	        0.268421	      0.00200809
               9	        0.263772	        0.267904	      0.00185021
              10	        0.263676	        0.267481	      0.00171282
              11	        0.262184	           0.267	      0.00162339
              12	        0.268726	        0.267144	      0.00149447
              13	        0.271524	        0.267481	      0.00141699
              14	        0.259118	        0.266883	      0.00143617
              15	        0.260714	        0.266472	      0.00139808
              16	        0.271937	        0.266814	      0.00135178
              17	        0.274238	         0.26725	      0.00134097
              18	        0.271142	        0.267466	      0.00128378
              19	        0.265583	        0.267367	      0.00122003
              20	        0.262464	        0.267122	      0.00118341
              21	        0.266665	          0.2671	      0.00112726
              22	        0.263243	        0.266925	      0.00108957
              23	        0.266996	        0.266928	       0.0010422
              24	         0.26625	          0.2669	     0.000999159
              25	         0.26469	        0.266811	     0.000963093
              26	        0.266122	        0.266785	     0.000926417
              27	        0.267873	        0.266825	      0.00089298
              28	        0.264503	        0.266742	      0.00086493
              29	        0.260547	        0.266529	     0.000861085
              30	        0.266293	        0.266521	     0.000832418
              31	        0.266516	        0.266521	     0.000805566
              32	        0.267606	        0.266555	     0.000781107
              33	        0.267787	        0.266592	     0.000758329
              34	        0.264519	        0.266531	     0.000738472
              35	        0.271179	        0.266664	     0.000729218
              36	        0.264281	        0.266598	      0.00071196
              37	        0.267859	        0.266632	     0.000693534
              38	        0.263337	        0.266545	      0.00068068
              39	        0.265523	        0.266519	      0.00066373
              40	        0.264534	        0.266469	     0.000648989
              41	        0.265358	        0.266442	     0.000633726
              42	        0.267297	        0.266462	     0.000618964
              43	        0.263647	        0.266397	     0.000608023
              44	        0.261556	        0.266287	     0.000604077
              45	        0.266953	        0.266302	     0.000590834
              46	        0.269357	        0.266368	     0.000581712
              47	         0.26551	         0.26635	     0.000569622
              48	        0.257439	        0.266164	      0.00058723
              49	        0.272786	        0.266299	     0.000590588
              50	        0.260721	        0.266188	     0.000589219
              51	        0.264166	        0.266148	     0.000578998
              52	        0.267156	        0.266168	     0.000568188
              53	        0.270916	        0.266257	     0.000564488
              54	        0.265194	        0.266237	     0.000554378
              55	        0.263052	         0.26618	     0.000547315
              56	        0.266889	        0.266192	     0.000537688
              57	        0.259842	        0.266081	     0.000539673
              58	        0.261343	        0.265999	     0.000536514
              59	         0.26681	        0.266013	     0.000527596
              60	        0.270168	        0.266082	     0.000523329
              61	        0.264967	        0.266064	     0.000515069
              62	        0.267822	        0.266092	     0.000507542
              63	         0.26567	        0.266086	      0.00049953
              64	        0.262755	        0.266033	     0.000494428
              65	        0.263561	        0.265995	     0.000488283
              66	        0.262487	        0.265942	     0.000483769
              67	        0.264395	        0.265919	     0.000477099
              68	        0.264669	        0.265901	     0.000470437
              69	        0.265674	        0.265898	     0.000463631
              70	        0.260504	         0.26582	     0.000463365
              71	        0.260136	         0.26574	     0.000463705
              72	        0.268977	        0.265785	     0.000459438
              73	         0.26361	        0.265756	     0.000454109
              74	        0.269942	        0.265812	     0.000451483
              75	        0.264112	        0.265789	     0.000446031
              76	        0.260417	        0.265719	      0.00044573
              77	        0.271221	         0.26579	     0.000445633
              78	        0.268096	         0.26582	     0.000440899
              79	        0.265174	        0.265812	     0.000435394
              80	        0.273694	         0.26591	     0.000440959
              81	         0.26594	        0.265911	     0.000435515
              82	        0.269059	        0.265949	     0.000431893
              83	        0.269577	        0.265993	     0.000428896
              84	        0.269034	        0.266029	     0.000425315
              85	        0.258977	        0.265946	     0.000428327
              86	        0.270388	        0.265998	     0.000426449
              87	        0.269499	        0.266038	     0.000423442
              88	         0.25947	        0.265963	     0.000425157
              89	        0.270138	         0.26601	      0.00042296
              90	        0.258117	        0.265922	     0.000427256
              91	         0.25942	        0.265851	     0.000428493
              92	        0.264757	        0.265839	        0.000424
              93	        0.268288	        0.265865	     0.000420258
              94	        0.261997	        0.265824	     0.000417797
              95	        0.265569	        0.265822	     0.000413408
              96	        0.266941	        0.265833	     0.000409266
              97	        0.267115	        0.265846	      0.00040526
              98	        0.266552	        0.265854	     0.000401189
              99	        0.266704	        0.265862	     0.000397228
             100	        0.272062	        0.265924	     0.000398065
             101	        0.269126	        0.265956	     0.000395384
             102	        0.259679	        0.265894	     0.000396268
             103	        0.263177	        0.265868	     0.000393298
             104	        0.270229	         0.26591	     0.000391746
             105	         0.27063	        0.265955	     0.000390586
             106	        0.270216	        0.265995	     0.000388965
             107	        0.266832	        0.266003	     0.000385408
             108	        0.267069	        0.266013	     0.000381966
             109	        0.275892	        0.266103	     0.000389067
             110	        0.264509	        0.266089	       0.0003858
             111	        0.267325	          0.2661	     0.000382485
             112	        0.265034	         0.26609	     0.000379188
             113	        0.256391	        0.266005	     0.000385426
             114	         0.26699	        0.266013	     0.000382142
             115	        0.265459	        0.266008	      0.00037885
             116	        0.260886	        0.265964	     0.000378148
             117	        0.263627	        0.265944	     0.000375443
             118	        0.269201	        0.265972	     0.000373275
             119	        0.254734	        0.265878	     0.000381898
             120	        0.261163	        0.265838	     0.000380731
             121	        0.270056	        0.265873	     0.000379177
             122	        0.268076	        0.265891	     0.000376498
             123	        0.264677	        0.265881	     0.000373567
             124	         0.26125	        0.265844	     0.000372416
             125	        0.266275	        0.265847	     0.000369453
             126	        0.263812	        0.265831	     0.000366874
             127	         0.26536	        0.265827	     0.000364004
             128	        0.264589	        0.265818	     0.000361288
             129	        0.263183	        0.265797	     0.000359064
             130	         0.26764	        0.265812	     0.000356582
             131	        0.265452	        0.265809	     0.000353871
             132	        0.272417	        0.265859	     0.000354713
             133	        0.264364	        0.265848	     0.000352224
             134	        0.262088	         0.26582	     0.000350711
             135	        0.270427	        0.265854	      0.00034977
             136	        0.264742	        0.265846	     0.000347293
             137	        0.265706	        0.265845	      0.00034476
             138	         0.26949	        0.265871	     0.000343272
             139	        0.266052	        0.265872	     0.000340805
             140	        0.258291	        0.265818	     0.000342646
             141	        0.279065	        0.265912	     0.000352862
             142	        0.267076	         0.26592	     0.000350472
             143	        0.262554	        0.265897	     0.000348811
             144	        0.274874	        0.265959	     0.000351916
             145	        0.266683	        0.265964	     0.000349524
             146	        0.268312	         0.26598	       0.0003475
             147	        0.263225	        0.265961	     0.000345641
             148	        0.265862	        0.265961	     0.000343306
             149	        0.258717	        0.265912	     0.000344427
             150	        0.258788	        0.265865	      0.00034539
             151	        0.265179	         0.26586	     0.000343133
             152	        0.268344	        0.265876	     0.000341264
             153	        0.274067	         0.26593	     0.000343207
             154	        0.267155	        0.265938	      0.00034107
             155	        0.258775	        0.265892	     0.000341986
             156	        0.259176	        0.265849	     0.000342493
             157	        0.267025	        0.265856	     0.000340393
             158	        0.259814	        0.265818	      0.00034038
             159	        0.269368	         0.26584	     0.000338971
             160	        0.266314	        0.265843	     0.000336865
             161	        0.259638	        0.265805	      0.00033697
             162	        0.262034	        0.265781	     0.000335693
             163	        0.265675	        0.265781	     0.000333634
             164	        0.265078	        0.265776	     0.000331628
             165	        0.269601	          0.2658	     0.000330427
             166	        0.268086	        0.265813	     0.000328723
             167	        0.264427	        0.265805	     0.000326859
             168	        0.263859	        0.265793	     0.000325119
             169	        0.264893	        0.265788	     0.000323239
             170	        0.264752	        0.265782	     0.000321395
             171	        0.259919	        0.265748	     0.000321339
             172	        0.268559	        0.265764	     0.000319886
             173	        0.255569	        0.265705	      0.00032342
             174	        0.271172	        0.265737	     0.000323083
             175	        0.262551	        0.265718	      0.00032175
             176	        0.262439	          0.2657	      0.00032046
             177	        0.268834	        0.265717	     0.000319139
             178	         0.27065	        0.265745	     0.000318547
             179	        0.265492	        0.265744	      0.00031677
             180	        0.265451	        0.265742	     0.000315014
             181	        0.266319	        0.265745	      0.00031329
             182	        0.267276	        0.265754	     0.000311682
             183	        0.260642	        0.265726	     0.000311228
             184	        0.268398	         0.26574	     0.000309875
             185	        0.266224	        0.265743	     0.000308211
             186	        0.264774	        0.265738	     0.000306598
             187	        0.266281	        0.265741	     0.000304972
             188	        0.269962	        0.265763	     0.000304175
             189	        0.264547	        0.265757	     0.000302634
             190	        0.268216	         0.26577	     0.000301318
             191	         0.26087	        0.265744	      0.00030083
             192	        0.263236	        0.265731	     0.000299547
             193	        0.266799	        0.265736	     0.000298046
             194	        0.273671	        0.265777	     0.000299303
             195	        0.266413	        0.265781	     0.000297786
             196	        0.265393	        0.265779	     0.000296273
             197	        0.260682	        0.265753	     0.000295896
             198	        0.268908	        0.265769	     0.000294831
             199	        0.271882	        0.265799	     0.000294945
             200	        0.268559	        0.265813	     0.000293793
             201	        0.273668	        0.265852	     0.000294919
             202	        0.262233	        0.265834	     0.000294003
             203	         0.26736	        0.265842	     0.000292651
             204	        0.266353	        0.265844	     0.000291227
             205	        0.265196	        0.265841	     0.000289823
             206	        0.266579	        0.265845	     0.000288438
             207	        0.271691	        0.265873	     0.000288425
             208	        0.265355	        0.265871	     0.000287049
             209	        0.268643	        0.265884	     0.000285982
             210	        0.270744	        0.265907	     0.000285555
             211	         0.25859	        0.265872	       0.0002863
             212	        0.265431	         0.26587	     0.000284957
             213	        0.267144	        0.265876	     0.000283682
             214	        0.262374	         0.26586	     0.000282828
             215	        0.265824	         0.26586	     0.000281512
             216	        0.257994	        0.265823	     0.000282555
             217	        0.262496	        0.265808	     0.000281668
             218	        0.265211	        0.265805	      0.00028039
             219	        0.267136	        0.265811	     0.000279175
             220	        0.262081	        0.265794	      0.00027842
             221	        0.265228	        0.265792	     0.000277172
             222	        0.267956	        0.265801	     0.000276095
             223	        0.266534	        0.265805	     0.000274877
             224	        0.263058	        0.265792	     0.000273923
             225	        0.261081	        0.265772	     0.000273505
             226	        0.267887	        0.265781	     0.000272455
             227	        0.264264	        0.265774	     0.000271337
             228	        0.269755	        0.265792	     0.000270707
             229	        0.273665	        0.265826	       0.0002717
             230	        0.264401	         0.26582	     0.000270589
             231	        0.265794	         0.26582	     0.000269418
             232	        0.263651	         0.26581	     0.000268419
             233	         0.26308	        0.265799	     0.000267522
             234	        0.274255	        0.265835	     0.000268809
             235	        0.265927	        0.265835	     0.000267666
             236	        0.268885	        0.265848	     0.000266843
             237	         0.26296	        0.265836	     0.000265995
             238	        0.258173	        0.265804	     0.000266819
             239	        0.262505	         0.26579	     0.000266059
             240	        0.266601	        0.265793	     0.000264972
             241	        0.273391	        0.265825	     0.000265742
             242	        0.254772	        0.265779	     0.000268539
             243	        0.270162	        0.265797	     0.000268039
             244	        0.268029	        0.265806	     0.000267097
             245	        0.268795	        0.265819	     0.000266285
             246	        0.263631	         0.26581	     0.000265351
             247	        0.265995	         0.26581	     0.000264278
             248	        0.268596	        0.265822	     0.000263451
             249	        0.271149	        0.265843	      0.00026326
             250	        0.261705	        0.265826	     0.000262726
             251	        0.272449	        0.265853	     0.000263001
             252	        0.276037	        0.265893	     0.000265044
             253	        0.269437	        0.265907	     0.000264367
             254	        0.266616	         0.26591	     0.000263341
             255	        0.260833	         0.26589	      0.00026306
             256	        0.263186	         0.26588	     0.000262244
             257	        0.267028	        0.265884	     0.000261262
             258	        0.267495	         0.26589	     0.000260324
             259	        0.254714	        0.265847	     0.000262871
             260	        0.269696	        0.265862	     0.000262276
             261	          0.2666	        0.265865	     0.000261286
             262	        0.262879	        0.265853	     0.000260538
             263	        0.259069	        0.265828	     0.000260821
             264	        0.266685	        0.265831	     0.000259853
             265	        0.265649	         0.26583	     0.000258873
             266	        0.263205	         0.26582	     0.000258088
             267	         0.26796	        0.265828	     0.000257246
             268	        0.260495	        0.265808	     0.000257055
             269	        0.266659	        0.265812	     0.000256119
             270	        0.266574	        0.265814	     0.000255186
             271	        0.273048	        0.265841	     0.000255636
             272	        0.270354	        0.265858	     0.000255234
             273	        0.276118	        0.265895	     0.000257051
             274	        0.254195	        0.265853	     0.000259636
             275	         0.26618	        0.265854	     0.000258695
             276	        0.264703	         0.26585	     0.000257791
             277	        0.261048	        0.265832	     0.000257442
             278	        0.271114	        0.265851	     0.000257217
             279	        0.269696	        0.265865	     0.000256664
             280	        0.260393	        0.265845	      0.00025649
             281	        0.261661	        0.265831	     0.000256009
             282	         0.27791	        0.265873	      0.00025866
             283	        0.267456	        0.265879	     0.000257806
             284	        0.259569	        0.265857	     0.000257854
             285	        0.273997	        0.265885	     0.000258526
             286	        0.266399	        0.265887	     0.000257629
             287	        0.263181	        0.265878	     0.000256903
             288	        0.266475	         0.26588	      0.00025602
             289	        0.267528	        0.265886	     0.000255197
             290	        0.260729	        0.265868	     0.000254936
             291	        0.267549	        0.265874	     0.000254126
             292	        0.265312	        0.265872	     0.000253263
             293	        0.258707	        0.265847	     0.000253576
             294	        0.261464	        0.265832	     0.000253151
             295	        0.272146	        0.265854	     0.000253196
             296	        0.263091	        0.265844	     0.000252513
             297	        0.265259	        0.265842	      0.00025167
             298	        0.263265	        0.265834	     0.000250974
             299	        0.260876	        0.265817	     0.000250682
             300	        0.265971	        0.265818	     0.000249847
             301	        0.257136	        0.265789	     0.000250676
             302	         0.26563	        0.265788	     0.000249847
             303	        0.271462	        0.265807	     0.000249723
             304	        0.268069	        0.265814	     0.000249012
             305	          0.2654	        0.265813	     0.000248199
             306	        0.268939	        0.265823	     0.000247599
             307	        0.268732	        0.265833	     0.000246973
             308	        0.265719	        0.265832	     0.000246172
             309	        0.270576	        0.265848	     0.000245853
             310	        0.272963	        0.265871	     0.000246129
             311	        0.258603	        0.265847	     0.000246445
             312	         0.26439	        0.265843	     0.000245699
             313	        0.272212	        0.265863	     0.000245755
             314	        0.264416	        0.265858	     0.000245016
             315	        0.267414	        0.265863	     0.000244288
             316	        0.269018	        0.265873	     0.000243719
             317	        0.267822	        0.265879	     0.000243027
             318	        0.262129	        0.265868	     0.000242549
             319	         0.26414	        0.265862	     0.000241849
             320	        0.267739	        0.265868	     0.000241165
             321	        0.270528	        0.265883	      0.00024085
             322	        0.271464	          0.2659	     0.000240725
             323	        0.263912	        0.265894	     0.000240058
             324	        0.254774	        0.265859	     0.000241758
             325	        0.265455	        0.265858	     0.000241017
             326	         0.25675	         0.26583	     0.000241892
             327	        0.260279	        0.265813	     0.000241747
             328	        0.265358	        0.265812	     0.000241014
             329	        0.263838	        0.265806	     0.000240356
             330	        0.265336	        0.265805	     0.000239632
             331	          0.2646	        0.265801	     0.000238936
             332	        0.261913	        0.265789	     0.000238503
             333	        0.268168	        0.265796	     0.000237894
             334	        0.262997	        0.265788	     0.000237329
             335	        0.259451	        0.265769	     0.000237373
             336	        0.257676	        0.265745	     0.000237885
             337	        0.274704	        0.265772	      0.00023866
             338	        0.258993	        0.265751	     0.000238795
             339	        0.268591	         0.26576	     0.000238238
             340	        0.268281	        0.265767	     0.000237652
             341	        0.266593	         0.26577	     0.000236968
             342	          0.2627	        0.265761	     0.000236445
             343	        0.259796	        0.265743	     0.000236394
             344	        0.257311	        0.265719	     0.000236974
             345	        0.268745	        0.265728	      0.00023645
             346	        0.263185	         0.26572	     0.000235881
             347	        0.264143	        0.265716	     0.000235245
             348	        0.265952	        0.265716	      0.00023457
             349	        0.269346	        0.265727	     0.000234128
             350	        0.265249	        0.265725	     0.000233463
             351	        0.265331	        0.265724	     0.000232801
             352	        0.260709	         0.26571	     0.000232575
             353	        0.267123	        0.265714	      0.00023195
             354	        0.268922	        0.265723	     0.000231472
             355	        0.263486	        0.265717	     0.000230906
             356	        0.268102	        0.265723	     0.000230354
             357	        0.264477	         0.26572	     0.000229735
             358	         0.27309	        0.265741	     0.000230014
             359	        0.265917	        0.265741	     0.000229374
             360	        0.270603	        0.265755	     0.000229134
             361	        0.257922	        0.265733	     0.000229525
             362	        0.265166	        0.265731	     0.000228896
             363	        0.268662	        0.265739	     0.000228408
             364	        0.267759	        0.265745	     0.000227848
             365	        0.260313	         0.26573	     0.000227709
             366	        0.261052	        0.265717	     0.000227445
             367	        0.268532	        0.265725	     0.000226955
             368	        0.268376	        0.265732	     0.000226452
             369	        0.271048	        0.265747	     0.000226296
             370	        0.268898	        0.265755	     0.000225845
             371	        0.258496	        0.265735	     0.000226082
             372	        0.268135	        0.265742	     0.000225566
             373	        0.262379	        0.265733	     0.000225142
             374	        0.263232	        0.265726	     0.000224639
             375	        0.262909	        0.265719	     0.000224166
             376	        0.272396	        0.265736	     0.000224272
             377	        0.264576	        0.265733	     0.000223698
             378	        0.270312	        0.265746	     0.000223434
             379	        0.261464	        0.265734	      0.00022313
             380	         0.26417	         0.26573	      0.00022258
             381	        0.272402	        0.265748	     0.000222684
             382	        0.262184	        0.265738	     0.000222296
             383	        0.262258	        0.265729	     0.000221902
             384	        0.259662	        0.265713	     0.000221886
             385	        0.271692	        0.265729	     0.000221852
             386	        0.266906	        0.265732	     0.000221298
             387	        0.265848	        0.265732	     0.000220727
             388	        0.258405	        0.265713	     0.000220964
             389	        0.262336	        0.265705	     0.000220567
             390	        0.266802	        0.265708	     0.000220019
             391	        0.262182	        0.265699	     0.000219641
             392	        0.260332	        0.265685	     0.000219507
             393	        0.262062	        0.265676	     0.000219142
             394	         0.26268	        0.265668	     0.000218718
             395	        0.259845	        0.265653	      0.00021866
             396	        0.266541	        0.265655	      0.00021812
             397	        0.265312	        0.265655	     0.000217572
             398	        0.263568	        0.265649	     0.000217088
             399	        0.264261	        0.265646	     0.000216572
             400	        0.264418	        0.265643	     0.000216052
             401	        0.265413	        0.265642	     0.000215514
             402	        0.257552	        0.265622	     0.000215916
             403	        0.259666	        0.265607	     0.000215885
             404	        0.267207	        0.265611	     0.000215387
             405	         0.27247	        0.265628	      0.00021552
             406	        0.268301	        0.265635	      0.00021509
             407	        0.267861	         0.26564	     0.000214631
             408	        0.263922	        0.265636	     0.000214146
             409	        0.256516	        0.265614	      0.00021478
             410	        0.266728	        0.265617	     0.000214274
             411	        0.262358	        0.265609	     0.000213899
             412	        0.270544	        0.265621	     0.000213715
             413	        0.263169	        0.265615	      0.00021328
             414	        0.268625	        0.265622	     0.000212889
             415	        0.255486	        0.265597	     0.000213772
             416	        0.261411	        0.265587	     0.000213495
             417	        0.265574	        0.265587	     0.000212983
             418	        0.266596	         0.26559	     0.000212487
             419	        0.279225	        0.265622	     0.000214457
             420	        0.270708	        0.265634	     0.000214288
             421	        0.269474	        0.265644	     0.000213973
             422	         0.26291	        0.265637	     0.000213564
             423	        0.266117	        0.265638	     0.000213063
             424	        0.265424	        0.265638	     0.000212561
             425	        0.274271	        0.265658	     0.000213029
             426	        0.265278	        0.265657	     0.000212531
             427	        0.261083	        0.265646	     0.000212303
             428	         0.26356	        0.265642	     0.000211863
             429	        0.261963	        0.265633	     0.000211542
             430	        0.269636	        0.265642	     0.000211255
             431	        0.262798	        0.265636	     0.000210868
             432	        0.270295	        0.265646	     0.000210656
             433	        0.267594	        0.265651	     0.000210217
             434	        0.271645	        0.265665	     0.000210186
             435	        0.268062	         0.26567	     0.000209775
             436	        0.269884	         0.26568	     0.000209516
             437	        0.264911	        0.265678	     0.000209044
             438	        0.275395	          0.2657	     0.000209741
             439	        0.270702	        0.265712	     0.000209572
             440	        0.261667	        0.265703	     0.000209297
             441	        0.264669	          0.2657	     0.000208836
             442	        0.266594	        0.265702	     0.000208373
             443	        0.277294	        0.265728	     0.000209539
             444	        0.263625	        0.265724	     0.000209121
             445	        0.263166	        0.265718	      0.00020873
             446	        0.256642	        0.265698	     0.000209252
             447	        0.262136	         0.26569	     0.000208935
             448	        0.268476	        0.265696	     0.000208561
             449	        0.268189	        0.265701	     0.000208171
             450	        0.265832	        0.265702	     0.000207708
             451	        0.257485	        0.265683	     0.000208045
             452	         0.26989	        0.265693	     0.000207793
             453	        0.257261	        0.265674	     0.000208166
             454	        0.263004	        0.265668	     0.000207791
             455	         0.27177	        0.265682	     0.000207766
             456	        0.269563	         0.26569	     0.000207485
             457	        0.266122	        0.265691	     0.000207033
             458	        0.262245	        0.265684	     0.000206718
             459	        0.262996	        0.265678	      0.00020635
             460	         0.25972	        0.265665	     0.000206308
             461	          0.2649	        0.265663	     0.000205867
             462	         0.26417	         0.26566	     0.000205447
             463	        0.270152	         0.26567	     0.000205232
             464	        0.264656	        0.265667	     0.000204801
             465	        0.270909	        0.265679	     0.000204671
             466	        0.265545	        0.265678	     0.000204232
             467	        0.268502	        0.265684	     0.000203884
             468	        0.264813	        0.265683	     0.000203457
             469	        0.268523	        0.265689	     0.000203113
             470	        0.266774	        0.265691	     0.000202694
             471	        0.267881	        0.265696	     0.000202317
             472	        0.265471	        0.265695	     0.000201889
             473	        0.266833	        0.265698	     0.000201477
             474	        0.259931	        0.265685	     0.000201418
             475	         0.26671	        0.265688	     0.000201006
             476	        0.269973	        0.265697	     0.000200785
             477	        0.262275	        0.265689	     0.000200492
             478	        0.260997	         0.26568	     0.000200313
             479	        0.265254	        0.265679	     0.000199897
             480	        0.262744	        0.265673	     0.000199574
             481	         0.25922	        0.265659	     0.000199609
             482	        0.267724	        0.265663	     0.000199241
             483	        0.263226	        0.265658	     0.000198893
             484	        0.263501	        0.265654	     0.000198532
             485	        0.259883	        0.265642	     0.000198479
             486	        0.257536	        0.265625	      0.00019877
             487	        0.268744	        0.265632	     0.000198465
             488	        0.258792	        0.265618	     0.000198552
             489	        0.264034	        0.265614	     0.000198173
             490	        0.265891	        0.265615	     0.000197769
             491	        0.269586	        0.265623	     0.000197531
             492	        0.265723	        0.265623	      0.00019713
             493	        0.270298	        0.265633	     0.000196958
             494	        0.270987	        0.265644	     0.000196857
             495	        0.264678	        0.265642	     0.000196469
             496	        0.268656	        0.265648	     0.000196167
             497	        0.262896	        0.265642	     0.000195851
             498	        0.271102	        0.265653	     0.000195764
             499	        0.265885	        0.265654	     0.000195372
             500	        0.258373	        0.265639	     0.000195523
