#     BLOCK:   ACTUAL_TE:    TE_AVE:      ERROR:
           1	   -0.414358	   -0.414358	           0
           2	   -0.416609	   -0.415483	 0.000795919
           3	   -0.414659	   -0.415209	  0.00057606
           4	   -0.408651	   -0.413569	  0.00148399
           5	   -0.422726	     -0.4154	  0.00202294
           6	   -0.416138	   -0.415523	  0.00168951
           7	   -0.411478	   -0.414945	  0.00154381
           8	   -0.410169	   -0.414348	  0.00146175
           9	    -0.40773	   -0.413613	  0.00147272
          10	   -0.413939	   -0.413646	  0.00132581
          11	    -0.40694	   -0.413036	  0.00133811
          12	   -0.419604	   -0.413583	  0.00133385
          13	   -0.420637	   -0.414126	  0.00133705
          14	   -0.418516	    -0.41444	  0.00127779
          15	   -0.421006	   -0.414877	  0.00126536
          16	   -0.422222	   -0.415336	   0.0012668
          17	    -0.41675	   -0.415419	  0.00119501
          18	   -0.417111	   -0.415513	  0.00113231
          19	   -0.418798	   -0.415686	  0.00108583
          20	   -0.414148	   -0.415609	  0.00103426
          21	   -0.412386	   -0.415456	 0.000996334
          22	   -0.421814	   -0.415745	 0.000992081
          23	   -0.412792	   -0.415617	 0.000957219
          24	   -0.413994	   -0.415549	 0.000919718
          25	   -0.418254	   -0.415657	 0.000889269
          26	   -0.416579	   -0.415693	 0.000855774
          27	    -0.41677	   -0.415732	 0.000825007
          28	   -0.411426	   -0.415579	  0.00080975
          29	   -0.418651	   -0.415685	 0.000788728
          30	   -0.412601	   -0.415582	 0.000769107
          31	   -0.410066	   -0.415404	 0.000764604
          32	    -0.41419	   -0.415366	  0.00074165
          33	   -0.419919	   -0.415504	 0.000731898
          34	   -0.411012	   -0.415372	 0.000722197
          35	   -0.416734	   -0.415411	 0.000702611
          36	   -0.413254	   -0.415351	 0.000685644
          37	   -0.409055	   -0.415181	 0.000687902
          38	   -0.419418	   -0.415292	 0.000678778
          39	   -0.412278	   -0.415215	 0.000665761
          40	   -0.414355	   -0.415193	 0.000649463
          41	    -0.42563	   -0.415448	 0.000681688
          42	   -0.424226	   -0.415657	 0.000696757
          43	   -0.410125	   -0.415528	  0.00069233
          44	   -0.415993	   -0.415539	 0.000676676
          45	   -0.411384	   -0.415447	 0.000667908
          46	   -0.420765	   -0.415562	 0.000663319
          47	   -0.419035	   -0.415636	 0.000653309
          48	   -0.416517	   -0.415654	 0.000639956
          49	   -0.408457	   -0.415507	 0.000643533
          50	   -0.416614	    -0.41553	 0.000631043
          51	   -0.428768	   -0.415789	 0.000669933
          52	   -0.418282	   -0.415837	 0.000658762
          53	   -0.415826	   -0.415837	 0.000646332
          54	   -0.427798	   -0.416058	 0.000671243
          55	   -0.417202	   -0.416079	 0.000659361
          56	   -0.413118	   -0.416026	 0.000649703
          57	   -0.413082	   -0.415975	 0.000640355
          58	    -0.41797	   -0.416009	 0.000630237
          59	   -0.418612	   -0.416053	 0.000621097
          60	   -0.420345	   -0.416125	  0.00061485
          61	   -0.415242	    -0.41611	 0.000604941
          62	   -0.420252	   -0.416177	 0.000598861
          63	   -0.416692	   -0.416185	 0.000589411
          64	   -0.410346	   -0.416094	 0.000587222
          65	    -0.41909	    -0.41614	 0.000579993
          66	   -0.419938	   -0.416198	 0.000574052
          67	   -0.414518	   -0.416173	 0.000566032
          68	   -0.416105	   -0.416172	 0.000557709
          69	   -0.425143	   -0.416302	 0.000564579
          70	    -0.42157	   -0.416377	 0.000561509
          71	   -0.414267	   -0.416347	 0.000554386
          72	   -0.414292	   -0.416319	  0.00054742
          73	   -0.417798	   -0.416339	 0.000540297
          74	   -0.422829	   -0.416427	 0.000540067
          75	   -0.413552	   -0.416388	 0.000534224
          76	   -0.412938	   -0.416343	  0.00052912
          77	   -0.418141	   -0.416366	 0.000522763
          78	   -0.415706	   -0.416358	 0.000516129
          79	   -0.422292	   -0.416433	 0.000515033
          80	   -0.422295	   -0.416506	 0.000513782
          81	   -0.421782	   -0.416571	 0.000511552
          82	   -0.418852	   -0.416599	 0.000506069
          83	   -0.419823	   -0.416638	  0.00050146
          84	   -0.417966	   -0.416654	  0.00049574
          85	   -0.417324	   -0.416662	  0.00048997
          86	   -0.427582	   -0.416789	 0.000500456
          87	   -0.413973	   -0.416756	 0.000495749
          88	   -0.415546	   -0.416742	 0.000490306
          89	   -0.424621	   -0.416831	 0.000492723
          90	   -0.428126	   -0.416957	 0.000502978
          91	   -0.414877	   -0.416934	  0.00049797
          92	   -0.405593	    -0.41681	 0.000507586
          93	   -0.416285	   -0.416805	 0.000502159
          94	   -0.423898	    -0.41688	 0.000502454
          95	   -0.417486	   -0.416887	 0.000497206
          96	   -0.420444	   -0.416924	 0.000493405
          97	    -0.41598	   -0.416914	 0.000488415
          98	   -0.416449	   -0.416909	 0.000483454
          99	   -0.410214	   -0.416842	 0.000483278
         100	   -0.415929	   -0.416832	 0.000478531
