#     BLOCK:   ACTUAL_CV:    CV_AVE:      ERROR:
           1	    0.399093	    0.399093	           0
           2	    0.434051	    0.416572	   0.0123594
           3	    0.443413	    0.425519	   0.0110117
           4	    0.433439	    0.427499	  0.00843495
           5	     0.40052	    0.422103	  0.00829617
           6	    0.496239	    0.434459	   0.0132296
           7	    0.455648	    0.437486	   0.0116808
           8	    0.453383	    0.439473	   0.0103884
           9	    0.440317	    0.439567	  0.00923451
          10	    0.390978	    0.434708	  0.00950379
          11	    0.410616	    0.432518	  0.00888859
          12	    0.424898	    0.431883	  0.00817053
          13	    0.537236	    0.439987	     0.01084
          14	    0.370805	    0.435046	   0.0111353
          15	    0.483455	    0.438273	   0.0108505
          16	    0.456973	    0.439442	   0.0102351
          17	    0.454656	    0.440337	  0.00967209
          18	    0.431124	    0.439825	  0.00914828
          19	    0.429322	    0.439272	  0.00868348
          20	     0.47026	    0.440821	  0.00838639
          21	    0.396108	    0.438692	   0.0082529
          22	    0.449608	    0.439188	  0.00789267
          23	    0.423533	    0.438508	  0.00757881
          24	     0.52408	    0.442073	  0.00805822
          25	    0.434285	    0.441762	  0.00774191
          26	    0.448734	     0.44203	  0.00744878
          27	    0.432142	    0.441664	   0.0071819
          28	    0.417614	    0.440805	  0.00697658
          29	    0.411585	    0.439797	  0.00680837
          30	    0.434505	    0.439621	  0.00658371
          31	    0.541926	    0.442921	  0.00715078
          32	    0.550521	    0.446283	   0.0076773
          33	     0.46078	    0.446723	  0.00745721
          34	    0.437008	    0.446437	  0.00724335
          35	    0.447008	    0.446453	  0.00703642
          36	    0.471387	    0.447146	  0.00687496
          37	    0.484987	    0.448169	   0.0067648
          38	    0.540541	    0.450599	  0.00700993
          39	    0.483349	    0.451439	  0.00688031
          40	    0.443137	    0.451232	  0.00671143
          41	    0.468352	    0.451649	  0.00656071
          42	    0.434224	    0.451234	  0.00641761
          43	     0.49384	    0.452225	  0.00634439
          44	     0.41954	    0.451482	  0.00624354
          45	    0.390417	    0.450125	  0.00625053
          46	    0.437107	    0.449842	  0.00612105
          47	    0.467062	    0.450209	  0.00600177
          48	    0.474975	    0.450725	  0.00589887
          49	    0.464773	    0.451011	  0.00578545
          50	    0.426291	    0.450517	  0.00569082
          51	    0.468859	    0.450877	  0.00559059
          52	    0.409376	    0.450078	  0.00553975
          53	    0.421613	    0.449541	   0.0054612
          54	    0.476035	    0.450032	  0.00538206
          55	    0.410089	    0.449306	  0.00533298
          56	    0.379197	    0.448054	  0.00538269
          57	    0.453731	    0.448153	  0.00528918
          58	    0.404243	    0.447396	  0.00525189
          59	    0.425445	    0.447024	  0.00517604
          60	    0.498156	    0.447877	  0.00515945
          61	    0.422565	    0.447462	  0.00509153
          62	    0.459228	    0.447651	  0.00501294
          63	    0.491458	    0.448347	  0.00498136
          64	    0.498544	    0.449131	  0.00496489
          65	    0.443718	    0.449048	  0.00488921
          66	    0.484341	    0.449582	  0.00484429
          67	    0.515885	    0.450572	  0.00487201
          68	    0.460045	    0.450711	  0.00480235
          69	    0.461485	    0.450868	  0.00473529
          70	    0.449776	    0.450852	  0.00466767
          71	    0.486795	    0.451358	   0.0046293
          72	    0.366021	    0.450173	  0.00471429
          73	    0.453169	    0.450214	  0.00464989
          74	    0.460277	     0.45035	  0.00458904
          75	    0.405381	     0.44975	  0.00456686
          76	    0.436497	    0.449576	   0.0045101
          77	    0.493758	     0.45015	  0.00448788
          78	    0.464562	    0.450335	  0.00443414
          79	    0.454603	    0.450389	  0.00437834
          80	    0.513344	    0.451176	  0.00439376
          81	     0.42338	    0.450832	   0.0043529
          82	    0.425423	    0.450523	  0.00431083
          83	    0.454208	    0.450567	  0.00425912
          84	    0.443601	    0.450484	  0.00420922
          85	    0.472736	    0.450746	  0.00416784
          86	    0.370192	    0.449809	  0.00422332
          87	    0.557072	    0.451042	  0.00435101
          88	    0.407206	    0.450544	  0.00432999
          89	    0.503335	    0.451137	  0.00432177
          90	    0.455159	    0.451182	  0.00427399
          91	    0.484794	    0.451551	  0.00424295
          92	    0.507232	    0.452156	  0.00423978
          93	    0.496026	    0.452628	  0.00422035
          94	    0.397494	    0.452041	  0.00421601
          95	    0.389388	    0.451382	   0.0042229
          96	     0.44593	    0.451325	  0.00417929
          97	    0.488021	    0.451703	   0.0041533
          98	    0.457593	    0.451764	  0.00411135
          99	    0.463525	    0.451882	  0.00407154
         100	    0.406756	    0.451431	  0.00405575
