#     BLOCK:   ACTUAL_CV:    CV_AVE:      ERROR:
               1	        0.443326	        0.443326	               0
               2	         0.43982	        0.441573	      0.00123956
               3	        0.455348	        0.446165	        0.003839
               4	        0.413961	        0.438114	      0.00754343
               5	        0.416718	        0.433835	      0.00714611
               6	        0.450186	         0.43656	      0.00645381
               7	        0.400211	        0.431367	      0.00732898
               8	        0.416406	        0.429497	      0.00664717
               9	        0.450498	        0.431831	      0.00630486
              10	        0.358249	        0.424472	       0.0089959
              11	        0.432961	        0.425244	      0.00821112
              12	        0.442149	        0.426653	      0.00764676
              13	        0.449028	        0.428374	      0.00724967
              14	        0.374659	        0.424537	      0.00768029
              15	        0.423216	        0.424449	      0.00716878
              16	        0.430746	        0.424843	      0.00673153
              17	        0.424632	         0.42483	      0.00633556
              18	        0.422613	        0.424707	      0.00598479
              19	        0.446345	        0.425846	      0.00577713
              20	        0.400585	        0.424583	      0.00562465
              21	        0.379841	        0.422452	      0.00574617
              22	        0.353853	        0.419334	      0.00627424
              23	        0.391721	        0.418134	      0.00611523
              24	        0.438799	        0.418995	      0.00592074
              25	        0.411266	        0.418686	      0.00569198
              26	        0.389119	        0.417548	       0.0055855
              27	        0.384268	        0.416316	      0.00551296
              28	        0.404196	        0.415883	      0.00533303
              29	         0.42789	        0.416297	      0.00516518
              30	        0.455402	          0.4176	      0.00515486
              31	         0.40686	        0.417254	       0.0050002
              32	        0.436512	        0.417856	      0.00488003
              33	        0.391836	        0.417067	      0.00479542
              34	        0.417757	        0.417088	      0.00465443
              35	        0.363646	        0.415561	      0.00476532
              36	        0.435464	        0.416114	      0.00466491
              37	        0.484604	        0.417965	      0.00489234
              38	        0.415684	        0.417905	      0.00476396
              39	        0.414502	        0.417817	       0.0046426
              40	         0.39357	        0.417211	      0.00456594
              41	        0.409753	        0.417029	       0.0044582
              42	         0.42026	        0.417106	      0.00435272
              43	         0.42968	        0.417399	       0.0042613
              44	        0.405753	        0.417134	      0.00417266
              45	        0.451746	        0.417903	      0.00415022
              46	        0.407012	        0.417666	      0.00406675
              47	        0.427113	        0.417867	      0.00398518
              48	        0.462587	        0.418799	      0.00400958
              49	        0.450287	        0.419442	      0.00397892
              50	        0.418172	        0.419416	      0.00389942
              51	        0.377484	        0.418594	      0.00390868
              52	        0.432024	        0.418852	      0.00384204
              53	           0.384	        0.418195	      0.00382541
              54	        0.437466	        0.418552	      0.00377118
              55	        0.441792	        0.418974	      0.00372621
              56	        0.349365	        0.417731	      0.00386143
              57	        0.416492	        0.417709	      0.00379375
              58	        0.472186	        0.418649	      0.00384285
              59	         0.35019	        0.417488	      0.00394901
              60	        0.376468	        0.416805	      0.00394193
              61	        0.407585	        0.416653	       0.0038802
              62	        0.494637	        0.417911	      0.00401631
              63	         0.46489	        0.418657	      0.00402119
              64	        0.563109	        0.420914	       0.0045479
              65	        0.440439	        0.421214	      0.00448784
              66	        0.477862	        0.422073	      0.00450117
              67	        0.473777	        0.422844	      0.00449965
              68	        0.424489	        0.422869	      0.00443355
              69	        0.488058	        0.423813	      0.00446882
              70	        0.454083	        0.424246	      0.00442585
              71	        0.403067	        0.423947	      0.00437356
              72	        0.377165	        0.423298	      0.00436081
              73	         0.40918	        0.423104	      0.00430536
              74	        0.383642	        0.422571	      0.00428008
              75	        0.397811	        0.422241	      0.00423572
              76	        0.457906	         0.42271	      0.00420591
              77	        0.428972	        0.422792	      0.00415207
              78	        0.448709	        0.423124	      0.00411211
              79	        0.401011	        0.422844	      0.00406958
              80	        0.349981	        0.421933	      0.00411937
              81	        0.418768	        0.421894	      0.00406869
              82	        0.407469	        0.421718	      0.00402288
              83	        0.373461	        0.421137	       0.0040162
              84	        0.388467	        0.420748	      0.00398718
              85	        0.501459	        0.421697	      0.00405176
              86	        0.429904	        0.421793	      0.00400577
              87	        0.392024	        0.421451	      0.00397431
              88	        0.463945	        0.421933	      0.00395838
              89	        0.448452	        0.422231	       0.0039251
              90	        0.372324	        0.421677	      0.00392046
              91	        0.392027	        0.421351	       0.0038909
              92	         0.42583	          0.4214	      0.00384891
              93	        0.374092	        0.420891	      0.00384099
              94	        0.375459	        0.420408	      0.00383042
              95	        0.365874	        0.419834	      0.00383287
              96	        0.451152	         0.42016	       0.0038068
              97	        0.440801	        0.420373	       0.0037735
              98	         0.40767	        0.420243	      0.00373722
              99	        0.410124	        0.420141	      0.00370087
             100	        0.406166	        0.420001	       0.0036665
             101	        0.472515	        0.420521	      0.00366688
             102	         0.41116	        0.420429	      0.00363207
             103	         0.43852	        0.420605	      0.00360106
             104	         0.47983	        0.421174	      0.00361118
             105	        0.441028	        0.421364	      0.00358173
             106	        0.397655	         0.42114	      0.00355492
             107	        0.381836	        0.420773	      0.00354062
             108	        0.416223	         0.42073	      0.00350809
             109	        0.419165	        0.420716	      0.00347593
             110	          0.4391	        0.420883	      0.00344835
             111	        0.427113	        0.420939	      0.00341774
             112	        0.423723	        0.420964	      0.00338732
             113	        0.447326	        0.421197	      0.00336536
             114	        0.352833	        0.420598	      0.00338885
             115	        0.503064	        0.421315	      0.00343442
             116	        0.372067	         0.42089	      0.00343095
             117	        0.491001	         0.42149	      0.00345356
             118	        0.421877	        0.421493	      0.00342429
             119	        0.447002	        0.421707	      0.00340222
             120	        0.425343	        0.421737	        0.003374
             121	        0.401089	        0.421567	      0.00335043
             122	        0.419128	        0.421547	      0.00332303
             123	        0.375161	         0.42117	      0.00331734
             124	        0.419837	        0.421159	      0.00329061
             125	        0.384922	        0.420869	      0.00327703
             126	        0.461429	        0.421191	      0.00326679
             127	        0.382108	        0.420883	      0.00325553
             128	        0.424489	        0.420911	      0.00323022
             129	        0.412153	        0.420844	      0.00320589
             130	        0.427527	        0.420895	      0.00318164
             131	        0.410116	        0.420813	      0.00315842
             132	        0.443995	        0.420988	      0.00313937
             133	        0.436615	        0.421106	      0.00311797
             134	         0.43623	        0.421219	      0.00309674
             135	        0.337108	        0.420596	      0.00313585
             136	        0.423486	        0.420617	      0.00311286
             137	         0.38468	        0.420355	      0.00310117
             138	        0.435825	        0.420467	      0.00308073
             139	        0.432275	        0.420552	      0.00305974
             140	        0.384945	        0.420297	      0.00304843
             141	        0.438049	        0.420423	      0.00302941
             142	        0.477859	        0.420828	      0.00303496
             143	         0.38697	        0.420591	      0.00302296
             144	        0.421213	        0.420595	      0.00300197
             145	        0.388275	        0.420372	      0.00298953
             146	        0.420803	        0.420375	      0.00296905
             147	        0.418165	         0.42036	      0.00294889
             148	        0.425385	        0.420394	      0.00292916
             149	        0.444906	        0.420559	      0.00291412
             150	        0.485392	        0.420991	      0.00292657
             151	        0.419969	        0.420984	       0.0029072
             152	        0.408831	        0.420904	      0.00288917
             153	        0.389051	        0.420696	      0.00287778
             154	        0.411316	        0.420635	      0.00285974
             155	        0.346428	        0.420156	      0.00288108
             156	        0.389629	        0.419961	      0.00286925
             157	        0.350911	        0.419521	      0.00288449
             158	        0.402219	        0.419411	      0.00286831
             159	        0.445006	        0.419572	      0.00285478
             160	        0.459793	        0.419824	      0.00284799
             161	        0.387418	        0.419622	       0.0028374
             162	        0.391012	        0.419446	      0.00282538
             163	        0.389559	        0.419262	      0.00281399
             164	        0.451714	         0.41946	      0.00280378
             165	         0.45094	        0.419651	      0.00279327
             166	        0.387558	        0.419458	      0.00278312
             167	        0.413869	        0.419424	      0.00276666
             168	        0.438775	        0.419539	      0.00275259
             169	        0.403073	        0.419442	      0.00273802
             170	        0.430759	        0.419509	      0.00272273
             171	        0.487137	        0.419904	      0.00273538
             172	        0.447879	        0.420067	       0.0027243
             173	        0.386254	        0.419871	      0.00271556
             174	        0.451056	        0.420051	      0.00270586
             175	        0.465151	        0.420308	      0.00270264
             176	        0.424531	        0.420332	      0.00268739
             177	        0.537827	        0.420996	      0.00275297
             178	        0.407898	        0.420922	      0.00273849
             179	        0.381404	        0.420702	      0.00273208
             180	        0.398963	        0.420581	      0.00271957
             181	         0.39502	         0.42044	      0.00270821
             182	        0.378834	        0.420211	      0.00270296
             183	        0.456017	        0.420407	      0.00269526
             184	        0.403345	        0.420314	      0.00268221
             185	        0.422214	        0.420324	      0.00266773
             186	        0.397596	        0.420202	      0.00265618
             187	        0.405096	        0.420121	      0.00264321
             188	        0.332456	        0.419655	      0.00266996
             189	        0.520762	         0.42019	       0.0027089
             190	        0.372398	        0.419938	      0.00270629
             191	        0.419953	        0.419938	      0.00269212
             192	        0.450458	        0.420097	      0.00268279
             193	        0.414144	        0.420067	      0.00266907
             194	        0.453487	        0.420239	      0.00266086
             195	        0.402522	        0.420148	      0.00264877
             196	        0.444163	        0.420271	      0.00263809
             197	        0.414002	        0.420239	      0.00262489
             198	        0.444552	        0.420362	       0.0026145
             199	        0.502123	        0.420772	      0.00263345
             200	        0.481475	        0.421076	      0.00263771
