#     BLOCK:   ACTUAL_X:     X_AVE:       ERROR:
           1	    0.880834	    0.880834	           0
           2	    0.778317	    0.829575	   0.0362454
           3	    0.866409	    0.841853	   0.0261606
           4	    0.888154	    0.853429	    0.022033
           5	    0.842625	    0.851268	    0.017732
           6	    0.855012	    0.851892	   0.0147877
           7	    0.762502	    0.839122	   0.0173331
           8	    0.851552	    0.840676	   0.0152359
           9	     0.81183	    0.837471	   0.0138761
          10	    0.844664	     0.83819	   0.0125071
          11	      0.8859	    0.842527	   0.0120988
          12	    0.849328	    0.843094	   0.0111038
          13	    0.898842	    0.847382	   0.0110467
          14	    0.798548	    0.843894	   0.0107944
          15	    0.890347	    0.846991	   0.0105096
          16	    0.781498	    0.842898	     0.01062
          17	    0.893405	    0.845869	   0.0104026
          18	    0.753575	    0.840741	   0.0110161
          19	    0.950641	    0.846526	    0.011858
          20	    0.791042	    0.843751	   0.0115851
          21	    0.806054	    0.841956	   0.0111716
          22	    0.829066	     0.84137	   0.0106792
          23	    0.945699	    0.845906	   0.0111366
          24	    0.792124	    0.843665	   0.0108957
          25	    0.892849	    0.845633	    0.010636
          26	    0.847691	    0.845712	   0.0102272
          27	    0.777266	    0.843177	   0.0101578
          28	    0.774239	    0.840715	    0.010089
          29	    0.903073	    0.842865	  0.00996757
          30	    0.793544	    0.841221	  0.00976996
          31	    0.849143	    0.841477	  0.00945814
          32	    0.877158	    0.842592	  0.00922807
          33	    0.794873	    0.841146	  0.00906102
          34	     0.90332	    0.842974	  0.00897715
          35	    0.775104	    0.841035	  0.00892764
          36	    0.874409	    0.841962	  0.00872765
          37	    0.798116	    0.840777	  0.00857184
          38	    0.823506	    0.840323	  0.00835831
          39	    0.840031	    0.840315	    0.008144
          40	    0.793081	    0.839134	  0.00802555
          41	    0.731768	    0.836516	  0.00824598
          42	    0.803552	    0.835731	  0.00808691
          43	     0.82088	    0.835385	  0.00790621
          44	     0.78851	     0.83432	  0.00779797
          45	     0.80834	    0.833743	  0.00764603
          46	    0.833359	    0.833734	  0.00747981
          47	    0.806517	    0.833155	  0.00734305
          48	    0.789992	    0.832256	  0.00724492
          49	    0.825514	    0.832119	  0.00709837
          50	    0.791506	    0.831306	  0.00700272
          51	    0.789097	    0.830479	  0.00691415
          52	    0.761853	    0.829159	  0.00690599
          53	    0.878703	    0.830094	  0.00683866
          54	    0.808896	    0.829701	  0.00672327
          55	    0.787398	    0.828932	  0.00664488
          56	    0.887629	     0.82998	  0.00660838
          57	    0.851521	    0.830358	  0.00650324
          58	    0.856958	    0.830817	  0.00640726
          59	    0.846672	    0.831085	   0.0063043
          60	    0.821066	    0.830918	  0.00620144
          61	    0.821622	    0.830766	  0.00610165
          62	    0.785421	    0.830035	  0.00604691
          63	    0.857081	    0.830464	  0.00596615
          64	    0.887506	    0.831355	  0.00593913
          65	    0.859676	    0.831791	  0.00586371
          66	    0.862116	     0.83225	  0.00579284
          67	    0.845622	     0.83245	  0.00570982
          68	    0.849575	    0.832702	   0.0056314
          69	    0.869776	    0.833239	  0.00557536
          70	    0.950301	    0.834911	  0.00574104
          71	    0.866687	    0.835359	   0.0056776
          72	    0.817915	    0.835117	  0.00560391
          73	    0.823042	    0.834951	  0.00552959
          74	    0.826162	    0.834833	  0.00545614
          75	    0.859645	    0.835163	  0.00539341
          76	    0.933375	    0.836456	  0.00547507
          77	    0.782919	     0.83576	  0.00544793
          78	    0.862425	    0.836102	   0.0053888
          79	    0.840741	    0.836161	  0.00532091
          80	    0.870857	    0.836595	  0.00527204
          81	    0.880402	    0.837135	  0.00523462
          82	    0.792834	    0.836595	  0.00519859
          83	    0.829344	    0.836508	  0.00513669
          84	    0.784371	    0.835887	   0.0051129
          85	    0.828201	    0.835797	  0.00505355
          86	    0.842069	     0.83587	  0.00499531
          87	    0.796324	    0.835415	  0.00495853
          88	    0.858255	    0.835675	  0.00490897
          89	    0.849359	    0.835828	  0.00485622
          90	    0.822301	    0.835678	  0.00480459
          91	    0.857328	    0.835916	  0.00475768
          92	    0.838641	    0.835946	  0.00470606
          93	    0.821992	    0.835796	  0.00465785
          94	    0.932263	    0.836822	  0.00471999
          95	    0.855722	    0.837021	   0.0046745
          96	    0.816618	    0.836808	  0.00463064
          97	    0.914873	    0.837613	  0.00465231
          98	    0.833421	     0.83757	  0.00460503
          99	    0.869961	    0.837897	  0.00457013
         100	    0.827799	    0.837796	  0.00452554
