#     BLOCK:  ACTUAL_PE:     PE_AVE:      ERROR:
           1    -5.05581    -5.05581           0
           2     -4.9734     -5.0146   0.0291367
           3    -5.00249    -5.01057   0.0197025
           4    -4.98611    -5.00445   0.0156967
           5     -5.1086    -5.02528   0.0224668
           6    -5.03027    -5.02611   0.0187377
           7    -4.97397    -5.01866   0.0174788
           8    -5.02347    -5.01926   0.0153043
           9    -4.97589    -5.01444   0.0143425
          10    -5.04355    -5.01736   0.0132003
          11    -5.03188    -5.01868   0.0120661
          12    -4.98554    -5.01591   0.0113722
          13    -5.10779    -5.02298   0.0125019
          14    -5.01532    -5.02243   0.0116209
          15    -5.03178    -5.02306   0.0108629
          16    -5.01127    -5.02232   0.0102089
          17    -5.02802    -5.02266  0.00961385
          18    -5.06957    -5.02526  0.00942642
          19    -4.97776    -5.02276  0.00925592
          20      -4.985    -5.02087  0.00898366
          21      -5.024    -5.02102   0.0085571
          22    -5.03342    -5.02159  0.00818667
          23    -5.00385    -5.02081  0.00786697
          24    -5.06372     -5.0226  0.00773961
          25    -5.01946    -5.02248  0.00743105
          26    -5.03891    -5.02311  0.00717208
          27    -4.99941    -5.02223  0.00695996
          28    -4.97643     -5.0206  0.00690094
          29    -5.06409    -5.02209  0.00682399
          30    -5.00416     -5.0215  0.00662267
          31    -5.05678    -5.02264  0.00650612
          32    -4.98721    -5.02153   0.0063963
          33    -5.01965    -5.02147  0.00620272
          34    -5.03876    -5.02198  0.00604109
          35    -5.06649    -5.02325  0.00600087
          36    -5.02011    -5.02316  0.00583482
          37    -4.94769    -5.02112  0.00602312
          38    -5.03209    -5.02141  0.00587152
          39    -5.04901    -5.02212  0.00576344
          40    -5.05894    -5.02304  0.00569238
          41    -5.01061    -5.02274  0.00556161
          42    -4.97693    -5.02165  0.00553509
          43    -5.05267    -5.02237  0.00545319
          44    -5.07611    -5.02359  0.00546432
          45    -5.05172    -5.02422  0.00537853
          46    -5.05571     -5.0249  0.00530501
          47    -4.92555    -5.02279  0.00559747
          48    -4.98783    -5.02206  0.00552804
          49    -4.97337    -5.02106  0.00550379
          50    -5.07544    -5.02215  0.00550011
          51    -5.05314    -5.02276  0.00542572
          52     -4.9761    -5.02186  0.00539507
          53    -5.01109    -5.02166   0.0052971
          54    -5.00222     -5.0213  0.00521122
          55    -5.08571    -5.02247  0.00524641
          56    -5.00856    -5.02222   0.0051586
          57    -5.01085    -5.02202  0.00507196
          58    -5.05286    -5.02255   0.0050123
          59    -5.00645    -5.02228  0.00493477
          60    -5.05381    -5.02281  0.00488042
          61    -5.04303    -5.02314  0.00481166
          62    -5.08797    -5.02418  0.00484633
          63    -4.99576    -5.02373  0.00479035
          64    -5.07018    -5.02446  0.00477015
          65     -5.1025    -5.02566   0.0048455
          66    -5.02182     -5.0256  0.00477243
          67    -4.94455    -5.02439  0.00485211
          68    -4.99591    -5.02397   0.0047988
          69    -5.03587    -5.02414  0.00473235
          70    -5.01422      -5.024  0.00466687
          71     -5.0617    -5.02453  0.00463124
          72    -5.01409    -5.02439  0.00456918
          73    -5.06098    -5.02489  0.00453401
          74    -5.04508    -5.02516  0.00448094
          75    -5.07388    -5.02581  0.00446803
          76    -4.97538    -5.02515  0.00445825
          77    -5.07288    -5.02577  0.00444323
          78    -5.08016    -5.02647  0.00444065
          79     -5.0376    -5.02661  0.00438668
          80    -5.01313    -5.02644  0.00433508
          81    -5.03504    -5.02654  0.00428286
          82    -5.04621    -5.02678  0.00423734
          83    -5.04352    -5.02699  0.00419108
          84    -5.01013    -5.02678  0.00414599
          85    -5.00438    -5.02652  0.00410558
          86    -5.09938    -5.02737  0.00414432
          87    -5.07984    -5.02797  0.00414033
          88    -5.09924    -5.02878  0.00417175
          89    -5.02353    -5.02872  0.00412529
          90     -5.0451     -5.0289  0.00408347
          91    -4.96052    -5.02815  0.00410715
          92    -4.98582    -5.02769   0.0040882
          93    -5.06765    -5.02812  0.00406676
          94    -5.01746    -5.02801  0.00402508
          95    -4.99625    -5.02767  0.00399657
          96    -4.94077    -5.02677  0.00405616
          97    -4.93639    -5.02584  0.00411998
          98    -5.04063    -5.02599   0.0040807
          99    -5.02049    -5.02593  0.00403986
         100    -5.00904    -5.02576  0.00400299
         101    -5.03727    -5.02588  0.00396497
         102    -5.02982    -5.02592  0.00392629
         103    -5.00035    -5.02567  0.00389601
         104    -5.09243    -5.02631  0.00391108
         105    -5.03333    -5.02638   0.0038744
         106    -5.05075    -5.02661  0.00384466
         107    -4.98275     -5.0262  0.00383052
         108    -5.04596    -5.02638  0.00379942
         109    -5.01583    -5.02628  0.00376579
         110    -5.02537    -5.02628  0.00373157
         111    -5.00101    -5.02605  0.00370488
         112    -5.04006    -5.02617  0.00367392
         113    -4.96517    -5.02563  0.00368086
         114    -4.99008    -5.02532  0.00366175
         115    -5.05257    -5.02556  0.00363757
         116    -5.02433    -5.02555  0.00360622
         117    -5.03416    -5.02562  0.00357615
         118     -5.0349     -5.0257  0.00354671
         119    -4.99919    -5.02548  0.00352389
         120    -5.07832    -5.02592  0.00352193
         121      -4.952    -5.02531  0.00354541
         122    -5.06107     -5.0256  0.00352845
         123    -5.02811    -5.02562  0.00349982
         124    -5.02919    -5.02565  0.00347171
         125    -5.01534    -5.02557  0.00344492
         126    -5.02437    -5.02556  0.00341759
         127    -5.04807    -5.02573  0.00339527
         128    -5.00949    -5.02561  0.00337112
         129    -4.91479    -5.02475   0.0034527
         130    -5.00068    -5.02456   0.0034311
         131    -5.01625     -5.0245   0.0034055
         132     -4.9961    -5.02428  0.00338649
         133    -5.08853    -5.02477   0.0033953
         134    -5.13034    -5.02556  0.00346017
         135    -5.04874    -5.02573   0.0034388
         136    -4.99244    -5.02548  0.00342221
         137    -5.02073    -5.02545  0.00339741
         138    -5.00903    -5.02533  0.00337487
         139    -5.00563    -5.02519  0.00335357
         140    -5.01135    -5.02509  0.00333107
         141    -5.03758    -5.02518  0.00330862
         142    -5.02002    -5.02514  0.00328552
         143    -5.00956    -5.02503  0.00326435
         144    -5.02234    -5.02501  0.00324173
         145     -5.0807     -5.0254  0.00324205
         146    -5.01171     -5.0253   0.0032212
         147    -5.04324    -5.02542   0.0032016
         148     -5.0083    -5.02531  0.00318205
         149    -5.01564    -5.02524  0.00316136
         150    -5.01327    -5.02516  0.00314129
         151    -5.05441    -5.02536  0.00312645
         152    -5.11126    -5.02592  0.00315654
         153    -5.04377    -5.02604  0.00313807
         154    -4.99173    -5.02582  0.00312559
         155     -4.9948    -5.02562  0.00311183
         156    -5.04214    -5.02572  0.00309368
         157    -5.05967    -5.02594  0.00308152
         158    -5.10832    -5.02646  0.00310582
         159    -5.02543    -5.02645  0.00308629
         160    -5.08537    -5.02682  0.00308889
         161    -4.96799    -5.02646  0.00309124
         162    -5.04975     -5.0266   0.0030755
         163     -5.0615    -5.02681  0.00306408
         164    -4.99419    -5.02662  0.00305185
         165    -5.02514    -5.02661  0.00303337
         166    -5.04391    -5.02671  0.00301688
         167    -5.04328    -5.02681  0.00300045
         168      -4.992     -5.0266  0.00298974
         169    -5.00204    -5.02646  0.00297558
         170     -5.0552    -5.02663  0.00296287
         171    -5.05384    -5.02679  0.00294982
         172     -5.0491    -5.02692  0.00293552
         173    -4.96453    -5.02655  0.00294061
         174      -5.042    -5.02664  0.00292505
         175    -5.03928    -5.02672  0.00290923
         176    -5.08711    -5.02706  0.00291287
         177    -5.01906    -5.02701  0.00289676
         178     -5.0522    -5.02716  0.00288394
         179    -5.08299    -5.02747  0.00288465
         180    -5.01955    -5.02742  0.00286896
         181    -5.03023    -5.02744  0.00285315
         182    -5.01164    -5.02735  0.00283879
         183    -5.04491    -5.02745   0.0028249
         184    -5.04695    -5.02755  0.00281154
         185    -4.99154    -5.02736  0.00280307
         186    -5.00524    -5.02724  0.00279052
         187    -5.01798    -5.02719  0.00277604
         188    -5.05599    -5.02734  0.00276549
         189    -5.04031    -5.02741  0.00275171
         190    -5.00212    -5.02728  0.00274045
         191    -5.00762    -5.02718  0.00272803
         192    -4.99861    -5.02703  0.00271788
         193    -5.03818    -5.02709  0.00270441
         194    -5.04484    -5.02718  0.00269202
         195    -5.04892    -5.02729  0.00268052
         196    -4.99692    -5.02713  0.00267132
         197    -4.96054     -5.0268  0.00267906
         198    -5.01658    -5.02674  0.00266603
         199    -4.96705    -5.02644  0.00266945
         200    -5.02103    -5.02642  0.00265624
         201    -5.04444    -5.02651  0.00264454
         202    -5.00741    -5.02641  0.00263314
         203    -5.07815    -5.02667  0.00263247
         204    -5.08555    -5.02696  0.00263534
         205    -5.04787    -5.02706  0.00262446
         206    -5.10007    -5.02741  0.00263554
         207    -5.06671     -5.0276  0.00262964
         208    -5.06832     -5.0278  0.00262427
         209    -5.04248    -5.02787  0.00261266
         210    -5.07774    -5.02811  0.00261099
         211    -5.04649    -5.02819  0.00260006
         212    -5.05677    -5.02833  0.00259129
         213    -4.92907    -5.02786  0.00262069
         214    -5.09322    -5.02817  0.00262618
         215    -5.03362    -5.02819  0.00261409
         216    -5.11956    -5.02862  0.00263599
         217    -5.07484    -5.02883  0.00263244
         218     -5.0393    -5.02888   0.0026208
         219    -5.01974    -5.02883  0.00260917
         220    -5.04829    -5.02892   0.0025988
         221    -5.11215     -5.0293  0.00261419
         222    -5.00985    -5.02921  0.00260388
         223    -4.97671    -5.02898  0.00260283
         224      -5.081    -5.02921  0.00260155
         225    -5.12154    -5.02962  0.00262215
         226    -4.97701    -5.02939  0.00262086
         227     -4.9857    -5.02919  0.00261637
         228    -5.01476    -5.02913  0.00260566
         229     -4.9949    -5.02898  0.00259857
         230    -5.06735    -5.02915  0.00259262
         231     -5.0586    -5.02928  0.00258453
         232    -5.00923    -5.02919  0.00257483
         233    -5.02304    -5.02916  0.00256392
         234    -5.01338     -5.0291  0.00255385
         235    -5.04316    -5.02916  0.00254368
         236    -5.08087    -5.02937  0.00254233
         237    -5.03003    -5.02938   0.0025316
         238    -5.08547    -5.02961  0.00253191
         239    -4.94846    -5.02927  0.00254398
         240    -5.00448    -5.02917  0.00253548
         241    -5.05097    -5.02926  0.00252657
         242    -4.98361    -5.02907  0.00252316
         243    -5.02398    -5.02905  0.00251286
         244    -5.00979    -5.02897  0.00250381
         245    -5.05675    -5.02909  0.00249615
         246     -5.0067    -5.02899  0.00248766
         247    -5.03927    -5.02904  0.00247794
         248    -5.06421    -5.02918    0.002472
         249    -5.01248    -5.02911  0.00246299
         250    -4.99471    -5.02897  0.00245697
         251    -5.04515    -5.02904  0.00244803
         252    -5.07586    -5.02922  0.00244536
         253    -5.01354    -5.02916  0.00243648
         254    -4.99737    -5.02904   0.0024301
         255    -5.02549    -5.02902  0.00242061
         256    -4.96957    -5.02879  0.00242227
         257    -5.00925    -5.02871  0.00241404
         258    -5.04191    -5.02876  0.00240522
         259    -5.04505    -5.02883  0.00239676
         260    -5.05536    -5.02893  0.00238971
         261    -5.01312    -5.02887  0.00238132
         262    -5.03714     -5.0289  0.00237244
         263    -5.07525    -5.02908  0.00236996
         264    -5.08183    -5.02928  0.00236939
         265    -5.03436     -5.0293  0.00236053
         266     -5.0078    -5.02922  0.00235303
         267    -5.02554     -5.0292  0.00234426
         268    -4.97106    -5.02898  0.00234553
         269     -5.0305    -5.02899  0.00233682
         270    -5.01084    -5.02892  0.00232913
         271    -5.05121    -5.02901  0.00232199
         272     -4.9938    -5.02888  0.00231706
         273    -5.00765     -5.0288  0.00230987
         274    -5.03498    -5.02882  0.00230155
         275    -4.98141    -5.02865  0.00229963
         276    -5.03521    -5.02867  0.00229142
         277     -5.0543    -5.02876  0.00228502
         278    -5.02342    -5.02875  0.00227688
         279    -5.02302    -5.02872  0.00226881
         280    -5.08298    -5.02892  0.00226897
         281    -5.00822    -5.02884  0.00226209
         282    -5.07651    -5.02901  0.00226037
         283    -5.05535    -5.02911   0.0022543
         284    -5.09264    -5.02933  0.00225743
         285     -5.0075    -5.02925  0.00225081
         286     -5.0255    -5.02924  0.00224298
         287    -4.99965    -5.02914  0.00223753
         288    -5.05624    -5.02923  0.00223174
         289    -5.07352    -5.02939  0.00222928
         290    -4.93253    -5.02905  0.00224647
         291    -5.04789    -5.02912  0.00223968
         292    -5.00106    -5.02902  0.00223407
         293    -4.98585    -5.02887   0.0022313
         294    -5.02245    -5.02885  0.00222381
         295    -4.98806    -5.02871  0.00222057
         296    -5.02545     -5.0287   0.0022131
         297    -5.08942    -5.02891  0.00221507
         298    -5.09776    -5.02914  0.00221965
         299    -5.06234    -5.02925    0.002215
         300    -5.06557    -5.02937  0.00221093
         301    -5.05921    -5.02947   0.0022058
         302     -5.0634    -5.02958  0.00220136
         303     -5.0462    -5.02964  0.00219478
         304    -5.01299    -5.02958  0.00218824
         305    -5.01154    -5.02952  0.00218186
         306     -4.9639    -5.02931  0.00218525
         307    -4.97352    -5.02913  0.00218567
         308    -5.00896    -5.02906  0.00217956
         309    -5.01621    -5.02902   0.0021729
         310    -5.00988    -5.02896  0.00216677
         311    -5.05892    -5.02905  0.00216194
         312    -5.00895    -5.02899  0.00215597
         313    -5.00284     -5.0289   0.0021507
         314    -5.01652    -5.02887  0.00214421
         315    -5.05214    -5.02894  0.00213868
         316    -5.05901    -5.02903  0.00213403
         317    -5.04283    -5.02908  0.00212774
         318    -5.04504    -5.02913  0.00212164
         319    -5.01728    -5.02909  0.00211531
         320    -4.99899      -5.029   0.0021108
         321    -5.10415    -5.02923  0.00211716
         322    -5.04521    -5.02928  0.00211117
         323    -5.09314    -5.02948  0.00211387
         324     -5.0078    -5.02941  0.00210841
         325    -5.08133    -5.02957  0.00210796
         326    -5.03234    -5.02958  0.00210151
         327    -4.98253    -5.02944  0.00210001
         328    -5.02727    -5.02943  0.00209361
         329    -5.02159    -5.02941  0.00208739
         330    -5.01909    -5.02937   0.0020813
         331    -5.02267    -5.02935  0.00207511
         332    -5.07017    -5.02948  0.00207249
         333    -5.05327    -5.02955   0.0020675
         334    -4.97771    -5.02939  0.00206713
         335    -5.05674    -5.02947  0.00206257
         336    -4.99433    -5.02937  0.00205908
         337    -5.03747    -5.02939  0.00205311
         338    -5.05414    -5.02947  0.00204834
         339     -5.0383    -5.02949  0.00204247
         340    -5.04406    -5.02954  0.00203691
         341    -5.01643     -5.0295   0.0020313
         342    -5.08363    -5.02966  0.00203152
         343    -5.01426    -5.02961  0.00202609
         344    -4.90735    -5.02926  0.00205114
         345    -5.08386    -5.02941  0.00205129
         346     -4.9229    -5.02911  0.00206833
         347    -5.04402    -5.02915  0.00206282
         348     -4.9799    -5.02901  0.00206174
         349    -5.03241    -5.02902  0.00205585
         350    -5.03839    -5.02904  0.00205015
         351     -4.9647    -5.02886  0.00205249
         352    -4.98715    -5.02874  0.00205008
         353    -4.96685    -5.02857  0.00205176
         354    -4.99435    -5.02847  0.00204824
         355    -5.09472    -5.02866  0.00205095
         356    -5.01426    -5.02862  0.00204559
         357    -5.06279    -5.02871   0.0020421
         358    -5.00799    -5.02865  0.00203721
         359    -4.99484    -5.02856  0.00203371
         360    -5.02448    -5.02855   0.0020281
         361    -5.04217    -5.02859  0.00202283
         362    -5.05453    -5.02866  0.00201851
         363    -4.96496    -5.02848  0.00202056
         364    -5.00221    -5.02841   0.0020163
         365    -5.04205    -5.02845  0.00201112
         366    -5.07334    -5.02857  0.00200937
         367    -5.02225    -5.02855  0.00200396
         368    -5.00415    -5.02849  0.00199962
         369    -5.02004    -5.02846  0.00199433
         370    -4.98407    -5.02834  0.00199254
         371    -5.08363    -5.02849  0.00199274
         372    -5.03732    -5.02852  0.00198752
         373    -5.03625    -5.02854   0.0019823
         374    -5.05902    -5.02862  0.00197868
         375    -4.96625    -5.02845  0.00198038
         376     -5.0607    -5.02854  0.00197697
         377    -4.99789    -5.02846  0.00197339
         378    -5.05679    -5.02853  0.00196959
         379     -5.1056    -5.02874  0.00197487
         380    -5.11089    -5.02895  0.00198147
         381    -5.00104    -5.02888  0.00197762
         382    -4.99189    -5.02878  0.00197481
         383    -4.96984    -5.02863  0.00197564
         384    -5.00556    -5.02857  0.00197141
         385    -4.99103    -5.02847   0.0019687
         386    -5.02633    -5.02846  0.00196361
         387    -5.00204     -5.0284  0.00195972
         388    -5.07044     -5.0285  0.00195766
         389    -5.09193    -5.02867  0.00195941
         390    -5.03538    -5.02869  0.00195446
         391    -5.06656    -5.02878  0.00195186
         392    -5.06407    -5.02887  0.00194896
         393     -5.0534    -5.02893    0.001945
         394    -5.04683    -5.02898  0.00194059
         395    -5.01711    -5.02895  0.00193591
         396    -5.04236    -5.02898  0.00193132
         397     -5.0058    -5.02893  0.00192734
         398    -5.05401    -5.02899  0.00192352
         399    -4.99828    -5.02891  0.00192024
         400    -5.03133    -5.02892  0.00191545
         401    -5.03729    -5.02894  0.00191079
         402    -4.98815    -5.02884  0.00190873
         403    -5.04872    -5.02889  0.00190463
         404    -4.99025    -5.02879  0.00190231
         405    -5.00598    -5.02873  0.00189845
         406     -5.0256    -5.02873  0.00189379
         407    -5.11387    -5.02894  0.00190066
         408    -5.09809    -5.02911  0.00190354
         409    -5.02018    -5.02908  0.00189901
         410    -5.00692    -5.02903  0.00189515
         411    -5.02514    -5.02902  0.00189056
         412     -5.0219      -5.029  0.00188605
         413    -5.05652    -5.02907  0.00188266
         414    -5.00358    -5.02901  0.00187912
         415    -5.04631    -5.02905  0.00187506
         416    -4.96959    -5.02891  0.00187599
         417    -4.99971    -5.02884  0.00187279
         418    -5.00652    -5.02878  0.00186908
         419     -5.0193    -5.02876  0.00186475
         420    -5.00121    -5.02869  0.00186147
         421    -5.01259    -5.02866  0.00185744
         422    -5.00058    -5.02859  0.00185423
         423    -4.92191    -5.02834  0.00186691
         424     -4.9831    -5.02823  0.00186556
         425    -5.00326    -5.02817  0.00186209
         426    -5.06257    -5.02825  0.00185947
         427    -5.00812    -5.02821  0.00185571
         428    -5.03154    -5.02821  0.00185139
         429     -5.0389    -5.02824  0.00184725
         430    -5.06502    -5.02832  0.00184493
         431    -5.04282    -5.02836  0.00184096
         432    -4.98971    -5.02827  0.00183887
         433    -4.97323    -5.02814  0.00183901
         434    -4.99583    -5.02807  0.00183628
         435    -5.05356    -5.02813  0.00183299
         436    -5.03415    -5.02814  0.00182884
         437    -5.07786    -5.02825  0.00182819
         438    -4.97313    -5.02813  0.00182834
         439    -5.03905    -5.02815  0.00182435
         440    -5.01903    -5.02813  0.00182032
         441    -5.01683    -5.02811  0.00181637
         442    -4.99128    -5.02802  0.00181417
         443    -5.02385    -5.02801   0.0018101
         444    -4.99565    -5.02794  0.00180749
         445    -5.03725    -5.02796  0.00180355
         446    -4.97572    -5.02784  0.00180331
         447    -5.00524    -5.02779  0.00179998
         448     -5.0776     -5.0279  0.00179939
         449    -4.99851    -5.02784  0.00179658
         450    -5.05659     -5.0279  0.00179372
         451    -5.04865    -5.02795  0.00179033
         452    -5.02687    -5.02795  0.00178637
         453     -5.0514      -5.028  0.00178318
         454    -5.01958    -5.02798  0.00177935
         455    -4.98864    -5.02789  0.00177754
         456    -5.02371    -5.02788  0.00177366
         457    -4.98023    -5.02778  0.00177284
         458    -5.00288    -5.02773  0.00176981
         459    -5.02801    -5.02773  0.00176595
         460     -5.0206    -5.02771  0.00176218
         461    -5.08515    -5.02784  0.00176276
         462    -5.07158    -5.02793  0.00176148
         463    -5.07284    -5.02803  0.00176035
         464    -5.01929    -5.02801  0.00175665
         465    -4.96894    -5.02788  0.00175746
         466    -5.00655    -5.02784  0.00175429
         467    -5.00852    -5.02779  0.00175102
         468    -4.96609    -5.02766  0.00175223
         469    -5.00723    -5.02762  0.00174904
         470    -5.05023    -5.02767  0.00174598
         471    -5.07308    -5.02776  0.00174493
         472    -5.09928    -5.02791   0.0017478
         473    -5.02766    -5.02791  0.00174411
         474    -5.10445    -5.02808  0.00174788
         475     -5.0677    -5.02816  0.00174619
         476    -5.02976    -5.02816  0.00174253
         477    -5.02323    -5.02815  0.00173891
         478    -5.00375     -5.0281  0.00173602
         479    -4.99701    -5.02804  0.00173361
         480    -5.02191    -5.02802  0.00173004
         481    -5.00737    -5.02798  0.00172698
         482    -5.07117    -5.02807  0.00172572
         483    -5.03673    -5.02809  0.00172224
         484     -5.0658    -5.02817  0.00172044
         485    -5.01783    -5.02814  0.00171703
         486    -4.97362    -5.02803  0.00171715
         487    -5.05483    -5.02809  0.00171451
         488    -5.02231    -5.02808  0.00171104
         489    -5.01943    -5.02806  0.00170763
         490    -4.99746      -5.028  0.00170529
         491    -5.03768    -5.02801  0.00170193
         492    -5.09746    -5.02816  0.00170431
         493    -5.08231    -5.02827  0.00170439
         494    -5.06958    -5.02835  0.00170299
         495    -4.99832    -5.02829  0.00170063
         496    -5.06443    -5.02836  0.00169876
         497    -5.02804    -5.02836  0.00169534
         498    -4.99929     -5.0283  0.00169294
         499    -5.00796    -5.02826  0.00169004
         500     -5.0384    -5.02828  0.00168678
         501    -5.07571    -5.02838  0.00168607
         502    -5.00728    -5.02833  0.00168324
         503    -5.11166     -5.0285  0.00168802
         504    -5.00549    -5.02845  0.00168529
         505     -5.0199    -5.02844  0.00168204
         506    -4.99227    -5.02837  0.00168023
         507    -5.03852    -5.02839  0.00167704
         508    -4.96752    -5.02827  0.00167801
         509    -5.00761    -5.02823   0.0016752
         510    -5.03438    -5.02824  0.00167196
         511    -5.01486    -5.02821   0.0016689
         512    -5.02105     -5.0282  0.00166569
         513    -4.99182    -5.02813  0.00166396
         514    -5.01096    -5.02809  0.00166105
         515    -5.08088     -5.0282  0.00166099
         516    -5.04876    -5.02824  0.00165825
         517    -5.03743    -5.02825  0.00165514
         518    -5.01829    -5.02823  0.00165205
         519    -5.01736    -5.02821    0.001649
         520    -5.01779    -5.02819  0.00164595
         521    -4.97614    -5.02809  0.00164582
         522    -5.02806    -5.02809  0.00164267
         523    -5.01089    -5.02806  0.00163986
         524    -5.03303    -5.02807  0.00163676
         525    -4.95718    -5.02794   0.0016392
         526    -4.99153    -5.02787  0.00163754
         527    -5.08394    -5.02797  0.00163789
         528    -5.05119    -5.02802  0.00163538
         529    -5.02577    -5.02801  0.00163229
         530    -4.98745    -5.02794  0.00163101
         531    -5.04698    -5.02797  0.00162833
         532    -5.05004    -5.02801   0.0016258
         533     -4.9479    -5.02786  0.00162968
         534    -4.98183    -5.02778   0.0016289
         535    -5.03376    -5.02779   0.0016259
         536    -5.04969    -5.02783  0.00162338
         537     -5.0382    -5.02785  0.00162047
         538    -4.98499    -5.02777  0.00161942
         539    -5.03079    -5.02777  0.00161642
         540    -4.93116    -5.02759   0.0016233
         541    -5.03872    -5.02762  0.00162043
         542     -5.0601    -5.02768  0.00161855
         543    -5.00066    -5.02763  0.00161633
         544    -5.07885    -5.02772   0.0016161
         545    -5.03405    -5.02773  0.00161318
         546    -4.99804    -5.02768  0.00161114
         547    -5.04006     -5.0277  0.00160835
         548    -4.98313    -5.02762  0.00160747
         549    -5.03438    -5.02763  0.00160459
         550    -5.05005    -5.02767  0.00160219
         551    -4.95859    -5.02755  0.00160418
         552    -5.02124    -5.02753  0.00160131
         553    -4.98198    -5.02745  0.00160054
         554    -5.03524    -5.02747  0.00159771
         555    -5.02746    -5.02747  0.00159483
         556    -4.99709    -5.02741   0.0015929
         557    -5.00919    -5.02738  0.00159037
         558     -5.0228    -5.02737  0.00158755
         559    -5.10831    -5.02752  0.00159129
         560    -5.04531    -5.02755  0.00158877
         561    -5.01273    -5.02752  0.00158616
         562    -5.02035    -5.02751  0.00158339
         563    -5.09821    -5.02763  0.00158555
         564    -5.01244    -5.02761  0.00158296
         565    -5.00824    -5.02757  0.00158053
         566     -5.0151    -5.02755  0.00157789
         567    -4.99173    -5.02749  0.00157638
         568    -5.11007    -5.02763  0.00158029
         569      -5.066     -5.0277  0.00157895
         570    -5.00349    -5.02766  0.00157675
         571    -4.97899    -5.02757  0.00157629
         572    -4.96457    -5.02746  0.00157738
         573    -5.03168    -5.02747  0.00157465
         574    -4.95391    -5.02734  0.00157711
         575    -5.04048    -5.02736  0.00157453
         576    -5.00416    -5.02732  0.00157231
         577    -5.04615    -5.02736  0.00156993
         578    -4.98145    -5.02728  0.00156922
         579    -5.02642    -5.02728  0.00156651
         580     -5.0713    -5.02735  0.00156565
         581    -5.03635    -5.02737  0.00156303
         582    -5.03188    -5.02737  0.00156036
         583    -5.06035    -5.02743  0.00155871
         584    -5.01965    -5.02742   0.0015561
         585    -4.99583    -5.02736  0.00155437
         586    -5.05875    -5.02742  0.00155264
         587     -5.0176     -5.0274  0.00155009
         588    -5.08929    -5.02751  0.00155102
         589    -5.07479    -5.02759  0.00155046
         590    -5.08923    -5.02769  0.00155135
         591    -5.03159     -5.0277  0.00154874
         592    -4.99989    -5.02765  0.00154684
         593    -5.04527    -5.02768  0.00154452
         594    -4.98251     -5.0276  0.00154379
         595    -4.96448     -5.0275  0.00154483
         596    -4.95309    -5.02737  0.00154728
         597    -5.04799    -5.02741  0.00154507
         598    -5.03689    -5.02742  0.00154257
         599    -5.03052    -5.02743     0.00154
         600    -5.00108    -5.02738  0.00153806
         601    -5.03696     -5.0274  0.00153558
         602    -5.01391    -5.02738   0.0015332
         603    -5.03802     -5.0274  0.00153076
         604    -5.06075    -5.02745  0.00152922
         605    -5.00335    -5.02741  0.00152721
         606    -5.02891    -5.02741  0.00152469
         607     -4.9367    -5.02726  0.00152949
         608    -5.02188    -5.02726    0.001527
         609    -5.04689    -5.02729  0.00152483
         610    -4.98017    -5.02721  0.00152428
         611    -5.03366    -5.02722  0.00152183
         612    -4.99709    -5.02717  0.00152014
         613    -5.06466    -5.02723  0.00151889
         614    -5.00681     -5.0272  0.00151678
         615    -5.02765     -5.0272  0.00151431
         616    -5.05816    -5.02725  0.00151269
         617    -5.06616    -5.02731  0.00151155
         618     -5.0771    -5.02739  0.00151125
         619    -5.04878    -5.02743   0.0015092
         620    -5.04593    -5.02746  0.00150706
         621    -5.00733    -5.02743  0.00150498
         622    -5.06603    -5.02749  0.00150384
         623     -4.9863    -5.02742  0.00150288
         624    -5.00031    -5.02738   0.0015011
         625    -5.01316    -5.02736  0.00149887
         626    -5.00915    -5.02733  0.00149676
         627    -5.07056     -5.0274  0.00149596
         628    -4.98661    -5.02733  0.00149499
         629    -4.98627    -5.02727  0.00149403
         630     -4.9888     -5.0272  0.00149291
         631    -5.05766    -5.02725  0.00149132
         632    -5.10419    -5.02737  0.00149392
         633    -5.01594    -5.02736  0.00149167
         634    -5.09312    -5.02746  0.00149292
         635    -5.10431    -5.02758  0.00149547
         636    -5.01572    -5.02756  0.00149323
         637    -5.03305    -5.02757  0.00149091
         638    -5.02406    -5.02757  0.00148859
         639    -5.04968     -5.0276  0.00148666
         640      -4.986    -5.02754  0.00148576
         641    -5.03783    -5.02755  0.00148353
         642    -4.99446     -5.0275  0.00148211
         643    -5.01035    -5.02747  0.00148005
         644    -5.03555    -5.02749   0.0014778
         645    -5.01187    -5.02746  0.00147571
         646    -5.06252    -5.02752  0.00147442
         647    -5.05641    -5.02756  0.00147282
         648    -5.02509    -5.02756  0.00147055
         649    -4.94254    -5.02743  0.00147411
         650    -4.93565    -5.02728  0.00147859
         651    -5.05927    -5.02733  0.00147713
         652    -4.94263     -5.0272  0.00148057
         653    -5.02024    -5.02719  0.00147834
         654    -5.04696    -5.02722  0.00147639
         655    -5.02267    -5.02722  0.00147415
         656    -5.00066    -5.02718  0.00147246
         657    -5.07634    -5.02725  0.00147212
         658    -5.03767    -5.02727  0.00146997
         659    -5.08687    -5.02736  0.00147051
         660    -5.02805    -5.02736  0.00146829
         661    -5.03675    -5.02737  0.00146613
         662    -5.03314    -5.02738  0.00146395
         663     -5.0165    -5.02736  0.00146183
         664    -5.03062    -5.02737  0.00145964
         665    -5.12959    -5.02752  0.00146551
         666    -5.00879     -5.0275  0.00146358
         667    -5.01478    -5.02748  0.00146151
         668    -4.98898    -5.02742  0.00146046
         669    -5.02852    -5.02742  0.00145828
         670    -5.01749    -5.02741  0.00145618
         671    -5.04357    -5.02743   0.0014542
         672    -4.94935    -5.02731  0.00145668
         673    -4.98029    -5.02724  0.00145619
         674    -5.07895    -5.02732  0.00145604
         675    -4.98897    -5.02726    0.001455
         676    -4.98475     -5.0272   0.0014542
         677    -5.04695    -5.02723  0.00145235
         678    -5.01428    -5.02721  0.00145033
         679    -5.05025    -5.02724  0.00144859
         680    -5.03514    -5.02726  0.00144651
         681    -5.01459    -5.02724   0.0014445
         682    -4.97871    -5.02717  0.00144414
         683     -4.9569    -5.02706  0.00144568
         684    -4.98666      -5.027  0.00144477
         685    -5.03576    -5.02702  0.00144272
         686    -5.02573    -5.02702  0.00144062
         687     -5.0353    -5.02703  0.00143857
         688    -5.05736    -5.02707  0.00143716
         689    -5.08678    -5.02716  0.00143768
         690    -5.09848    -5.02726  0.00143931
         691     -5.0725    -5.02733  0.00143871
         692    -5.00057    -5.02729  0.00143715
         693    -4.99932    -5.02725  0.00143565
         694    -5.01267    -5.02723  0.00143373
         695    -5.04016    -5.02725  0.00143179
         696    -5.00009    -5.02721  0.00143026
         697    -5.03277    -5.02721  0.00142823
         698    -4.95225    -5.02711  0.00143022
         699    -4.98376    -5.02704  0.00142952
         700     -4.9533    -5.02694  0.00143135
         701    -5.04141    -5.02696  0.00142946
         702    -5.04949    -5.02699  0.00142778
         703    -5.01999    -5.02698  0.00142579
         704    -4.99788    -5.02694  0.00142436
         705    -5.02115    -5.02693  0.00142236
         706    -5.01991    -5.02692  0.00142038
         707    -5.03471    -5.02693  0.00141842
         708    -5.03035    -5.02694  0.00141642
         709    -4.99255    -5.02689  0.00141526
         710    -5.03107     -5.0269  0.00141327
         711    -4.96701    -5.02681  0.00141379
         712     -5.1011    -5.02692  0.00141565
         713    -5.02824    -5.02692  0.00141367
         714    -4.97172    -5.02684   0.0014138
         715    -4.98739    -5.02679   0.0014129
         716    -5.04158    -5.02681  0.00141108
         717    -5.02346     -5.0268  0.00140912
         718    -4.96905    -5.02672  0.00140945
         719    -5.02341    -5.02672   0.0014075
         720    -5.01488     -5.0267  0.00140564
         721    -4.99797    -5.02666  0.00140425
         722    -5.05429     -5.0267  0.00140283
         723    -5.03555    -5.02671  0.00140094
         724    -5.02546    -5.02671  0.00139901
         725    -5.02985    -5.02671  0.00139709
         726    -4.99958    -5.02668  0.00139566
         727    -4.98785    -5.02662  0.00139476
         728    -4.98519    -5.02657  0.00139401
         729     -5.0888    -5.02665  0.00139471
         730    -4.97644    -5.02658  0.00139449
         731    -5.06334    -5.02663  0.00139349
         732    -5.05338    -5.02667  0.00139206
         733    -5.04702     -5.0267  0.00139044
         734    -5.07797    -5.02677   0.0013903
         735    -5.09045    -5.02685  0.00139111
         736    -5.08117    -5.02693  0.00139117
         737    -4.99291    -5.02688  0.00139005
         738    -5.01351    -5.02686  0.00138829
         739    -5.04609    -5.02689  0.00138665
         740     -4.9504    -5.02679  0.00138862
         741    -5.02585    -5.02678  0.00138675
         742    -5.05716    -5.02683  0.00138549
         743    -5.05954    -5.02687  0.00138432
         744    -4.97604     -5.0268  0.00138414
         745    -5.07648    -5.02687  0.00138389
         746    -5.01585    -5.02685  0.00138212
         747    -4.93009    -5.02672  0.00138632
         748    -4.92986    -5.02659   0.0013905
         749    -4.97813    -5.02653  0.00139015
         750    -4.99581    -5.02649   0.0013889
         751    -5.02822    -5.02649  0.00138705
         752    -5.04527    -5.02652  0.00138543
         753    -4.99054    -5.02647  0.00138442
         754    -5.12192    -5.02659  0.00138836
         755    -5.01629    -5.02658  0.00138659
         756    -5.04535    -5.02661  0.00138497
         757    -5.00094    -5.02657  0.00138356
         758    -5.01951    -5.02656  0.00138177
         759    -4.99901    -5.02653  0.00138042
         760    -5.03643    -5.02654  0.00137867
         761    -5.02946    -5.02654  0.00137686
         762    -5.01778    -5.02653   0.0013751
         763    -5.04453    -5.02655   0.0013735
         764     -5.0395    -5.02657  0.00137181
         765    -5.07377    -5.02663   0.0013714
         766    -5.06733    -5.02669  0.00137064
         767    -5.00535    -5.02666  0.00136914
         768    -5.00266    -5.02663  0.00136771
         769    -5.00376     -5.0266  0.00136625
         770    -5.00482    -5.02657  0.00136477
         771    -5.07358    -5.02663  0.00136436
         772    -4.97153    -5.02656  0.00136446
         773    -5.05977     -5.0266  0.00136337
         774    -5.04759    -5.02663  0.00136188
         775    -5.06513    -5.02668  0.00136103
         776    -4.97464    -5.02661  0.00136093
         777    -5.00576    -5.02658  0.00135944
         778    -5.07358    -5.02665  0.00135903
         779    -4.92124    -5.02651  0.00136401
         780    -4.91766    -5.02637  0.00136938
         781    -4.98079    -5.02631  0.00136887
         782    -5.03699    -5.02633  0.00136719
         783    -5.07289    -5.02639  0.00136674
         784    -5.07165    -5.02644  0.00136621
         785    -4.99057     -5.0264  0.00136523
         786    -5.05775    -5.02644  0.00136408
         787    -5.03407    -5.02645  0.00136238
         788    -5.00787    -5.02642  0.00136086
         789    -5.05791    -5.02646  0.00135972
         790    -5.00951    -5.02644  0.00135816
         791    -5.06185    -5.02649  0.00135719
         792    -5.09237    -5.02657  0.00135802
         793    -5.01285    -5.02655  0.00135642
         794     -4.9894    -5.02651  0.00135551
         795    -5.00895    -5.02648  0.00135399
         796    -5.03037    -5.02649   0.0013523
         797    -5.07369    -5.02655   0.0013519
         798    -5.08252    -5.02662  0.00135202
         799    -4.99138    -5.02657  0.00135105
         800    -5.06265    -5.02662  0.00135011
         801    -5.03246    -5.02663  0.00134845
         802    -5.02466    -5.02662  0.00134677
         803    -5.00203    -5.02659  0.00134544
         804      -5.017    -5.02658  0.00134382
         805    -5.06027    -5.02662   0.0013428
         806    -4.99255    -5.02658   0.0013418
         807    -5.00984    -5.02656   0.0013403
         808    -4.99938    -5.02653  0.00133906
         809    -5.06269    -5.02657  0.00133815
         810    -4.98841    -5.02652  0.00133733
         811     -5.0363    -5.02654  0.00133573
         812    -5.00664    -5.02651  0.00133431
         813    -4.93967     -5.0264  0.00133694
         814    -5.00456    -5.02638  0.00133557
         815    -4.99376    -5.02634  0.00133453
         816    -5.01894    -5.02633  0.00133292
         817    -4.99328    -5.02629  0.00133191
         818    -5.00901    -5.02627  0.00133044
         819    -5.03981    -5.02628  0.00132892
         820    -5.01052    -5.02626  0.00132744
         821    -5.00767    -5.02624  0.00132602
         822    -5.01622    -5.02623  0.00132446
         823    -5.00902    -5.02621  0.00132302
         824    -5.00279    -5.02618  0.00132172
         825    -5.01394    -5.02617   0.0013202
         826    -5.08652    -5.02624  0.00132062
         827    -5.02117    -5.02623  0.00131904
         828    -5.07173    -5.02629  0.00131859
         829    -5.03486     -5.0263  0.00131704
         830    -5.07394    -5.02635   0.0013167
         831    -4.94947    -5.02626  0.00131836
         832    -4.99295    -5.02622  0.00131739
         833    -4.96676    -5.02615  0.00131774
         834    -5.06432     -5.0262  0.00131695
         835    -4.96948    -5.02613  0.00131712
         836    -5.02193    -5.02612  0.00131556
         837    -4.99278    -5.02608  0.00131459
         838    -5.00121    -5.02605  0.00131336
         839    -5.01407    -5.02604  0.00131187
         840    -4.99241      -5.026  0.00131092
         841    -5.03337    -5.02601  0.00130939
         842    -5.04708    -5.02603  0.00130807
         843    -5.02752    -5.02604  0.00130652
         844      -4.983    -5.02598  0.00130597
         845    -5.03667      -5.026  0.00130448
         846    -5.02744      -5.026  0.00130294
         847    -5.07686    -5.02606  0.00130279
         848    -5.11231    -5.02616  0.00130522
         849    -4.96677    -5.02609  0.00130555
         850    -5.05193    -5.02612  0.00130437
         851    -4.99088    -5.02608  0.00130349
         852    -5.00373    -5.02605  0.00130223
         853    -4.99564    -5.02602  0.00130119
         854    -5.00056    -5.02599  0.00130001
         855    -5.02981    -5.02599  0.00129849
         856    -5.02474    -5.02599  0.00129698
         857    -4.98253    -5.02594  0.00129646
         858     -5.0025    -5.02591  0.00129523
         859    -5.06843    -5.02596  0.00129467
         860    -5.04273    -5.02598  0.00129331
         861     -5.0221    -5.02598  0.00129182
         862    -5.09944    -5.02606  0.00129313
         863      -5.008    -5.02604   0.0012918
         864    -5.03972    -5.02606   0.0012904
         865    -4.99625    -5.02602  0.00128937
         866    -4.99226    -5.02598  0.00128847
         867    -5.06511    -5.02603  0.00128777
         868    -5.02137    -5.02602   0.0012863
         869     -5.0726    -5.02608  0.00128594
         870    -5.06867    -5.02613  0.00128539
         871    -5.02164    -5.02612  0.00128392
         872    -5.03306    -5.02613  0.00128248
         873    -4.95772    -5.02605   0.0012834
         874    -5.01498    -5.02604  0.00128199
         875     -5.0077    -5.02602   0.0012807
         876    -4.96895    -5.02595  0.00128089
         877    -5.06477      -5.026   0.0012802
         878    -5.05814    -5.02603  0.00127926
         879    -4.99034    -5.02599  0.00127845
         880    -5.03873    -5.02601  0.00127708
         881    -4.96974    -5.02594  0.00127723
         882    -5.00132    -5.02592  0.00127608
         883    -4.97195    -5.02585   0.0012761
         884    -4.96857    -5.02579   0.0012763
         885    -5.04225    -5.02581  0.00127499
         886    -5.04634    -5.02583  0.00127377
         887    -5.05247    -5.02586  0.00127268
         888    -5.01776    -5.02585  0.00127128
         889    -5.04735    -5.02588  0.00127008
         890     -5.0962    -5.02596  0.00127111
         891    -5.04663    -5.02598   0.0012699
         892    -5.05112    -5.02601  0.00126879
         893    -5.05675    -5.02604  0.00126783
         894     -5.0129    -5.02603   0.0012665
         895    -5.02188    -5.02602  0.00126509
         896    -5.10232    -5.02611  0.00126654
         897    -5.04524    -5.02613  0.00126531
         898    -5.02259    -5.02612  0.00126391
         899    -5.07498    -5.02618  0.00126367
         900    -4.99531    -5.02614  0.00126273
         901    -4.99147    -5.02611  0.00126192
         902    -5.02375     -5.0261  0.00126052
         903    -5.02405     -5.0261  0.00125913
         904    -5.01491    -5.02609  0.00125779
         905    -5.12655     -5.0262  0.00126129
         906    -4.97374    -5.02614  0.00126123
         907    -5.02315    -5.02614  0.00125984
         908    -5.12095    -5.02624  0.00126278
         909    -5.03631    -5.02625  0.00126144
         910    -4.99617    -5.02622  0.00126048
         911    -5.02714    -5.02622   0.0012591
         912    -5.07282    -5.02627  0.00125876
         913    -5.05422     -5.0263  0.00125775
         914     -5.0612    -5.02634  0.00125695
         915    -4.95848    -5.02627  0.00125776
         916    -5.03656    -5.02628  0.00125644
         917     -4.9419    -5.02619  0.00125844
         918    -5.03606     -5.0262  0.00125711
         919    -4.91178    -5.02607  0.00126189
         920    -5.04172    -5.02609  0.00126064
         921    -5.03287     -5.0261  0.00125929
         922    -4.96218    -5.02603  0.00125983
         923    -4.95964    -5.02596  0.00126052
         924    -5.02066    -5.02595  0.00125916
         925    -5.08052    -5.02601  0.00125919
         926    -5.07944    -5.02607  0.00125915
         927    -5.00837    -5.02605  0.00125793
         928    -5.00907    -5.02603  0.00125671
         929     -5.0421    -5.02605  0.00125548
         930    -5.10498    -5.02613  0.00125699
         931    -5.09826    -5.02621  0.00125803
         932    -5.05055    -5.02624  0.00125695
         933    -5.01874    -5.02623  0.00125563
         934    -5.01709    -5.02622  0.00125432
         935    -5.02324    -5.02621  0.00125298
         936    -5.04577    -5.02624  0.00125182
         937    -4.98066    -5.02619  0.00125143
         938    -5.02124    -5.02618  0.00125011
         939    -5.01955    -5.02617  0.00124879
         940     -5.0327    -5.02618  0.00124748
         941    -5.08518    -5.02624  0.00124773
         942    -5.00549    -5.02622   0.0012466
         943    -5.10819    -5.02631  0.00124831
         944    -5.01854     -5.0263  0.00124701
         945    -5.03346    -5.02631  0.00124572
         946    -5.08449    -5.02637  0.00124592
         947    -5.00588    -5.02635  0.00124479
         948     -4.9463    -5.02626  0.00124634
         949    -4.98456    -5.02622   0.0012458
         950    -4.96935    -5.02616  0.00124592
         951    -4.96649     -5.0261  0.00124619
         952    -5.11966     -5.0262  0.00124875
         953     -4.9929    -5.02616  0.00124793
         954    -5.05883    -5.02619  0.00124709
         955    -5.03264     -5.0262  0.00124581
         956     -4.9762    -5.02615   0.0012456
         957    -4.97876     -5.0261  0.00124528
         958     -5.0555    -5.02613  0.00124436
         959    -4.98282    -5.02609  0.00124388
         960    -5.03282    -5.02609  0.00124261
         961    -5.06169    -5.02613  0.00124187
         962    -5.03162    -5.02613  0.00124059
         963    -4.99973    -5.02611   0.0012396
         964    -5.04572    -5.02613  0.00123848
         965    -5.05059    -5.02615  0.00123746
         966    -5.06666    -5.02619  0.00123689
         967    -5.04459    -5.02621  0.00123576
         968    -5.09432    -5.02628  0.00123648
         969    -5.05388    -5.02631  0.00123553
         970    -5.02458    -5.02631  0.00123426
         971    -5.02858    -5.02631  0.00123299
         972    -4.99568    -5.02628  0.00123212
         973    -4.98749    -5.02624   0.0012315
         974    -5.06351    -5.02628  0.00123083
         975    -5.05936    -5.02631  0.00123004
         976    -4.99279    -5.02628  0.00122926
         977     -5.0208    -5.02627  0.00122801
         978    -5.05565     -5.0263  0.00122712
         979    -5.05338    -5.02633  0.00122618
         980    -5.09208     -5.0264  0.00122676
         981    -5.05346    -5.02643  0.00122582
         982    -5.05534    -5.02646  0.00122493
         983     -5.0579    -5.02649   0.0012241
         984    -5.00078    -5.02646  0.00122314
         985    -5.01869    -5.02645  0.00122192
         986    -5.07943    -5.02651  0.00122186
         987    -5.07366    -5.02656  0.00122156
         988    -5.06293    -5.02659  0.00122087
         989    -4.96719    -5.02653  0.00122112
         990    -5.03996    -5.02655  0.00121996
         991     -5.0228    -5.02654  0.00121873
         992    -5.05885    -5.02657  0.00121794
         993    -5.09284    -5.02664  0.00121854
         994    -5.00807    -5.02662  0.00121746
         995     -5.0526    -5.02665  0.00121651
         996     -5.0297    -5.02665   0.0012153
         997    -5.05386    -5.02668  0.00121438
         998    -5.02928    -5.02668  0.00121317
         999    -5.06771    -5.02672  0.00121265
        1000    -4.99024    -5.02669  0.00121199
