#     BLOCK:   ACTUAL_X:     X_AVE:       ERROR:
           1	     8.47354	     8.47354	           0
           2	     7.72403	     8.09878	    0.264989
           3	     8.10264	     8.10007	    0.176663
           4	       6.903	      7.8008	    0.291078
           5	     8.25478	      7.8916	    0.246617
           6	     7.64305	     7.85017	    0.208964
           7	     7.62868	     7.81853	    0.181492
           8	     7.58411	     7.78923	    0.161154
           9	      7.9463	     7.80668	     0.14419
          10	     7.84883	      7.8109	    0.129832
          11	     8.43569	      7.8677	    0.129861
          12	     7.45431	     7.83325	    0.123524
          13	     7.84436	      7.8341	    0.114025
          14	     7.95632	     7.84283	    0.106214
          15	     8.08046	     7.85867	    0.100307
          16	     8.44415	     7.89527	    0.100491
          17	      7.3892	      7.8655	    0.098891
          18	     8.21353	     7.88483	   0.0952685
          19	     7.55777	     7.86762	   0.0917963
          20	     6.68158	     7.80832	    0.104622
          21	     7.31099	     7.78464	    0.102286
          22	     7.84764	      7.7875	   0.0976764
          23	     7.97889	     7.79582	   0.0937834
          24	     7.81641	     7.79668	   0.0898796
          25	     6.67389	     7.75177	   0.0968575
          26	     7.48726	     7.74159	    0.093665
          27	     7.85026	     7.74562	   0.0902823
          28	     8.03862	     7.75608	   0.0876623
          29	     7.70987	     7.75449	   0.0846539
          30	      7.3547	     7.74116	   0.0828744
          31	     7.41983	      7.7308	   0.0808467
          32	     8.41105	     7.75206	   0.0810669
          33	     8.43029	     7.77261	   0.0811738
          34	     7.58989	     7.76723	    0.078964
          35	     8.09442	     7.77658	   0.0772593
          36	      7.4769	     7.76826	   0.0755603
          37	     7.63093	     7.76455	   0.0736092
          38	     8.34281	     7.77976	   0.0732283
          39	     7.45293	     7.77138	   0.0718285
          40	     7.19789	     7.75705	   0.0714494
          41	     6.84187	     7.73472	   0.0731103
          42	     7.66545	     7.73308	   0.0713882
          43	     8.18667	     7.74362	    0.070503
          44	     8.39595	     7.75845	   0.0704422
          45	     8.24854	     7.76934	   0.0697137
          46	     6.80928	     7.74847	   0.0712539
          47	     7.94615	     7.75268	   0.0698619
          48	     6.53095	     7.72722	   0.0728957
          49	     7.71706	     7.72702	   0.0714083
          50	     7.97181	     7.73191	   0.0701478
          51	     8.81799	     7.75321	   0.0719322
          52	     8.60378	     7.76956	   0.0723848
          53	     8.66062	     7.78638	   0.0729454
          54	     7.53556	     7.78173	   0.0717423
          55	     7.61999	     7.77879	   0.0704981
          56	     7.98262	     7.78243	   0.0693331
          57	     7.87476	     7.78405	   0.0681357
          58	     7.06781	      7.7717	   0.0680708
          59	     7.39804	     7.76537	    0.067211
          60	     8.39439	     7.77585	   0.0669035
          61	     9.08894	     7.79738	    0.069183
          62	     8.28948	     7.80532	    0.068521
          63	       7.986	     7.80818	   0.0674933
          64	     8.63627	     7.82112	   0.0676676
          65	     7.14956	     7.81079	   0.0674107
          66	     7.89677	     7.81209	   0.0664019
          67	     7.73653	     7.81097	   0.0654204
          68	     7.89345	     7.81218	   0.0644696
          69	     8.52237	     7.82247	   0.0643516
          70	     7.97792	     7.82469	   0.0634706
          71	     7.45981	     7.81955	   0.0627844
          72	     7.91419	     7.82087	   0.0619261
          73	     7.39977	      7.8151	   0.0613459
          74	     7.78997	     7.81476	   0.0605178
          75	     7.87329	     7.81554	    0.059716
          76	     8.93093	     7.83022	   0.0607069
          77	     6.88953	       7.818	   0.0611354
          78	     7.46047	     7.81341	   0.0605232
          79	     7.60195	     7.81074	   0.0598162
          80	     8.51488	     7.81954	   0.0597126
          81	     8.34022	     7.82597	   0.0593204
          82	     7.72021	     7.82468	    0.058611
          83	      7.9922	      7.8267	   0.0579396
          84	     8.26462	     7.83191	   0.0574839
          85	     8.63451	     7.84135	   0.0575779
          86	     7.52243	     7.83764	   0.0570277
          87	     7.61463	     7.83508	   0.0564298
          88	     7.26119	     7.82856	   0.0561641
          89	     8.03645	      7.8309	   0.0555816
          90	     6.83397	     7.81982	   0.0560569
          91	     7.77267	      7.8193	   0.0554433
          92	     7.28652	     7.81351	   0.0551423
          93	     7.66964	     7.81196	   0.0545711
          94	     7.92116	     7.81312	   0.0540029
          95	     7.83913	      7.8134	   0.0534351
          96	     7.55684	     7.81072	   0.0529453
          97	     7.75087	     7.81011	   0.0524031
          98	     7.74407	     7.80943	   0.0518727
          99	     7.91119	     7.81046	   0.0513589
         100	     8.14175	     7.81377	    0.050952
