#     BLOCK:   ACTUAL_CV:    CV_AVE:      ERROR:
           1	    0.111812	    0.111812	           0
           2	     0.10584	    0.108826	  0.00211137
           3	    0.109774	    0.109142	  0.00143102
           4	    0.111958	    0.109846	  0.00123436
           5	    0.111612	    0.110199	  0.00103681
           6	    0.115108	    0.111017	  0.00114209
           7	    0.109873	    0.110854	 0.000990558
           8	    0.109054	    0.110629	 0.000891925
           9	    0.108638	    0.110408	 0.000819786
          10	     0.10991	    0.110358	 0.000739319
          11	    0.109444	    0.110275	 0.000676763
          12	    0.109181	    0.110184	  0.00062647
          13	    0.107622	    0.109987	 0.000608478
          14	    0.106494	    0.109737	  0.00061402
          15	    0.115904	    0.110148	 0.000697281
          16	    0.106956	    0.109949	 0.000681644
          17	    0.113948	    0.110184	 0.000680929
          18	    0.102195	     0.10974	 0.000774358
          19	    0.114777	    0.110005	 0.000777656
          20	    0.106343	    0.109822	 0.000760021
          21	    0.108239	    0.109747	 0.000727558
          22	    0.115022	    0.109987	 0.000732936
          23	     0.10956	    0.109968	 0.000701304
          24	    0.103536	      0.1097	 0.000721474
          25	    0.101281	    0.109363	 0.000767193
          26	   0.0995406	    0.108985	 0.000825481
          27	    0.111651	    0.109084	  0.00080079
          28	    0.113494	    0.109242	 0.000787525
          29	    0.115622	    0.109462	 0.000790505
          30	    0.103556	    0.109265	 0.000788283
          31	     0.10089	    0.108995	 0.000807819
          32	    0.106365	    0.108913	 0.000786743
          33	    0.102557	     0.10872	 0.000786123
          34	    0.107409	    0.108681	 0.000763946
          35	    0.115396	    0.108873	 0.000765831
          36	    0.118685	    0.109146	 0.000791568
          37	    0.107136	    0.109091	 0.000772036
          38	    0.104107	     0.10896	  0.00076278
          39	    0.111176	    0.109017	 0.000745334
          40	    0.122521	    0.109355	  0.00079951
          41	    0.117208	    0.109546	 0.000802626
          42	    0.104916	    0.109436	  0.00079105
          43	     0.11383	    0.109538	 0.000779226
          44	    0.107055	    0.109482	 0.000763558
          45	    0.114338	     0.10959	 0.000754176
          46	    0.111981	    0.109642	 0.000739571
          47	    0.110891	    0.109668	 0.000724313
          48	    0.111213	      0.1097	 0.000709938
          49	    0.117558	    0.109861	 0.000713331
          50	    0.109925	    0.109862	 0.000699065
          51	    0.110802	    0.109881	 0.000685601
          52	     0.11123	    0.109906	 0.000672908
          53	    0.115485	    0.110012	 0.000668393
          54	    0.108641	    0.109986	 0.000656497
          55	   0.0982601	    0.109773	 0.000678298
          56	    0.114417	    0.109856	 0.000671236
          57	     0.10381	     0.10975	  0.00066779
          58	    0.110783	    0.109768	 0.000656514
          59	    0.109642	    0.109766	  0.00064539
          60	    0.105313	    0.109691	 0.000638885
          61	    0.104012	    0.109598	 0.000635159
          62	    0.116265	    0.109706	 0.000633951
          63	    0.104906	     0.10963	  0.00062845
          64	    0.119187	    0.109779	 0.000636125
          65	    0.116672	    0.109885	 0.000635116
          66	    0.104302	      0.1098	   0.0006311
          67	    0.114585	    0.109872	 0.000625707
          68	    0.111306	    0.109893	 0.000616861
          69	    0.110143	    0.109897	 0.000607931
          70	    0.106548	    0.109849	 0.000601126
          71	     0.10643	    0.109801	 0.000594585
          72	    0.111385	    0.109823	 0.000586734
          73	    0.105117	    0.109758	 0.000582226
          74	    0.111163	    0.109777	 0.000574668
          75	    0.105545	    0.109721	 0.000569769
          76	    0.112523	    0.109758	 0.000563464
          77	    0.100621	    0.109639	 0.000568501
          78	    0.114022	    0.109695	 0.000563983
          79	    0.104535	     0.10963	 0.000560613
          80	    0.108163	    0.109611	 0.000553905
          81	    0.111333	    0.109633	 0.000547475
          82	      0.1096	    0.109632	 0.000540798
          83	    0.118921	    0.109744	  0.00054574
          84	     0.10842	    0.109728	 0.000539471
          85	    0.107172	    0.109698	 0.000533961
          86	   0.0977231	    0.109559	 0.000545607
          87	    0.105755	    0.109515	 0.000541085
          88	    0.105961	    0.109475	 0.000536442
          89	    0.108682	    0.109466	 0.000530489
          90	   0.0984343	    0.109344	  0.00053857
          91	    0.113131	    0.109385	 0.000534257
          92	    0.106035	    0.109349	  0.00052969
          93	    0.114866	    0.109408	 0.000527306
          94	    0.106538	    0.109378	  0.00052258
          95	     0.11658	    0.109453	 0.000522549
          96	    0.111877	    0.109479	 0.000517715
          97	    0.114998	    0.109536	 0.000515496
          98	    0.113149	    0.109572	 0.000511552
          99	    0.110176	    0.109578	 0.000506422
         100	    0.102862	    0.109511	 0.000505792
