#   N_BLOCK:  ACCEPTANCE:
           1	     0.28696
           2	     0.29694
           3	     0.29978
           4	    0.299485
           5	    0.299316
           6	    0.300537
           7	    0.299994
           8	    0.301438
           9	     0.30226
          10	    0.301508
          11	    0.301318
          12	    0.300528
          13	    0.300885
          14	    0.300829
          15	    0.300679
          16	    0.299972
          17	    0.299972
          18	    0.299961
          19	    0.299676
          20	    0.299665
          21	    0.299816
          22	     0.29957
          23	    0.299962
          24	    0.299976
          25	    0.299746
          26	    0.300067
          27	    0.300257
          28	    0.300691
          29	    0.300384
          30	    0.300687
          31	    0.301046
          32	    0.301355
          33	    0.301231
          34	    0.301363
          35	    0.301597
          36	    0.301649
          37	    0.301899
          38	    0.301668
          39	    0.301795
          40	    0.301824
          41	    0.301752
          42	    0.301801
          43	    0.302134
          44	    0.302292
          45	    0.302131
          46	    0.302156
          47	    0.302251
          48	    0.302237
          49	    0.302358
          50	    0.302241
          51	    0.302328
          52	    0.302312
          53	    0.302301
          54	    0.302215
          55	    0.302265
          56	    0.301898
          57	    0.301795
          58	    0.301772
          59	    0.301853
          60	    0.301862
          61	    0.301949
          62	    0.301836
          63	    0.301975
          64	    0.302061
          65	    0.302208
          66	    0.302222
          67	    0.302223
          68	    0.302395
          69	    0.302292
          70	    0.302272
          71	    0.302373
          72	    0.302408
          73	    0.302428
          74	    0.302408
          75	    0.302444
          76	    0.302436
          77	    0.302379
          78	    0.302356
          79	    0.302331
          80	    0.302418
          81	    0.302375
          82	    0.302406
          83	    0.302496
          84	    0.302548
          85	    0.302483
          86	    0.302498
          87	    0.302586
          88	    0.302654
          89	     0.30261
          90	    0.302526
          91	    0.302532
          92	    0.302444
          93	    0.302402
          94	    0.302351
          95	    0.302397
          96	    0.302411
          97	    0.302459
          98	    0.302408
          99	    0.302457
         100	    0.302429
