#     BLOCK:   ACTUAL_X:     X_AVE:       ERROR:
               1	         1.25543	         1.25543	               0
               2	         1.31426	         1.28484	       0.0208007
               3	         1.27954	         1.28307	       0.0139421
               4	         1.25154	         1.27519	       0.0124881
               5	         1.29468	         1.27909	       0.0105814
               6	         1.29884	         1.28238	      0.00931592
               7	         1.30418	         1.28549	      0.00848946
               8	         1.23659	         1.27938	      0.00937433
               9	         1.24426	         1.27548	      0.00910876
              10	          1.2903	         1.27696	      0.00831763
              11	          1.2649	         1.27586	      0.00763344
              12	         1.28459	         1.27659	      0.00703186
              13	         1.31181	          1.2793	      0.00699333
              14	         1.25079	         1.27726	      0.00678376
              15	         1.27874	         1.27736	      0.00633222
              16	          1.2697	         1.27688	      0.00595454
              17	         1.31294	         1.27901	      0.00597014
              18	         1.28492	         1.27933	      0.00564752
              19	         1.30489	         1.28068	      0.00550817
              20	         1.27855	         1.28057	      0.00523379
              21	         1.27182	         1.28016	      0.00500115
              22	          1.3521	         1.28343	      0.00574427
              23	         1.32585	         1.28527	      0.00578303
              24	         1.30453	         1.28607	      0.00559746
              25	         1.24157	         1.28429	       0.0056495
              26	         1.26893	          1.2837	      0.00546301
              27	         1.30254	          1.2844	      0.00530503
              28	         1.26836	         1.28383	       0.0051464
              29	         1.27853	         1.28364	      0.00497217
              30	         1.29883	         1.28415	      0.00483214
              31	         1.23584	         1.28259	      0.00492115
              32	          1.3633	         1.28511	      0.00537492
              33	         1.33196	         1.28653	      0.00539629
              34	         1.28084	         1.28637	      0.00524017
              35	         1.35002	         1.28818	      0.00539685
              36	         1.27471	         1.28781	      0.00525989
              37	         1.22241	         1.28604	       0.0054066
              38	         1.31827	         1.28689	      0.00533041
              39	         1.29803	         1.28718	      0.00520137
              40	         1.27083	         1.28677	      0.00508737
              41	         1.29252	         1.28691	      0.00496522
              42	         1.27448	         1.28661	      0.00485582
              43	         1.23157	         1.28533	      0.00490868
              44	         1.31499	         1.28601	      0.00484316
              45	         1.33265	         1.28704	      0.00484518
              46	          1.2913	         1.28714	      0.00474073
              47	          1.2111	         1.28552	      0.00490815
              48	         1.34637	         1.28679	      0.00496694
              49	         1.31917	         1.28745	      0.00490935
              50	         1.28194	         1.28734	       0.0048124
              51	         1.26398	         1.28688	      0.00473977
              52	         1.34363	         1.28797	      0.00477261
              53	         1.38198	         1.28974	      0.00500135
              54	         1.25093	         1.28902	      0.00496011
              55	         1.31979	         1.28958	      0.00490136
              56	          1.2657	         1.28916	      0.00483235
              57	         1.30129	         1.28937	      0.00475226
              58	         1.32008	          1.2899	      0.00469972
              59	         1.30636	         1.29018	      0.00462833
              60	          1.3555	         1.29127	       0.0046775
              61	         1.29353	          1.2913	      0.00460097
              62	         1.27714	         1.29108	      0.00453242
              63	         1.30523	          1.2913	      0.00446605
              64	         1.28956	         1.29127	      0.00439635
              65	         1.31148	         1.29158	      0.00433969
              66	         1.29024	         1.29156	      0.00427398
              67	         1.23616	         1.29074	      0.00428945
              68	         1.33601	          1.2914	      0.00427772
              69	          1.3456	         1.29219	      0.00428724
              70	         1.29848	         1.29228	      0.00422694
              71	         1.31972	         1.29266	      0.00418504
              72	         1.37791	         1.29385	      0.00429112
              73	         1.26056	         1.29339	       0.0042565
              74	         1.34139	         1.29404	      0.00424811
              75	         1.21822	         1.29303	      0.00431009
              76	         1.26991	         1.29273	       0.0042641
              77	         1.30331	         1.29286	      0.00421094
              78	         1.34958	         1.29359	      0.00421926
              79	         1.34046	         1.29418	      0.00420735
              80	         1.39551	         1.29545	      0.00434122
              81	         1.30565	         1.29558	      0.00428945
              82	         1.31582	         1.29582	      0.00424423
              83	         1.26709	         1.29548	       0.0042072
              84	          1.2726	          1.2952	      0.00416592
              85	         1.33505	         1.29567	      0.00414319
              86	         1.25195	         1.29517	      0.00412609
              87	         1.32969	         1.29556	      0.00409771
              88	         1.28583	         1.29545	      0.00405263
              89	         1.35419	         1.29611	      0.00406047
              90	         1.32352	         1.29642	      0.00402676
              91	         1.34573	         1.29696	      0.00401881
              92	         1.33697	         1.29739	       0.0039986
              93	         1.29635	         1.29738	      0.00395562
              94	         1.36855	         1.29814	      0.00398533
              95	          1.2836	         1.29799	      0.00394632
              96	         1.30713	         1.29808	      0.00390636
              97	         1.28145	         1.29791	      0.00386985
              98	         1.28666	         1.29779	      0.00383206
              99	         1.30035	         1.29782	      0.00379344
             100	         1.33778	         1.29822	      0.00377649
             101	          1.3251	         1.29849	      0.00374847
             102	         1.31824	         1.29868	      0.00371672
             103	         1.23858	          1.2981	      0.00372616
             104	         1.31466	         1.29826	      0.00369374
             105	         1.28908	         1.29817	      0.00365959
             106	         1.31974	         1.29837	      0.00363072
             107	         1.32969	         1.29866	      0.00360857
             108	         1.30195	         1.29869	      0.00357529
             109	         1.29294	         1.29864	      0.00354288
             110	         1.29922	         1.29865	      0.00351067
             111	         1.32595	         1.29889	      0.00348765
             112	         1.28583	         1.29878	      0.00345846
             113	         1.26895	         1.29851	      0.00343791
             114	         1.31302	         1.29864	      0.00341011
             115	         1.35936	         1.29917	      0.00342109
             116	         1.24745	         1.29872	      0.00342052
             117	         1.23681	         1.29819	      0.00343198
             118	         1.24821	         1.29777	      0.00342893
             119	         1.25449	         1.29741	      0.00341935
             120	         1.27415	         1.29721	      0.00339634
             121	         1.32995	         1.29748	      0.00337903
             122	         1.32023	         1.29767	      0.00335647
             123	         1.28471	         1.29756	      0.00333084
             124	         1.27191	         1.29736	       0.0033104
             125	         1.27784	          1.2972	      0.00328759
             126	         1.31053	         1.29731	       0.0032632
             127	         1.28241	         1.29719	      0.00323962
             128	         1.30851	         1.29728	      0.00321551
             129	         1.39988	         1.29807	      0.00328748
             130	         1.32698	          1.2983	      0.00326971
             131	         1.32032	         1.29846	      0.00324907
             132	         1.28907	         1.29839	      0.00322523
             133	         1.31761	         1.29854	      0.00320422
             134	         1.24814	         1.29816	       0.0032023
             135	         1.28753	         1.29808	      0.00317955
             136	         1.32782	          1.2983	      0.00316368
             137	          1.2724	         1.29811	      0.00314623
             138	          1.2766	         1.29796	      0.00312729
             139	         1.30697	         1.29802	      0.00310546
             140	         1.33374	         1.29828	      0.00309375
             141	         1.27656	         1.29812	      0.00307563
             142	         1.35779	         1.29854	      0.00308255
             143	         1.30843	         1.29861	      0.00306177
             144	         1.28797	         1.29854	       0.0030414
             145	         1.33777	         1.29881	      0.00303243
             146	          1.2856	         1.29872	      0.00301301
             147	         1.32508	          1.2989	      0.00299785
             148	         1.24695	         1.29855	      0.00299807
             149	         1.29945	         1.29855	      0.00297795
             150	         1.24162	         1.29817	      0.00298219
             151	         1.25562	         1.29789	      0.00297573
             152	         1.31264	         1.29799	      0.00295773
             153	         1.28673	         1.29791	      0.00293932
             154	         1.25728	         1.29765	      0.00293205
             155	         1.33687	          1.2979	      0.00292403
             156	         1.33839	         1.29816	      0.00291678
             157	         1.30039	         1.29818	      0.00289824
             158	          1.3062	         1.29823	      0.00288034
             159	         1.32263	         1.29838	      0.00286631
             160	         1.27257	         1.29822	      0.00285293
             161	         1.26445	         1.29801	      0.00284291
             162	         1.30668	         1.29806	      0.00282587
             163	          1.3229	         1.29822	      0.00281263
             164	          1.3077	         1.29827	      0.00279608
             165	         1.33596	          1.2985	      0.00278845
             166	         1.32791	         1.29868	      0.00277727
             167	         1.31651	         1.29879	      0.00276269
             168	         1.23995	         1.29844	      0.00276836
             169	         1.30372	         1.29847	      0.00275215
             170	         1.29782	         1.29846	      0.00273597
             171	         1.21445	         1.29797	      0.00276373
             172	         1.29417	         1.29795	      0.00274775
             173	         1.31829	         1.29807	      0.00273438
             174	         1.28873	         1.29801	      0.00271919
             175	          1.2374	         1.29767	      0.00272562
             176	         1.26859	          1.2975	      0.00271514
             177	         1.31776	         1.29762	      0.00270221
             178	         1.29033	         1.29758	      0.00268734
             179	         1.31425	         1.29767	      0.00267394
             180	         1.23802	         1.29734	      0.00267954
             181	         1.25081	         1.29708	      0.00267704
             182	         1.27559	         1.29696	      0.00266493
             183	         1.22445	         1.29657	      0.00267967
             184	         1.29001	         1.29653	      0.00266534
             185	         1.27772	         1.29643	      0.00265287
             186	         1.28041	         1.29634	         0.00264
             187	         1.31249	         1.29643	       0.0026273
             188	         1.31941	         1.29655	      0.00261616
             189	          1.3073	         1.29661	      0.00260294
             190	         1.31012	         1.29668	      0.00259021
             191	         1.26331	          1.2965	      0.00258254
             192	         1.30138	         1.29653	      0.00256921
             193	         1.26174	         1.29635	      0.00256221
             194	         1.30271	         1.29638	      0.00254922
             195	         1.29402	         1.29637	      0.00253617
             196	         1.29344	         1.29636	      0.00252328
             197	         1.23064	         1.29602	      0.00253242
             198	         1.37679	         1.29643	      0.00255227
             199	         1.35045	          1.2967	      0.00255384
             200	         1.31824	         1.29681	      0.00254334
             201	         1.21977	         1.29643	       0.0025594
             202	         1.30835	         1.29648	      0.00254741
             203	         1.33594	         1.29668	      0.00254227
             204	         1.26128	         1.29651	      0.00253572
             205	         1.25296	         1.29629	      0.00253223
             206	          1.2738	         1.29618	      0.00252229
             207	          1.3467	         1.29643	      0.00252188
             208	         1.30992	         1.29649	      0.00251059
             209	         1.28826	         1.29645	      0.00249889
             210	         1.28519	          1.2964	      0.00248757
             211	          1.3219	         1.29652	      0.00247871
             212	         1.28727	         1.29648	       0.0024674
             213	         1.28561	         1.29643	      0.00245635
             214	          1.3043	         1.29646	      0.00244514
             215	         1.32689	          1.2966	      0.00243786
             216	          1.3106	         1.29667	      0.00242744
             217	         1.27829	         1.29658	      0.00241773
             218	         1.30285	         1.29661	      0.00240681
             219	         1.28283	         1.29655	      0.00239664
             220	         1.31459	         1.29663	      0.00238715
             221	         1.26887	         1.29651	      0.00237965
             222	         1.23953	         1.29625	      0.00238273
             223	         1.26962	         1.29613	      0.00237503
             224	         1.34202	         1.29634	      0.00237325
             225	         1.32113	         1.29645	      0.00236526
             226	         1.25593	         1.29627	      0.00236158
             227	         1.28274	         1.29621	      0.00235192
             228	         1.30451	         1.29624	      0.00234189
             229	         1.32931	         1.29639	      0.00233611
             230	         1.35209	         1.29663	      0.00233847
             231	         1.23301	         1.29635	      0.00234451
             232	         1.28377	          1.2963	      0.00233503
             233	         1.27977	         1.29623	      0.00232609
             234	         1.27739	         1.29615	      0.00231754
             235	         1.31489	         1.29623	      0.00230905
             236	         1.38037	         1.29658	      0.00232663
             237	         1.27105	         1.29648	       0.0023193
             238	         1.23961	         1.29624	      0.00232183
             239	         1.31122	          1.2963	      0.00231297
             240	         1.28309	         1.29625	      0.00230398
             241	         1.31026	          1.2963	      0.00229516
             242	         1.28223	         1.29625	      0.00228641
             243	         1.29457	         1.29624	      0.00227701
             244	         1.28809	         1.29621	      0.00226792
             245	         1.31744	         1.29629	      0.00226032
             246	         1.31468	         1.29637	      0.00225237
             247	         1.25885	         1.29621	      0.00224837
             248	         1.32699	         1.29634	      0.00224272
             249	         1.26848	         1.29623	      0.00223651
             250	         1.31121	         1.29629	      0.00222836
             251	         1.31462	         1.29636	      0.00222068
             252	         1.30704	          1.2964	      0.00221227
             253	         1.27835	         1.29633	      0.00220468
             254	         1.26882	         1.29622	      0.00219866
             255	         1.28605	         1.29618	       0.0021904
             256	         1.27593	          1.2961	      0.00218327
             257	         1.32663	         1.29622	      0.00217801
             258	         1.29303	         1.29621	       0.0021696
             259	         1.28967	         1.29618	      0.00216137
             260	         1.24231	         1.29598	      0.00216297
             261	         1.30987	         1.29603	      0.00215533
             262	         1.25463	         1.29587	      0.00215289
             263	         1.37402	         1.29617	      0.00216511
             264	         1.27767	          1.2961	      0.00215804
             265	         1.28747	         1.29607	      0.00215015
             266	          1.2968	         1.29607	      0.00214206
             267	         1.34781	         1.29626	      0.00214279
             268	         1.30158	         1.29628	      0.00213489
             269	         1.25728	         1.29614	      0.00213187
             270	         1.31017	         1.29619	       0.0021246
             271	         1.29732	         1.29619	      0.00211677
             272	         1.29988	         1.29621	      0.00210903
             273	         1.32869	         1.29633	      0.00210466
             274	         1.27769	         1.29626	      0.00209808
             275	          1.3262	         1.29637	      0.00209327
             276	          1.3408	         1.29653	      0.00209187
             277	         1.29764	         1.29653	      0.00208432
             278	         1.24639	         1.29635	      0.00208461
             279	         1.26992	         1.29626	      0.00207929
             280	         1.27574	         1.29618	      0.00207316
             281	          1.2428	         1.29599	      0.00207446
             282	         1.25758	         1.29586	      0.00207158
             283	         1.25087	          1.2957	      0.00207035
             284	         1.30903	         1.29575	      0.00206359
             285	         1.28677	         1.29572	      0.00205659
             286	         1.25889	         1.29559	      0.00205343
             287	         1.32391	         1.29569	      0.00204864
             288	         1.29923	          1.2957	      0.00204156
             289	          1.3402	         1.29585	       0.0020403
             290	          1.3123	         1.29591	      0.00203405
             291	          1.2656	          1.2958	      0.00202973
             292	         1.28089	         1.29575	      0.00202342
             293	         1.26772	         1.29566	      0.00201877
             294	         1.37619	         1.29593	       0.0020304
             295	         1.35409	         1.29613	      0.00203307
             296	         1.30759	         1.29617	      0.00202657
             297	         1.31527	         1.29623	      0.00202077
             298	         1.25156	         1.29608	      0.00201954
             299	         1.31213	         1.29613	       0.0020135
             300	         1.26298	         1.29602	      0.00200982
             301	         1.30113	         1.29604	      0.00200321
             302	         1.29275	         1.29603	      0.00199661
             303	         1.26938	         1.29594	      0.00199196
             304	         1.32212	         1.29603	      0.00198726
             305	         1.32007	         1.29611	      0.00198231
             306	         1.31935	         1.29618	      0.00197729
             307	         1.33854	         1.29632	      0.00197565
             308	          1.3252	         1.29642	      0.00197146
             309	         1.34211	         1.29656	      0.00197062
             310	         1.27268	         1.29649	      0.00196577
             311	         1.32806	         1.29659	      0.00196207
             312	         1.27445	         1.29652	      0.00195706
             313	         1.26915	         1.29643	      0.00195276
             314	         1.28423	         1.29639	      0.00194693
             315	         1.26969	         1.29631	      0.00194259
             316	         1.25905	         1.29619	      0.00194002
             317	         1.32043	         1.29626	      0.00193541
             318	         1.32578	         1.29636	      0.00193155
             319	         1.35735	         1.29655	      0.00193493
             320	         1.26203	         1.29644	      0.00193189
             321	         1.27763	         1.29638	      0.00192676
             322	         1.31311	         1.29643	      0.00192148
             323	         1.29226	         1.29642	      0.00191557
             324	         1.30268	         1.29644	      0.00190976
             325	         1.26524	         1.29634	      0.00190629
             326	         1.30298	         1.29636	      0.00190055
             327	         1.32281	         1.29645	      0.00189646
             328	         1.28353	         1.29641	      0.00189109
             329	         1.25933	         1.29629	      0.00188869
             330	         1.36591	          1.2965	      0.00189472
             331	         1.21664	         1.29626	      0.00190429
             332	         1.31308	         1.29631	      0.00189923
             333	         1.24344	         1.29615	      0.00190015
             334	         1.31623	         1.29621	      0.00189541
             335	         1.25076	         1.29608	      0.00189461
             336	          1.2402	         1.29591	      0.00189625
             337	          1.2628	         1.29581	      0.00189317
             338	         1.24427	         1.29566	       0.0018937
             339	         1.29543	         1.29566	      0.00188812
             340	         1.30444	         1.29569	      0.00188274
             341	         1.31019	         1.29573	       0.0018777
             342	         1.24904	         1.29559	      0.00187716
             343	         1.29242	         1.29558	      0.00187171
             344	         1.30274	          1.2956	      0.00186639
             345	          1.2766	         1.29555	      0.00186179
             346	          1.3211	         1.29562	      0.00185788
             347	          1.2778	         1.29557	      0.00185323
             348	         1.30735	         1.29561	      0.00184822
             349	         1.28875	         1.29559	      0.00184302
             350	         1.33292	         1.29569	      0.00184084
             351	         1.22356	         1.29549	      0.00184703
             352	         1.39362	         1.29577	      0.00186271
             353	         1.29909	         1.29578	      0.00185746
             354	          1.2878	         1.29575	      0.00185234
             355	         1.32789	         1.29584	      0.00184934
             356	         1.29093	         1.29583	      0.00184419
             357	         1.32941	         1.29592	      0.00184143
             358	         1.36035	          1.2961	      0.00184505
             359	          1.2832	         1.29607	      0.00184026
             360	         1.30814	          1.2961	      0.00183546
             361	         1.26638	         1.29602	      0.00183222
             362	         1.34449	         1.29615	      0.00183204
             363	         1.27462	         1.29609	      0.00182796
             364	         1.27454	         1.29603	      0.00182389
             365	         1.24871	          1.2959	       0.0018235
             366	         1.27193	         1.29584	      0.00181969
             367	         1.27037	         1.29577	      0.00181606
             368	         1.27085	          1.2957	      0.00181238
             369	          1.2885	         1.29568	      0.00180758
             370	         1.23962	         1.29553	      0.00180903
             371	         1.29677	         1.29553	      0.00180416
             372	          1.2523	         1.29542	      0.00180305
             373	         1.25516	         1.29531	      0.00180144
             374	         1.29045	          1.2953	      0.00179667
             375	         1.24048	         1.29515	      0.00179782
             376	         1.25813	         1.29505	      0.00179573
             377	          1.3105	         1.29509	      0.00179143
             378	         1.30272	         1.29511	      0.00178681
             379	         1.27735	         1.29507	      0.00178271
             380	         1.29526	         1.29507	      0.00177802
             381	         1.37149	         1.29527	      0.00178463
             382	         1.30523	         1.29529	      0.00178015
             383	         1.29637	          1.2953	       0.0017755
             384	         1.29932	         1.29531	      0.00177091
             385	         1.29872	         1.29532	      0.00176633
             386	         1.30262	         1.29534	      0.00176186
             387	         1.27415	         1.29528	      0.00175815
             388	         1.27799	         1.29524	      0.00175419
             389	         1.21737	         1.29504	      0.00176106
             390	         1.28686	         1.29501	      0.00175667
             391	           1.293	         1.29501	      0.00175219
             392	         1.27008	         1.29495	      0.00174887
             393	         1.30871	         1.29498	      0.00174477
             394	         1.36605	         1.29516	      0.00174964
             395	         1.26629	         1.29509	      0.00174674
             396	         1.29357	         1.29508	      0.00174233
             397	          1.3301	         1.29517	      0.00174017
             398	         1.23881	         1.29503	      0.00174155
             399	         1.33565	         1.29513	      0.00174016
             400	         1.35145	         1.29527	       0.0017415
             401	         1.23645	         1.29513	      0.00174332
             402	         1.26702	         1.29506	      0.00174039
             403	         1.28158	         1.29502	      0.00173639
             404	         1.28448	           1.295	      0.00173229
             405	         1.24723	         1.29488	      0.00173202
             406	         1.27261	         1.29482	      0.00172862
             407	         1.24716	         1.29471	      0.00172834
             408	         1.22807	         1.29454	       0.0017318
             409	         1.26547	         1.29447	      0.00172903
             410	          1.2799	         1.29444	      0.00172518
             411	         1.31566	         1.29449	      0.00172175
             412	         1.31405	         1.29454	      0.00171823
             413	         1.34642	         1.29466	      0.00171865
             414	         1.31817	         1.29472	      0.00171544
             415	         1.24741	         1.29461	      0.00171509
             416	         1.27238	         1.29455	       0.0017118
             417	         1.26955	         1.29449	      0.00170874
             418	         1.19316	         1.29425	      0.00172177
             419	         1.27648	         1.29421	      0.00171818
             420	         1.25754	         1.29412	      0.00171631
             421	         1.27267	         1.29407	      0.00171299
             422	         1.27337	         1.29402	      0.00170963
             423	          1.2246	         1.29386	      0.00171344
             424	         1.32823	         1.29394	      0.00171132
             425	         1.25982	         1.29386	      0.00170918
             426	         1.26336	         1.29378	      0.00170666
             427	         1.30761	         1.29382	      0.00170297
             428	         1.35365	         1.29396	      0.00170472
             429	         1.30807	         1.29399	      0.00170107
             430	          1.2962	           1.294	      0.00169712
             431	         1.35001	         1.29413	      0.00169815
             432	         1.33614	         1.29422	        0.001697
             433	          1.3152	         1.29427	      0.00169377
             434	         1.30242	         1.29429	      0.00168997
             435	         1.33348	         1.29438	      0.00168849
             436	         1.33407	         1.29447	      0.00168707
             437	         1.27002	         1.29441	      0.00168414
             438	         1.30323	         1.29443	      0.00168041
             439	         1.28169	         1.29441	      0.00167683
             440	          1.3368	          1.2945	      0.00167579
             441	         1.23764	         1.29437	      0.00167694
             442	         1.27354	         1.29433	      0.00167381
             443	         1.28051	         1.29429	      0.00167032
             444	         1.29382	         1.29429	      0.00166656
             445	         1.27328	         1.29425	      0.00166348
             446	         1.28066	         1.29422	      0.00166003
             447	         1.24336	          1.2941	      0.00166021
             448	         1.22645	         1.29395	      0.00166336
             449	         1.26542	         1.29389	      0.00166087
             450	         1.29803	          1.2939	       0.0016572
             451	         1.22593	         1.29375	      0.00166037
             452	         1.25145	         1.29365	      0.00165933
             453	         1.34016	         1.29376	      0.00165884
             454	          1.3265	         1.29383	      0.00165675
             455	         1.26184	         1.29376	       0.0016546
             456	         1.25726	         1.29368	      0.00165291
             457	         1.29833	         1.29369	      0.00164932
             458	         1.31488	         1.29373	      0.00164637
             459	         1.27003	         1.29368	      0.00164359
             460	         1.32546	         1.29375	      0.00164147
             461	         1.32386	         1.29382	      0.00163921
             462	         1.26909	         1.29376	      0.00163654
             463	         1.29173	         1.29376	      0.00163301
             464	          1.2951	         1.29376	      0.00162949
             465	          1.2846	         1.29374	      0.00162611
             466	         1.31559	         1.29379	      0.00162329
             467	         1.36535	         1.29394	      0.00162703
             468	         1.31063	         1.29398	      0.00162395
             469	          1.3128	         1.29402	      0.00162098
             470	         1.23399	         1.29389	      0.00162256
             471	         1.26498	         1.29383	      0.00162027
             472	         1.26366	         1.29376	       0.0016181
             473	         1.31429	         1.29381	      0.00161526
             474	         1.23002	         1.29367	      0.00161745
             475	         1.33631	         1.29376	      0.00161653
             476	         1.34443	         1.29387	      0.00161664
             477	          1.2816	         1.29384	      0.00161345
             478	         1.31083	         1.29388	      0.00161047
             479	         1.33238	         1.29396	      0.00160911
             480	         1.33307	         1.29404	      0.00160782
             481	         1.30452	         1.29406	      0.00160462
             482	         1.24656	         1.29396	      0.00160432
             483	         1.29014	         1.29396	      0.00160102
             484	         1.29953	         1.29397	      0.00159775
             485	         1.34284	         1.29407	      0.00159763
             486	         1.29337	         1.29407	      0.00159434
             487	         1.28143	         1.29404	      0.00159128
             488	         1.27707	         1.29401	       0.0015884
             489	          1.2811	         1.29398	      0.00158537
             490	          1.3875	         1.29417	      0.00159358
             491	         1.29095	         1.29416	      0.00159035
             492	         1.24741	         1.29407	      0.00158996
             493	           1.324	         1.29413	      0.00158789
             494	         1.27008	         1.29408	      0.00158542
             495	         1.28885	         1.29407	      0.00158225
             496	         1.28485	         1.29405	      0.00157917
             497	         1.26351	         1.29399	      0.00157719
             498	         1.29042	         1.29398	      0.00157404
             499	         1.31444	         1.29402	      0.00157142
             500	         1.29819	         1.29403	       0.0015683
