#     BLOCK:   ACTUAL_CV:    CV_AVE:      ERROR:
           1	    0.394497	    0.394497	           0
           2	    0.369941	    0.382219	  0.00868188
           3	    0.383187	    0.382541	  0.00579391
           4	    0.371777	     0.37985	    0.004931
           5	    0.350085	    0.373897	  0.00662665
           6	    0.412458	    0.380324	  0.00805693
           7	    0.385883	    0.381118	  0.00694497
           8	    0.418412	     0.38578	  0.00747952
           9	    0.368913	    0.383906	  0.00687925
          10	    0.437407	    0.389256	  0.00800587
          11	    0.369469	    0.387457	  0.00747742
          12	    0.369005	    0.385919	  0.00701062
          13	    0.367238	    0.384482	  0.00661699
          14	    0.360664	    0.382781	   0.0063593
          15	    0.438239	    0.386478	  0.00692723
          16	    0.389188	    0.386648	  0.00649635
          17	    0.382191	    0.386385	   0.0061195
          18	    0.423686	    0.388458	  0.00612034
          19	     0.38187	    0.388111	  0.00580803
          20	    0.465214	    0.391966	  0.00667557
          21	    0.357307	    0.390316	  0.00655853
          22	    0.367105	    0.389261	  0.00634471
          23	    0.342288	    0.387218	   0.0063891
          24	    0.381756	    0.386991	  0.00612694
          25	     0.38095	    0.386749	  0.00588662
          26	    0.356251	    0.385576	   0.0057759
          27	    0.348588	    0.384206	  0.00572214
          28	    0.391645	    0.384472	  0.00552394
          29	    0.371128	    0.384012	  0.00535259
          30	    0.353141	    0.382983	  0.00527215
          31	    0.413285	     0.38396	  0.00519191
          32	    0.375953	     0.38371	  0.00503569
          33	    0.384269	    0.383727	  0.00488312
          34	    0.418832	    0.384759	  0.00484743
          35	    0.449766	    0.386617	  0.00505224
          36	    0.391639	    0.386756	  0.00491382
          37	    0.344836	    0.385623	  0.00490989
          38	     0.40059	    0.386017	  0.00479646
          39	    0.407022	    0.386556	  0.00470361
          40	     0.44669	    0.388059	  0.00482028
          41	    0.347724	    0.387075	  0.00480206
          42	    0.371277	    0.386699	  0.00470243
          43	    0.411693	     0.38728	  0.00462886
          44	    0.416434	    0.387943	  0.00457083
          45	     0.40057	    0.388224	  0.00447786
          46	    0.389136	    0.388243	  0.00438056
          47	    0.390513	    0.388292	  0.00428762
          48	    0.453233	    0.389645	  0.00440659
          49	    0.384681	    0.389543	  0.00431782
          50	    0.354785	    0.388848	  0.00428706
          51	    0.368688	    0.388453	  0.00422118
          52	    0.408096	    0.388831	  0.00415687
          53	    0.382947	     0.38872	  0.00407992
          54	    0.424884	    0.389389	  0.00405896
          55	     0.39226	    0.389442	   0.0039855
          56	    0.390473	     0.38946	  0.00391437
          57	    0.403942	    0.389714	  0.00385394
          58	    0.381893	    0.389579	  0.00378985
          59	     0.41408	    0.389994	   0.0037483
          60	    0.457296	    0.391116	     0.00385
          61	    0.409209	    0.391413	   0.0037983
          62	    0.387586	    0.391351	  0.00373753
          63	    0.382509	    0.391211	  0.00368084
          64	    0.378399	     0.39101	  0.00362877
          65	    0.422515	    0.391495	  0.00360516
          66	    0.415592	     0.39186	  0.00356898
          67	    0.426212	    0.392373	  0.00355235
          68	    0.380188	    0.392194	  0.00350462
          69	     0.35808	    0.391699	  0.00348853
          70	    0.365414	    0.391324	  0.00345885
          71	    0.436739	    0.391964	  0.00346877
          72	    0.370906	    0.391671	   0.0034329
          73	    0.426263	    0.392145	  0.00341843
          74	    0.399276	    0.392241	  0.00337359
          75	    0.369651	     0.39194	  0.00334203
          76	    0.439768	    0.392569	  0.00335678
          77	    0.389998	    0.392536	  0.00331335
          78	    0.379679	    0.392371	  0.00327497
          79	    0.429631	    0.392843	   0.0032673
          80	    0.402899	    0.392968	  0.00322888
          81	    0.363648	    0.392607	  0.00320924
          82	    0.412398	    0.392848	  0.00317917
          83	    0.403194	    0.392973	   0.0031433
          84	    0.405252	    0.393119	  0.00310928
          85	    0.395695	    0.393149	  0.00307285
          86	    0.384061	    0.393043	  0.00303894
          87	    0.413123	    0.393274	  0.00301276
          88	    0.369277	    0.393001	  0.00299084
          89	    0.425247	    0.393364	   0.0029791
          90	     0.38655	    0.393288	  0.00294696
          91	    0.407719	    0.393447	  0.00291884
          92	     0.40453	    0.393567	   0.0028896
          93	    0.421215	    0.393864	  0.00287378
          94	    0.356392	    0.393466	  0.00287072
          95	    0.407638	    0.393615	  0.00284438
          96	    0.416566	    0.393854	  0.00282478
          97	    0.374397	    0.393653	  0.00280277
          98	     0.39585	    0.393676	  0.00277426
          99	    0.395923	    0.393698	  0.00274633
         100	    0.375392	    0.393515	  0.00272496
