#     BLOCK:   ACTUAL_X:     X_AVE:       ERROR:
           1	     18.4136	     18.4136	           0
           2	     18.6394	     18.5265	   0.0798241
           3	     18.4363	     18.4964	   0.0586136
           4	     17.8444	     18.3334	    0.147858
           5	     19.0277	     18.4723	    0.171506
           6	     16.5409	     18.1504	    0.326757
           7	     18.6856	     18.2268	    0.288884
           8	     18.0145	     18.2003	    0.253991
           9	     17.5417	     18.1271	    0.236075
          10	     17.8001	     18.0944	     0.21472
          11	     17.9677	     18.0829	    0.195509
          12	     18.2624	     18.0979	    0.179788
          13	     16.4946	     17.9745	    0.203915
          14	     18.3739	     18.0031	    0.191334
          15	     15.5846	     17.8418	    0.236966
          16	      18.111	     17.8587	    0.222752
          17	     17.1041	     17.8143	    0.214025
          18	      17.227	     17.7816	    0.204607
          19	     16.8441	     17.7323	      0.1997
          20	     18.1683	     17.7541	    0.190901
          21	     16.6667	     17.7023	    0.188702
          22	     18.3988	      17.734	    0.182761
          23	     17.4337	     17.7209	    0.175281
          24	     16.9302	      17.688	    0.171046
          25	     18.8158	     17.7331	    0.170049
          26	     18.0963	     17.7471	    0.164082
          27	     16.8233	     17.7128	    0.161532
          28	     16.7062	     17.6769	    0.159714
          29	     16.9452	     17.6517	    0.156186
          30	     17.3729	     17.6424	    0.151256
          31	      18.079	     17.6565	    0.147031
          32	     17.9707	     17.6663	    0.142764
          33	     15.8502	     17.6112	    0.148667
          34	     16.2331	     17.5707	    0.149718
          35	     16.7061	      17.546	    0.147464
          36	     17.4874	     17.5444	    0.143377
          37	     17.9037	     17.5541	     0.13983
          38	     19.6279	     17.6087	    0.146413
          39	     18.2384	     17.6248	    0.143547
          40	     18.6835	     17.6513	    0.142377
          41	     16.8688	     17.6322	    0.140178
          42	     16.0439	     17.5944	    0.141849
          43	     17.0183	      17.581	    0.139182
          44	     17.8457	      17.587	    0.136149
          45	     17.8793	     17.5935	    0.133278
          46	     19.2103	     17.6286	    0.134936
          47	     15.5302	      17.584	    0.139255
          48	     18.1474	     17.5957	    0.136848
          49	     17.9036	      17.602	    0.134199
          50	     15.9149	     17.5683	    0.135691
          51	     14.5413	     17.5089	    0.145433
          52	      18.877	     17.5352	    0.144996
          53	     16.5902	     17.5174	    0.143353
          54	     16.0581	     17.4904	    0.143223
          55	     16.2117	     17.4671	    0.142493
          56	     18.7575	     17.4902	    0.141799
          57	     18.7839	     17.5129	    0.141116
          58	     17.2512	     17.5084	    0.138755
          59	     15.2064	     17.4693	    0.141783
          60	     18.6763	     17.4895	     0.14084
          61	     18.4685	     17.5055	    0.139442
          62	      19.242	     17.5335	    0.139978
          63	     17.3206	     17.5301	    0.137797
          64	     16.3951	     17.5124	     0.13678
          65	     18.9734	     17.5349	     0.13651
          66	     17.7615	     17.5383	    0.134485
          67	     16.7647	     17.5268	    0.132972
          68	     15.0782	     17.4908	    0.135805
          69	     18.2718	     17.5021	    0.134308
          70	      17.095	     17.4963	    0.132515
          71	      16.956	     17.4887	    0.130867
          72	     16.5635	     17.4758	    0.129678
          73	     17.4673	     17.4757	    0.127902
          74	     15.2956	     17.4462	    0.129522
          75	     19.1068	     17.4684	    0.129674
          76	     19.6779	     17.4974	    0.131186
          77	     16.6465	     17.4864	    0.129947
          78	     16.9121	      17.479	     0.12849
          79	      19.859	     17.5092	    0.130347
          80	     16.9098	     17.5017	    0.128933
          81	     17.5599	     17.5024	    0.127343
          82	     18.0985	     17.5097	    0.125997
          83	     15.7116	      17.488	    0.126328
          84	     16.2251	      17.473	    0.125715
          85	      19.181	      17.493	    0.125832
          86	     16.5953	     17.4826	    0.124801
          87	      16.464	     17.4709	    0.123915
          88	     17.7421	      17.474	    0.122545
          89	     15.5056	     17.4519	    0.123148
          90	      15.929	     17.4349	    0.122936
          91	     14.1809	     17.3992	    0.126679
          92	      18.447	     17.4106	    0.125813
          93	     16.4447	     17.4002	    0.124888
          94	     18.6266	     17.4132	    0.124239
          95	     18.1423	     17.4209	    0.123168
          96	     17.6098	     17.4229	    0.121901
          97	     16.8772	     17.4173	    0.120774
          98	     17.5989	     17.4191	    0.119556
          99	      17.995	     17.4249	     0.11849
         100	     17.4616	     17.4253	    0.117306
