#     BLOCK:   ACTUAL_X:     X_AVE:       ERROR:
           1	     1.37939	     1.37939	           0
           2	     1.59598	     1.48769	   0.0765749
           3	     1.50232	     1.49257	   0.0512051
           4	     1.36134	     1.45976	   0.0477708
           5	     1.61345	      1.4905	   0.0470779
           6	     1.43937	     1.48198	   0.0399952
           7	     1.48834	     1.48288	    0.034292
           8	     1.43254	     1.47659	   0.0305773
           9	     1.35472	     1.46305	   0.0300288
          10	     1.29939	     1.44668	   0.0311682
          11	     1.69587	     1.46934	   0.0356285
          12	     1.63527	     1.48317	   0.0352406
          13	     1.21504	     1.46254	   0.0380903
          14	     1.52147	     1.46675	   0.0356013
          15	     1.71837	     1.48352	   0.0369692
          16	     1.38802	     1.47755	   0.0351371
          17	     1.50283	     1.47904	   0.0331017
          18	     1.45994	     1.47798	   0.0312797
          19	     1.62848	      1.4859	   0.0306199
          20	     1.74333	     1.49877	    0.031679
          21	     1.82723	     1.51441	   0.0338118
          22	     1.40352	     1.50937	   0.0326484
          23	     1.38459	     1.50395	   0.0316765
          24	     1.55677	     1.50615	    0.030433
          25	      1.4516	     1.50397	   0.0292938
          26	     1.51732	     1.50448	   0.0281717
          27	     1.41902	     1.50131	   0.0273055
          28	     1.68356	     1.50782	   0.0270949
          29	     1.43853	     1.50543	   0.0262658
          30	     1.56373	     1.50738	    0.025462
          31	     1.57244	     1.50948	    0.024727
          32	     1.49407	     1.50899	    0.023959
          33	     1.66136	     1.51361	   0.0236737
          34	     1.35979	     1.50909	   0.0234057
          35	     1.47745	     1.50818	   0.0227544
          36	      1.4702	     1.50713	   0.0221468
          37	     1.28197	     1.50104	   0.0223687
          38	     1.45487	     1.49983	    0.021813
          39	     1.37575	     1.49665	   0.0214845
          40	      1.6777	     1.50117	   0.0214188
          41	      1.5107	     1.50141	   0.0208977
          42	      1.4849	     1.50101	   0.0204038
          43	     1.56046	     1.50239	   0.0199761
          44	     1.50421	     1.50244	   0.0195221
          45	     1.48402	     1.50203	   0.0190926
          46	     1.42249	      1.5003	   0.0187557
          47	     1.42417	     1.49868	   0.0184264
          48	      1.5915	     1.50061	   0.0181437
          49	     1.53286	     1.50127	   0.0177854
          50	     1.68729	     1.50499	   0.0178145
          51	     1.69039	     1.50863	   0.0178323
          52	     1.57076	     1.50982	   0.0175293
          53	     1.25692	     1.50505	   0.0178362
          54	      1.5115	     1.50517	   0.0175063
          55	     1.52293	     1.50549	    0.017191
          56	     1.61332	     1.50742	   0.0169915
          57	     1.52536	     1.50773	   0.0166963
          58	     1.58831	     1.50912	   0.0164662
          59	     1.62639	     1.51111	   0.0163066
          60	     1.36335	     1.50865	   0.0162197
          61	     1.50325	     1.50856	    0.015954
          62	     1.54517	     1.50915	   0.0157077
          63	     1.30404	     1.50589	   0.0157921
          64	      1.4839	     1.50555	   0.0155491
          65	        1.48	     1.50516	   0.0153149
          66	     1.59355	     1.50649	   0.0151413
          67	     1.62383	     1.50825	   0.0150162
          68	     1.50991	     1.50827	   0.0147954
          69	     1.79007	     1.51235	   0.0151342
          70	     1.61311	     1.51379	   0.0149863
          71	     1.32909	     1.51119	   0.0149993
          72	      1.2103	     1.50701	   0.0153621
          73	     1.60188	     1.50831	   0.0152065
          74	     1.47807	      1.5079	   0.0150065
          75	     1.44352	     1.50705	    0.014831
          76	     1.62103	     1.50855	   0.0147115
          77	      1.3773	     1.50684	   0.0146188
          78	     1.46597	     1.50632	   0.0144408
          79	      1.4245	     1.50528	   0.0142951
          80	     1.46274	     1.50475	   0.0141263
          81	     1.39246	     1.50336	   0.0140197
          82	     1.53629	     1.50377	   0.0138545
          83	     1.50299	     1.50376	   0.0136876
          84	      1.3079	     1.50142	   0.0137218
          85	     1.45361	     1.50086	   0.0135719
          86	     1.55962	     1.50154	   0.0134313
          87	     1.31791	     1.49943	   0.0134417
          88	      1.2862	     1.49701	   0.0135056
          89	     1.32892	     1.49512	   0.0134853
          90	      1.5613	     1.49586	   0.0133555
          91	     1.59745	     1.49697	   0.0132553
          92	     1.44565	     1.49642	   0.0131229
          93	     1.68595	     1.49845	   0.0131391
          94	     1.66396	     1.50021	   0.0131168
          95	     1.43686	     1.49955	   0.0129957
          96	      1.4712	     1.49925	   0.0128636
          97	     1.54555	     1.49973	   0.0127399
          98	     1.38618	     1.49857	   0.0126625
          99	     1.53089	      1.4989	   0.0125388
         100	     1.29512	     1.49686	   0.0125779
