#     BLOCK:   ACTUAL_CV:    CV_AVE:      ERROR:
           1	    0.395202	    0.395202	           0
           2	    0.407445	    0.401324	  0.00432835
           3	    0.409249	    0.403965	  0.00360267
           4	    0.396155	    0.402013	  0.00318749
           5	    0.400841	    0.401779	  0.00255859
           6	    0.445043	    0.408989	  0.00691912
           7	    0.400333	    0.407753	  0.00604018
           8	    0.437343	    0.411451	  0.00631696
           9	    0.431031	    0.413627	  0.00597796
          10	    0.412607	    0.413525	  0.00538103
          11	    0.447467	    0.416611	   0.0057084
          12	    0.387738	    0.414205	  0.00571732
          13	    0.427825	    0.415252	  0.00537267
          14	     0.38558	    0.413133	  0.00539077
          15	    0.437113	    0.414732	   0.0052631
          16	    0.423996	    0.415311	  0.00496591
          17	     0.40193	    0.414523	  0.00473576
          18	    0.481974	    0.418271	  0.00576771
          19	    0.415479	    0.418124	  0.00546602
          20	    0.430544	    0.418745	  0.00522787
          21	    0.387011	    0.417234	  0.00519273
          22	    0.429678	    0.417799	  0.00498741
          23	    0.386486	    0.416438	  0.00495291
          24	    0.423309	    0.416724	  0.00475481
          25	    0.397189	    0.415943	  0.00462838
          26	    0.356215	    0.413646	  0.00498799
          27	    0.408258	    0.413446	  0.00480724
          28	     0.36152	    0.411591	  0.00498042
          29	    0.400495	    0.411209	  0.00482336
          30	    0.368947	      0.4098	  0.00486396
          31	    0.491005	     0.41242	  0.00536626
          32	     0.37551	    0.411266	  0.00532108
          33	    0.406981	    0.411136	  0.00516142
          34	    0.383659	    0.410328	  0.00507249
          35	    0.473199	    0.412124	  0.00523597
          36	    0.419388	    0.412326	  0.00509442
          37	    0.374973	    0.411317	  0.00505577
          38	    0.454647	    0.412457	  0.00504967
          39	    0.352915	     0.41093	  0.00514581
          40	    0.413138	    0.410985	  0.00501746
          41	    0.374306	    0.410091	   0.0049742
          42	     0.35383	    0.408751	   0.0050329
          43	    0.409505	    0.408769	  0.00491589
          44	    0.424316	    0.409122	  0.00481685
          45	     0.41325	    0.409214	  0.00471068
          46	    0.370611	    0.408375	  0.00468243
          47	    0.426494	     0.40876	  0.00459864
          48	    0.409667	    0.408779	  0.00450288
          49	     0.36563	    0.407899	  0.00449626
          50	    0.484107	    0.409423	  0.00465751
          51	    0.348157	    0.408221	  0.00471856
          52	    0.362877	    0.407349	  0.00470771
          53	    0.396787	     0.40715	   0.0046231
          54	    0.356054	    0.406204	  0.00463331
          55	    0.397751	     0.40605	  0.00455162
          56	    0.358767	    0.405206	  0.00454798
          57	    0.479427	    0.406508	  0.00465086
          58	    0.446984	    0.407206	  0.00462273
          59	    0.396601	    0.407026	  0.00454788
          60	     0.36739	    0.406366	   0.0045198
          61	    0.375243	    0.405855	  0.00447441
          62	    0.393125	     0.40565	  0.00440695
          63	    0.439971	    0.406195	  0.00437054
          64	    0.381359	    0.405807	  0.00431944
          65	    0.410491	    0.405879	  0.00425359
          66	    0.390548	    0.405646	  0.00419548
          67	     0.43262	    0.406049	  0.00415213
          68	     0.47292	    0.407032	  0.00420591
          69	    0.401241	    0.406949	   0.0041458
          70	    0.478619	    0.407972	   0.0042111
          71	    0.410928	    0.408014	    0.004152
          72	    0.356651	    0.407301	  0.00415516
          73	    0.378761	     0.40691	  0.00411659
          74	    0.442252	    0.407387	  0.00408857
          75	    0.437157	    0.407784	  0.00405328
          76	    0.409944	    0.407813	  0.00400005
          77	    0.364785	    0.407254	  0.00398694
          78	     0.38631	    0.406985	  0.00394486
          79	    0.407243	    0.406989	  0.00389492
          80	    0.410015	    0.407026	  0.00384642
          81	    0.338662	    0.406182	  0.00389043
          82	    0.371484	    0.405759	  0.00386593
          83	    0.475167	    0.406596	  0.00390875
          84	    0.354117	    0.405971	  0.00391183
          85	    0.475308	    0.406786	  0.00394994
          86	    0.382943	    0.406509	  0.00391373
          87	    0.460424	    0.407129	   0.0039175
          88	    0.380928	    0.406831	  0.00388428
          89	    0.420741	    0.406988	  0.00384378
          90	    0.399225	    0.406901	  0.00380204
          91	    0.431821	    0.407175	  0.00377011
          92	    0.392347	    0.407014	  0.00373257
          93	    0.416347	    0.407114	  0.00369378
          94	      0.3776	      0.4068	  0.00366781
          95	    0.380343	    0.406522	  0.00363976
          96	     0.44435	    0.406916	  0.00362311
          97	    0.419113	    0.407042	  0.00358794
          98	    0.410946	    0.407081	  0.00355155
          99	    0.396211	    0.406972	  0.00351737
         100	    0.405982	    0.406962	  0.00348221
