#     BLOCK:   ACTUAL_M:     M_AVE:       ERROR:
           1	    -0.98944	    -0.98944	           0
           2	    -0.82412	    -0.90678	   0.0584494
           3	    -0.91464	     -0.9094	    0.039025
           4	    -0.02612	    -0.68858	    0.193463
           5	     0.98396	   -0.354072	    0.336853
           6	     0.41828	   -0.225347	    0.304314
           7	    -0.58344	   -0.276503	    0.265106
           8	     0.73876	   -0.149595	    0.260579
           9	     0.96808	  -0.0254089	    0.259536
          10	     0.82492	    0.059624	     0.24712
          11	     0.95888	    0.141375	    0.237793
          12	     0.99284	     0.21233	    0.228318
          13	     0.87492	    0.263298	    0.216369
          14	     0.65612	    0.291357	    0.202725
          15	     0.99984	    0.338589	    0.194635
          16	     0.44112	    0.344997	    0.182575
          17	     0.99976	    0.383513	    0.175851
          18	     0.99796	    0.417649	    0.169363
          19	     0.99996	    0.448297	    0.163198
          20	     0.99656	     0.47571	    0.157324
          21	       0.992	    0.500295	    0.151741
          22	     0.37636	    0.494662	    0.144948
          23	     0.22736	     0.48304	    0.139111
          24	      0.9966	    0.504438	    0.134951
          25	     0.93348	      0.5216	    0.130639
          26	     0.98744	    0.539517	    0.126837
          27	      0.8938	    0.552639	    0.122817
          28	      0.3694	    0.546094	    0.118605
          29	     0.57468	     0.54708	    0.114519
          30	    -0.99308	    0.495741	    0.121666
          31	     -0.9302	    0.449743	    0.126137
          32	    -0.93616	    0.406434	    0.129417
          33	    -0.49072	    0.379247	    0.128319
          34	    -0.33188	    0.358332	    0.126238
          35	    -0.47852	    0.334422	    0.124875
          36	    -0.99992	    0.297357	    0.126788
          37	    -0.99972	    0.262301	    0.128116
          38	      -0.998	    0.229135	    0.128966
          39	     -0.9966	    0.197706	    0.129432
          40	      -0.985	    0.168138	     0.12953
          41	    -0.99924	    0.139665	    0.129462
          42	    -0.92788	    0.114248	     0.12885
          43	    -0.44576	    0.101224	     0.12651
          44	    -0.48296	   0.0879473	     0.12433
          45	    -0.99996	   0.0637716	    0.123895
          46	     -0.9502	   0.0417287	    0.123147
          47	    -0.99988	   0.0195668	    0.122505
          48	    -0.99896	  -0.0016525	    0.121777
          49	    -0.99524	  -0.0219298	    0.120968
          50	    -0.65648	  -0.0346208	    0.119212
          51	       0.997	  -0.0143929	    0.118578
          52	     0.80772	  0.00141692	    0.117347
          53	     0.99956	   0.0202498	    0.116635
          54	     -0.4592	   0.0113711	    0.114812
          55	    -0.96988	 -0.00646982	    0.114102
          56	    -0.95212	  -0.0233564	    0.113308
          57	    -0.59328	  -0.0333551	     0.11176
          58	    -0.99868	  -0.0499986	    0.111065
          59	    -0.97896	  -0.0657437	    0.110293
          60	     -0.9966	   -0.081258	    0.109541
          61	    -0.99932	  -0.0963082	    0.108774
          62	    -0.99268	   -0.110766	    0.107976
          63	     -0.9932	   -0.124773	    0.107167
          64	    -0.97208	   -0.138012	    0.106307
          65	    -0.97136	   -0.150833	    0.105442
          66	     -0.9534	   -0.162993	    0.104543
          67	    -0.99616	   -0.175428	     0.10372
          68	    -0.99996	   -0.187554	    0.102901
          69	    -0.93576	   -0.198397	    0.101979
          70	    -0.99988	   -0.209847	    0.101163
          71	    -0.63556	   -0.215843	   0.0999158
          72	    -0.90532	   -0.225419	   0.0989859
          73	     -0.9882	   -0.235868	   0.0981799
          74	    -0.95764	   -0.245622	   0.0973364
          75	    -0.85764	   -0.253782	     0.09638
          76	     -0.9658	   -0.263151	   0.0955661
          77	     -0.8468	    -0.27073	   0.0946251
          78	     -0.5278	   -0.274026	   0.0934694
          79	    -0.99344	   -0.283133	   0.0927288
          80	    -0.91784	   -0.291067	   0.0919084
          81	    -0.81272	   -0.297507	   0.0909991
          82	    -0.67672	   -0.302131	   0.0900068
          83	    -0.96036	   -0.310062	   0.0892711
          84	    -0.98856	   -0.318139	    0.088573
          85	    -0.99028	   -0.326047	   0.0878832
          86	    -0.92104	   -0.332965	   0.0871333
          87	     0.88528	   -0.318962	   0.0872496
          88	     0.58564	   -0.308683	   0.0868616
          89	    -0.69364	   -0.313008	   0.0859933
          90	    -0.99912	   -0.320632	    0.085375
          91	     -0.8528	    -0.32648	   0.0846369
          92	        0.95	   -0.312605	   0.0848466
          93	      0.4418	   -0.304493	   0.0843211
          94	    -0.97584	   -0.311635	    0.083726
          95	    -0.99708	    -0.31885	    0.083155
          96	    -0.99728	   -0.325917	   0.0825885
          97	    -0.83556	   -0.331171	   0.0819041
          98	    -0.99956	   -0.337991	   0.0813518
          99	    -0.99596	   -0.344638	   0.0808011
         100	    -0.99584	    -0.35115	    0.080255
