#     BLOCK:   ACTUAL_M:     M_AVE:       ERROR:
           1	   -0.019768	   -0.019768	           0
           2	   -0.023736	   -0.021752	   0.0014029
           3	   -0.022212	  -0.0219053	 0.000943609
           4	   -0.011388	   -0.019276	  0.00238451
           5	   -0.014348	  -0.0182904	  0.00210145
           6	   -0.027596	  -0.0198413	  0.00225194
           7	   -0.027132	  -0.0208829	  0.00215769
           8	   -0.017648	  -0.0204785	  0.00192549
           9	   -0.023824	  -0.0208502	  0.00174706
          10	   -0.030828	   -0.021848	  0.00183529
          11	   -0.027808	  -0.0223898	   0.0017466
          12	   -0.025864	  -0.0226793	  0.00162486
          13	   -0.020908	  -0.0225431	  0.00150558
          14	   -0.019204	  -0.0223046	   0.0014168
          15	   -0.014728	  -0.0217995	  0.00140951
          16	   -0.021584	   -0.021786	  0.00132148
          17	   -0.016356	  -0.0214666	  0.00128177
          18	   -0.020212	  -0.0213969	  0.00121245
          19	   -0.018212	  -0.0212293	  0.00116017
          20	   -0.017484	   -0.021042	  0.00111717
          21	   -0.029856	  -0.0214617	  0.00114009
          22	   -0.026532	  -0.0216922	  0.00111132
          23	   -0.016136	  -0.0214506	  0.00108894
          24	   -0.025824	  -0.0216328	  0.00105871
          25	    -0.01052	  -0.0211883	  0.00110574
          26	   -0.017828	  -0.0210591	  0.00107074
          27	   -0.015832	  -0.0208655	  0.00104844
          28	   -0.020036	  -0.0208359	  0.00101142
          29	   -0.027432	  -0.0210633	  0.00100179
          30	   -0.025204	  -0.0212013	 0.000977857
          31	    -0.01406	   -0.020971	  0.00097307
          32	    -0.02072	  -0.0209631	 0.000942693
          33	   -0.027156	  -0.0211508	 0.000932619
          34	   -0.018868	  -0.0210836	 0.000907602
          35	   -0.016252	  -0.0209456	 0.000892107
          36	    -0.02324	  -0.0210093	   0.0008696
          37	   -0.026632	  -0.0211613	 0.000859273
          38	   -0.025424	  -0.0212735	 0.000843951
          39	   -0.018032	  -0.0211904	 0.000826394
          40	   -0.035776	   -0.021555	 0.000882523
          41	   -0.023196	   -0.021595	 0.000861905
          42	   -0.028516	  -0.0217598	 0.000856991
          43	      -0.025	  -0.0218352	 0.000840367
          44	   -0.029812	  -0.0220165	 0.000840595
          45	   -0.014368	  -0.0218465	 0.000838923
          46	   -0.022832	  -0.0218679	 0.000820959
          47	   -0.014576	  -0.0217128	  0.00081802
          48	   -0.024828	  -0.0217777	 0.000803549
          49	   -0.015912	   -0.021658	 0.000796016
          50	    -0.02482	  -0.0217212	 0.000782604
          51	   -0.029812	  -0.0218798	 0.000783173
          52	   -0.028632	  -0.0220097	 0.000778802
          53	   -0.016692	  -0.0219094	 0.000770544
          54	   -0.020312	  -0.0218798	 0.000756842
          55	    -0.02436	  -0.0219249	 0.000744424
          56	   -0.020356	  -0.0218969	 0.000731657
          57	    -0.02834	  -0.0220099	 0.000727501
          58	   -0.024368	  -0.0220506	 0.000716093
          59	   -0.014096	  -0.0219157	 0.000716535
          60	   -0.019548	  -0.0218763	 0.000705679
          61	   -0.027932	  -0.0219755	 0.000701058
          62	   -0.021536	  -0.0219685	 0.000689787
          63	   -0.017284	  -0.0218941	 0.000682834
          64	    -0.01022	  -0.0217117	 0.000696102
          65	   -0.030208	  -0.0218424	 0.000697557
          66	   -0.023588	  -0.0218688	 0.000687489
          67	   -0.033268	   -0.022039	 0.000697963
          68	   -0.024216	   -0.022071	 0.000688433
          69	   -0.028496	  -0.0221641	 0.000684724
          70	   -0.019676	  -0.0221286	 0.000675864
          71	   -0.020228	  -0.0221018	 0.000666875
          72	   -0.014988	   -0.022003	 0.000664892
          73	   -0.025404	  -0.0220496	 0.000657414
          74	   -0.018388	  -0.0220001	 0.000650389
          75	   -0.029076	  -0.0220945	 0.000648524
          76	    -0.02192	  -0.0220922	 0.000639995
          77	   -0.028952	  -0.0221812	 0.000637854
          78	    -0.01642	  -0.0221074	 0.000633938
          79	   -0.016864	   -0.022041	 0.000629379
          80	   -0.022008	  -0.0220406	 0.000621512
          81	   -0.024692	  -0.0220733	   0.0006147
          82	   -0.009436	  -0.0219192	 0.000626225
          83	    -0.02874	  -0.0220014	 0.000624049
          84	    -0.02134	  -0.0219935	 0.000616669
          85	   -0.025872	  -0.0220392	   0.0006111
          86	   -0.018892	  -0.0220026	 0.000605089
          87	   -0.018596	  -0.0219634	   0.0005994
          88	   -0.016992	  -0.0219069	 0.000595245
          89	    -0.02066	  -0.0218929	 0.000588721
          90	   -0.020996	  -0.0218829	 0.000582264
          91	    -0.02406	  -0.0219069	 0.000576357
          92	   -0.018016	  -0.0218646	 0.000571642
          93	   -0.017344	   -0.021816	 0.000567558
          94	    -0.02064	  -0.0218034	 0.000561658
          95	   -0.020788	  -0.0217928	 0.000555848
          96	    -0.01266	  -0.0216976	 0.000558139
          97	   -0.016752	  -0.0216466	 0.000554709
          98	   -0.019428	   -0.021624	  0.00054951
          99	      -0.022	  -0.0216278	 0.000543973
         100	   -0.026768	  -0.0216792	 0.000540956
