#     BLOCK:   ACTUAL_X:     X_AVE:       ERROR:
           1	     124.117	     124.117	           0
           2	     123.206	     123.661	    0.322049
           3	     120.556	     122.626	    0.871971
           4	     128.097	     123.994	     1.35295
           5	     126.788	     124.552	      1.1922
           6	      125.84	     124.767	     1.01262
           7	     125.357	     124.851	    0.871461
           8	     128.078	     125.255	    0.850753
           9	     126.353	     125.377	    0.764936
          10	     128.084	     125.647	    0.734788
          11	      126.81	     125.753	    0.675542
          12	       125.2	     125.707	    0.620817
          13	     127.767	     125.865	    0.592942
          14	     122.621	     125.634	    0.594152
          15	      127.66	     125.769	     0.56969
          16	     127.794	     125.895	    0.547971
          17	     119.208	     125.502	    0.641568
          18	     125.824	      125.52	    0.606174
          19	     126.249	     125.558	    0.575482
          20	     127.946	     125.678	    0.558956
          21	     126.477	     125.716	    0.533632
          22	      124.81	     125.675	    0.510962
          23	     127.054	     125.734	    0.492252
          24	     127.442	     125.806	    0.476853
          25	     125.629	     125.799	    0.457831
          26	     127.838	     125.877	    0.446892
          27	     127.898	     125.952	    0.436565
          28	     123.708	     125.872	    0.428263
          29	     128.057	     125.947	    0.420074
          30	     127.735	     126.007	     0.41028
          31	     124.691	     125.964	    0.399234
          32	     126.314	     125.975	    0.386908
          33	     126.365	     125.987	    0.375364
          34	     123.813	     125.923	     0.36973
          35	     119.757	     125.747	    0.398939
          36	      121.04	     125.616	    0.408719
          37	     125.313	     125.608	    0.397754
          38	      128.02	     125.671	    0.392319
          39	     126.128	     125.683	    0.382434
          40	       128.1	     125.744	    0.377616
          41	     127.901	     125.796	    0.372053
          42	     119.573	     125.648	    0.391587
          43	     124.873	      125.63	    0.382895
          44	     124.303	       125.6	    0.375378
          45	     118.277	     125.437	    0.400757
          46	     120.652	     125.333	    0.405324
          47	      127.28	     125.375	     0.39881
          48	      127.91	     125.427	    0.393985
          49	     128.009	      125.48	    0.389452
          50	     125.208	     125.475	    0.381701
          51	     123.293	     125.432	    0.376606
          52	     125.073	     125.425	    0.369427
          53	     118.068	     125.286	    0.387659
          54	     125.437	     125.289	     0.38049
          55	     121.235	     125.215	    0.380645
          56	     124.359	       125.2	    0.374155
          57	     127.945	     125.248	    0.370678
          58	     128.119	     125.298	    0.367576
          59	     126.049	      125.31	    0.361566
          60	     127.319	     125.344	    0.357088
          61	     123.619	     125.316	    0.352352
          62	     120.913	     125.245	    0.353751
          63	     119.839	     125.159	    0.358388
          64	      115.67	      125.01	    0.382228
          65	      127.55	      125.05	     0.37834
          66	     122.305	     125.008	    0.374886
          67	     125.797	      125.02	    0.369476
          68	     127.633	     125.058	    0.366035
          69	     128.118	     125.102	    0.363406
          70	     125.117	     125.103	    0.358215
          71	     127.889	     125.142	    0.355312
          72	     125.494	     125.147	    0.350411
          73	     127.818	     125.183	    0.347516
          74	     126.697	     125.204	    0.343421
          75	     127.834	     125.239	    0.340628
          76	     123.444	     125.215	    0.336964
          77	     124.095	     125.201	    0.332902
          78	     126.449	     125.217	    0.329019
          79	     124.009	     125.201	    0.325209
          80	      127.12	     125.225	    0.322027
          81	     127.956	     125.259	    0.319811
          82	     113.144	     125.111	    0.348373
          83	     121.519	     125.068	    0.346854
          84	      125.62	     125.075	    0.342787
          85	     116.578	     124.975	    0.353029
          86	     124.724	     124.972	    0.348936
          87	     126.354	     124.988	    0.345287
          88	     126.623	     125.006	    0.341862
          89	     124.662	     125.002	    0.338043
          90	     115.683	     124.899	    0.349788
          91	     128.071	     124.934	    0.347676
          92	     124.568	      124.93	     0.34392
          93	     125.825	     124.939	    0.340357
          94	     124.895	     124.939	    0.336736
          95	     127.896	      124.97	    0.334628
          96	      126.89	      124.99	    0.331739
          97	     122.781	     124.967	      0.3291
          98	      123.96	     124.957	    0.325902
          99	     127.344	     124.981	      0.3235
         100	     127.631	     125.008	    0.321349
