#     BLOCK:   ACTUAL_CV:    CV_AVE:      ERROR:
           1	    0.451911	    0.451911	           0
           2	     0.43566	    0.443785	  0.00574569
           3	    0.437633	    0.441735	  0.00418045
           4	    0.395005	    0.430052	    0.010592
           5	    0.405128	    0.425067	  0.00957505
           6	     0.45535	    0.430114	  0.00921386
           7	    0.390084	    0.424396	  0.00950808
           8	     0.42404	    0.424351	  0.00831967
           9	     0.41642	     0.42347	  0.00744178
          10	     0.37845	    0.418968	  0.00794351
          11	    0.451304	    0.421908	  0.00774624
          12	    0.425845	    0.422236	  0.00710766
          13	    0.469719	    0.425888	  0.00744045
          14	    0.419807	    0.425454	  0.00692166
          15	    0.486986	    0.429556	  0.00757894
          16	    0.453837	    0.431074	   0.0072556
          17	    0.440085	    0.431604	  0.00684813
          18	    0.498564	    0.435324	   0.0074095
          19	    0.398524	    0.433387	  0.00726826
          20	    0.518084	    0.437622	  0.00804451
          21	    0.425673	    0.437053	  0.00768153
          22	     0.38352	    0.434619	  0.00770815
          23	    0.429446	    0.434394	  0.00737629
          24	    0.424073	    0.433964	  0.00708147
          25	    0.397734	    0.432515	  0.00694492
          26	    0.350805	    0.429372	  0.00735458
          27	    0.413519	    0.428785	  0.00710559
          28	    0.471418	    0.430308	  0.00701305
          29	    0.443119	     0.43075	  0.00678512
          30	    0.413669	     0.43018	  0.00658279
          31	     0.50564	    0.432614	  0.00680563
          32	    0.501886	    0.434779	  0.00692869
          33	    0.425276	    0.434491	  0.00672471
          34	     0.43843	    0.434607	  0.00652793
          35	    0.446543	    0.434948	  0.00635031
          36	    0.506064	    0.436924	  0.00647389
          37	    0.438199	    0.436958	  0.00629901
          38	    0.528041	    0.439355	  0.00657349
          39	    0.436928	    0.439293	  0.00640523
          40	    0.399714	    0.438303	  0.00632107
          41	    0.417278	     0.43779	  0.00618766
          42	    0.456881	    0.438245	  0.00605701
          43	    0.471426	    0.439017	   0.0059651
          44	    0.375242	    0.437567	  0.00600304
          45	    0.452071	    0.437889	  0.00587828
          46	    0.466896	     0.43852	  0.00578422
          47	    0.440731	    0.438567	  0.00566134
          48	     0.44468	    0.438694	  0.00554483
          49	    0.443875	      0.4388	  0.00543268
          50	    0.476146	    0.439547	  0.00537512
          51	    0.474523	    0.440233	   0.0053133
          52	    0.417491	    0.439796	  0.00522909
          53	    0.438841	    0.439778	  0.00513045
          54	    0.401537	    0.439069	  0.00508408
          55	    0.391022	    0.438196	  0.00506614
          56	    0.403778	    0.437581	  0.00501282
          57	    0.418733	    0.437251	  0.00493577
          58	    0.435578	    0.437222	  0.00485075
          59	    0.361719	    0.435942	  0.00493446
          60	    0.522015	    0.437377	  0.00505644
          61	    0.415396	    0.437016	  0.00498637
          62	     0.36182	    0.435803	   0.0050513
          63	     0.43886	    0.435852	  0.00497135
          64	    0.430133	    0.435763	  0.00489448
          65	    0.467433	     0.43625	  0.00484337
          66	    0.505359	    0.437297	  0.00488186
          67	    0.507012	    0.438337	  0.00491864
          68	    0.495714	    0.439181	  0.00491815
          69	    0.419634	    0.438898	  0.00485502
          70	    0.523281	    0.440103	  0.00493305
          71	    0.444277	    0.440162	  0.00486392
          72	    0.355257	    0.438983	  0.00493725
          73	    0.442973	    0.439038	  0.00486992
          74	    0.440004	    0.439051	  0.00480413
          75	    0.418098	    0.438771	  0.00474819
          76	    0.431224	    0.438672	  0.00468675
          77	    0.392677	    0.438075	  0.00466379
          78	    0.380428	    0.437336	  0.00466219
          79	    0.454554	    0.437554	  0.00460827
          80	    0.470847	     0.43797	  0.00456942
          81	    0.427474	     0.43784	  0.00451484
          82	    0.445472	    0.437933	  0.00446074
          83	    0.533112	     0.43908	  0.00455201
          84	     0.47604	     0.43952	  0.00451903
          85	    0.425472	    0.439355	  0.00446889
          86	    0.412122	    0.439038	  0.00442813
          87	    0.453467	    0.439204	  0.00438034
          88	    0.365789	     0.43837	  0.00440929
          89	    0.484314	    0.438886	  0.00438986
          90	    0.445868	    0.438963	  0.00434177
          91	    0.432973	    0.438898	  0.00429456
          92	     0.45122	    0.439031	  0.00424997
          93	    0.403671	    0.438651	  0.00422124
          94	    0.472336	     0.43901	  0.00419152
          95	     0.43437	    0.438961	  0.00414768
          96	    0.435388	    0.438924	  0.00410464
          97	    0.516519	    0.439724	  0.00413954
          98	    0.480154	    0.440136	  0.00411781
          99	    0.425826	    0.439992	  0.00407875
         100	     0.38332	    0.439425	  0.00407715
