#     BLOCK:   ACTUAL_M:     M_AVE:       ERROR:
           1	    -0.09086	    -0.09086	           0
           2	     0.11528	     0.01221	   0.0728815
           3	     -0.1387	  -0.0380933	   0.0636216
           4	    0.030192	   -0.021022	   0.0499541
           5	   -0.065164	  -0.0298504	   0.0407359
           6	    0.018672	  -0.0217633	   0.0347401
           7	    0.064108	   -0.009496	   0.0318696
           8	   -0.111328	   -0.022225	   0.0303216
           9	    0.074064	  -0.0115262	   0.0287782
          10	   -0.072172	  -0.0175908	   0.0265317
          11	    0.037744	  -0.0125604	    0.024592
          12	   -0.104576	  -0.0202283	    0.023708
          13	   -0.056212	  -0.0229963	   0.0220453
          14	   -0.059936	  -0.0256349	   0.0206279
          15	    0.098164	  -0.0173816	   0.0208385
          16	   -0.033436	   -0.018385	   0.0195602
          17	   -0.005852	  -0.0176478	   0.0184235
          18	    0.015856	  -0.0157864	   0.0174937
          19	   -0.099896	  -0.0202133	    0.017124
          20	   -0.028972	  -0.0206512	   0.0162734
          21	    -0.16476	  -0.0275135	   0.0168835
          22	      0.0842	  -0.0224356	   0.0168624
          23	    0.119924	  -0.0162461	   0.0172278
          24	    0.006616	  -0.0152935	   0.0165363
          25	   -0.197116	  -0.0225664	   0.0174008
          26	    0.008576	  -0.0213686	   0.0167727
          27	    0.007488	  -0.0202999	   0.0161856
          28	    0.105116	  -0.0158207	   0.0162154
          29	   -0.043184	  -0.0167643	   0.0156837
          30	   -0.128552	  -0.0204905	   0.0155973
          31	    0.042208	   -0.018468	   0.0152247
          32	    0.024292	  -0.0171317	   0.0148075
          33	    -0.12138	  -0.0202908	   0.0146919
          34	    0.114592	  -0.0163236	   0.0147857
          35	   -0.030624	  -0.0167322	   0.0143689
          36	    -0.05146	  -0.0176969	   0.0140021
          37	   -0.050096	  -0.0185725	    0.013651
          38	   -0.114608	  -0.0210998	   0.0135237
          39	   -0.069248	  -0.0223344	   0.0132331
          40	   -0.105724	  -0.0244191	   0.0130655
          41	   -0.045208	  -0.0249261	   0.0127567
          42	    0.128696	  -0.0212685	   0.0129667
          43	    0.002488	   -0.020716	   0.0126769
          44	   -0.102892	  -0.0225836	   0.0125256
          45	   -0.047304	   -0.023133	   0.0122593
          46	    0.159276	  -0.0191676	   0.0126179
          47	   -0.040436	  -0.0196201	   0.0123575
          48	    -0.01348	  -0.0194922	   0.0121007
          49	    0.054968	  -0.0179726	   0.0119488
          50	    0.070424	  -0.0162046	   0.0118399
          51	   -0.152716	  -0.0188813	   0.0119065
          52	    0.061296	  -0.0173395	   0.0117769
          53	     0.00178	  -0.0169787	   0.0115602
          54	    0.029048	  -0.0161264	   0.0113775
          55	   -0.027872	  -0.0163399	   0.0111727
          56	       0.001	  -0.0160303	   0.0109774
          57	    -0.06246	  -0.0168448	    0.010815
          58	    0.079504	  -0.0151837	   0.0107554
          59	    0.000156	  -0.0149237	   0.0105762
          60	   -0.061228	  -0.0156954	   0.0104281
          61	   -0.029504	  -0.0159218	   0.0102596
          62	    -0.08188	  -0.0169856	   0.0101491
          63	    0.060444	  -0.0157566	   0.0100622
          64	    0.053928	  -0.0146678	  0.00996367
          65	    0.030908	  -0.0139666	  0.00983503
          66	    0.158192	  -0.0113581	    0.010026
          67	   -0.134064	  -0.0131896	   0.0100422
          68	    0.009484	  -0.0128561	  0.00990005
          69	    -0.14572	  -0.0147817	  0.00994207
          70	   -0.052352	  -0.0153184	  0.00981452
          71	   -0.063268	  -0.0159937	  0.00969949
          72	     0.09684	  -0.0144266	  0.00969055
          73	   -0.121944	  -0.0158995	  0.00966908
          74	     0.02006	  -0.0154135	  0.00955062
          75	   -0.047452	  -0.0158407	  0.00943283
          76	   -0.043824	  -0.0162089	  0.00931589
          77	     0.05582	  -0.0152735	  0.00924175
          78	   -0.031964	  -0.0154874	  0.00912575
          79	    0.112844	   -0.013863	  0.00915367
          80	     0.15456	  -0.0117577	  0.00927819
          81	      0.0443	  -0.0110656	  0.00918942
          82	    0.193932	 -0.00856566	  0.00941127
          83	   -0.136716	  -0.0101096	  0.00942368
          84	    -0.04852	  -0.0105669	  0.00932258
          85	   -0.139612	  -0.0120851	   0.0093357
          86	    0.021608	  -0.0116933	  0.00923537
          87	   -0.005048	  -0.0116169	  0.00912953
          88	     0.11194	  -0.0102129	  0.00913311
          89	    0.081592	 -0.00918135	  0.00908856
          90	    0.028328	 -0.00876458	  0.00899713
          91	   -0.031372	 -0.00901301	  0.00890168
          92	    0.051452	 -0.00835578	  0.00882916
          93	   -0.132072	 -0.00968606	  0.00883387
          94	   -0.104176	  -0.0106913	   0.0087969
          95	    0.096776	 -0.00956004	  0.00877673
          96	    0.067972	 -0.00875242	  0.00872239
          97	      0.1864	 -0.00674054	  0.00886145
          98	   -0.016908	 -0.00684429	  0.00877164
          99	    0.020716	  -0.0065659	  0.00868745
         100	   -0.054172	 -0.00704196	  0.00861361
