#     BLOCK:   ACTUAL_M:     M_AVE:       ERROR:
               1	        -0.01672	        -0.01672	               0
               2	         0.55472	           0.269	        0.202035
               3	         0.44268	        0.326893	        0.142744
               4	        -0.17516	         0.20138	        0.152567
               5	        -0.28472	         0.10416	        0.149861
               6	         -0.7012	      -0.0300667	        0.174957
               7	         -0.4728	      -0.0933143	         0.16099
               8	        -0.12824	        -0.09768	        0.140926
               9	          0.0586	      -0.0803156	        0.126332
              10	        -0.36584	       -0.108868	        0.116881
              11	         0.54124	      -0.0497673	        0.120273
              12	         0.23332	      -0.0261767	         0.11254
              13	        -0.02024	        -0.02572	        0.103884
              14	         0.18004	      -0.0110229	        0.097498
              15	         0.50268	        0.023224	       0.0968262
              16	         0.24124	         0.03685	       0.0917283
              17	         0.62604	       0.0715082	        0.092649
              18	        -0.02408	       0.0661978	       0.0876539
              19	        -0.49284	       0.0367747	       0.0878401
              20	         0.56624	        0.063248	       0.0873463
              21	        -0.07328	       0.0567467	       0.0834286
              22	         -0.4966	       0.0315945	       0.0833416
              23	         0.36308	        0.046007	       0.0809546
              24	          0.0942	        0.048015	       0.0776064
              25	        -0.49304	       0.0263728	       0.0774611
              26	        -0.68304	    -0.000912308	       0.0791416
              27	          -0.761	      -0.0290637	       0.0810628
              28	         -0.4546	      -0.0442614	       0.0795796
              29	        -0.35284	      -0.0549021	       0.0775436
              30	         -0.4896	       -0.069392	       0.0763006
              31	         0.62752	       -0.046911	         0.07708
              32	         0.23084	      -0.0382312	       0.0751584
              33	        -0.13916	      -0.0412897	       0.0729431
              34	         0.02252	      -0.0394129	       0.0708218
              35	         0.12608	      -0.0346846	        0.068956
              36	        -0.59468	        -0.05024	       0.0687727
              37	        -0.03532	      -0.0498368	       0.0669152
              38	          0.1314	      -0.0450674	        0.065324
              39	         0.35756	      -0.0347436	       0.0644596
              40	          0.5372	       -0.020445	       0.0644145
              41	         0.38404	      -0.0105795	       0.0635944
              42	        -0.16832	      -0.0143352	       0.0621911
              43	         -0.3742	      -0.0227042	       0.0613053
              44	        -0.12836	      -0.0251055	        0.059959
              45	         -0.4284	      -0.0340676	       0.0592926
              46	          0.2862	      -0.0271052	       0.0584109
              47	           0.196	      -0.0223583	       0.0573607
              48	          0.3818	      -0.0139383	       0.0567803
              49	         0.04012	      -0.0128351	       0.0556322
              50	         0.50776	      -0.0024232	       0.0554854
              51	        -0.19428	      -0.0061851	       0.0545248
              52	         0.18288	     -0.00254923	       0.0535973
              53	         0.03412	     -0.00185736	       0.0525905
              54	        -0.02552	     -0.00229556	       0.0516185
              55	         0.52308	      0.00725673	       0.0515562
              56	        -0.31488	      0.00150429	       0.0509555
              57	        -0.12664	     -0.00074386	       0.0501111
              58	         -0.5296	     -0.00986207	       0.0500698
              59	        -0.56316	        -0.01924	       0.0500917
              60	          0.1414	      -0.0165627	       0.0493283
              61	          0.0826	       -0.014937	       0.0485465
              62	         0.03488	      -0.0141335	       0.0477701
              63	         0.44316	     -0.00687492	       0.0475601
              64	        -0.37284	      -0.0125931	       0.0471595
              65	         -0.1122	      -0.0141255	       0.0464588
              66	        -0.21228	      -0.0171279	       0.0458518
              67	        -0.36308	      -0.0222913	       0.0454573
              68	        -0.35344	      -0.0271612	       0.0450489
              69	        -0.48912	      -0.0338562	       0.0448908
              70	         0.21792	      -0.0302594	       0.0443933
              71	        -0.17716	      -0.0323285	       0.0438162
              72	        -0.17224	      -0.0342717	       0.0432508
              73	          0.2946	      -0.0297666	       0.0428923
              74	        -0.35424	      -0.0341514	       0.0425362
              75	        -0.35532	      -0.0384336	        0.042184
              76	        -0.29492	      -0.0418084	       0.0417638
              77	         0.29728	      -0.0374047	       0.0414529
              78	        -0.17468	      -0.0391646	       0.0409588
              79	        -0.01924	      -0.0389124	       0.0404411
              80	        -0.25836	      -0.0416555	       0.0400285
              81	          0.3954	      -0.0362598	       0.0398963
              82	         0.18628	      -0.0335459	        0.039502
              83	        -0.59004	      -0.0402506	        0.039591
              84	        -0.16944	      -0.0417886	       0.0391495
              85	        -0.20804	      -0.0437445	       0.0387378
              86	        -0.02628	      -0.0435414	       0.0382879
              87	        -0.21396	      -0.0455002	       0.0378978
              88	        -0.38052	      -0.0493073	       0.0376579
              89	         0.06456	      -0.0480279	       0.0372565
              90	          0.2526	      -0.0446876	        0.036992
              91	         -0.0278	       -0.044502	        0.036586
              92	         0.63856	      -0.0370774	        0.036934
              93	         0.37668	      -0.0326284	       0.0368038
              94	        -0.23868	      -0.0348204	       0.0364775
              95	        -0.12728	      -0.0357937	       0.0361065
              96	         0.02184	      -0.0351933	       0.0357354
              97	         -0.4564	      -0.0395357	       0.0356298
              98	        -0.04032	      -0.0395437	       0.0352663
              99	        -0.88072	      -0.0480404	        0.035919
             100	        -0.12608	      -0.0488208	       0.0355683
             101	         0.07908	      -0.0475545	       0.0352387
             102	          0.2376	      -0.0447588	       0.0350039
             103	         0.16496	      -0.0427227	       0.0347232
             104	         -0.2886	      -0.0450869	       0.0344698
             105	        -0.41288	      -0.0485897	        0.034319
             106	         0.15556	      -0.0466638	       0.0340492
             107	          0.4934	      -0.0416164	       0.0341031
             108	         0.83064	        -0.03354	       0.0347305
             109	          0.1612	      -0.0317534	       0.0344578
             110	        -0.14484	      -0.0327815	       0.0341598
             111	         0.65288	      -0.0266043	       0.0344061
             112	        -0.00332	      -0.0263964	       0.0340995
             113	         -0.1574	      -0.0275558	       0.0338174
             114	        -0.10524	      -0.0282372	       0.0335277
             115	        -0.83184	       -0.035225	       0.0339565
             116	         0.50412	      -0.0305755	       0.0339806
             117	        -0.26756	       -0.032601	       0.0337505
             118	        -0.61488	      -0.0375356	       0.0338233
             119	          0.7058	      -0.0312891	        0.034111
             120	         -0.1412	       -0.032205	        0.033839
             121	        -0.24592	      -0.0339712	       0.0336054
             122	         0.08692	      -0.0329803	       0.0333446
             123	        -0.36392	      -0.0356709	       0.0331819
             124	         -0.1466	      -0.0365655	       0.0329263
             125	         0.07704	      -0.0356566	       0.0326754
             126	        -0.55144	      -0.0397502	       0.0326715
             127	         0.13012	      -0.0384126	       0.0324416
             128	         0.61524	      -0.0333059	       0.0325876
             129	         0.43768	      -0.0296549	       0.0325389
             130	        -0.34112	      -0.0320508	       0.0323767
             131	        -0.24568	      -0.0336815	       0.0321706
             132	         0.09368	      -0.0327167	       0.0319413
             133	         -0.4192	      -0.0356226	       0.0318331
             134	         0.02316	      -0.0351839	       0.0315985
             135	        -0.53188	      -0.0388631	       0.0315779
             136	        -0.64212	      -0.0432988	       0.0316558
             137	        -0.36484	      -0.0456458	       0.0315116
             138	         -0.2698	      -0.0472701	       0.0313251
             139	         0.65644	      -0.0422075	       0.0315062
             140	         0.10048	      -0.0411883	       0.0312976
             141	         0.46912	      -0.0375691	       0.0312842
             142	        -0.13284	        -0.03824	       0.0310711
             143	          0.1962	      -0.0366006	        0.030897
             144	           0.427	      -0.0333811	       0.0308497
             145	         -0.0632	      -0.0335868	       0.0306377
             146	         0.24388	      -0.0316863	       0.0304867
             147	         -0.1218	      -0.0322993	       0.0302855
             148	         0.01664	      -0.0319686	       0.0300826
             149	         0.07832	      -0.0312285	       0.0298899
             150	         0.47096	      -0.0278805	       0.0298775
             151	         0.08796	      -0.0271134	       0.0296895
             152	        -0.03496	       -0.027165	       0.0294942
             153	          0.4086	      -0.0243169	       0.0294386
             154	        -0.08184	      -0.0246904	       0.0292498
             155	        -0.62544	      -0.0285662	       0.0293168
             156	        -0.49688	      -0.0315682	       0.0292822
             157	         0.16092	      -0.0303422	       0.0291213
             158	        -0.08564	      -0.0306922	       0.0289391
             159	         -0.4576	      -0.0333771	       0.0288814
             160	        -0.22912	      -0.0346005	       0.0287268
             161	         0.17384	      -0.0333058	       0.0285775
             162	          0.0628	      -0.0327126	       0.0284072
             163	        -0.31984	      -0.0344741	       0.0282875
             164	         0.11496	      -0.0335629	       0.0281297
             165	        -0.14188	      -0.0342194	       0.0279669
             166	         -0.3112	       -0.035888	       0.0278481
             167	        -0.08224	      -0.0361655	       0.0276828
             168	        -0.44636	      -0.0386071	       0.0276255
             169	        -0.21392	      -0.0396445	       0.0274815
             170	         0.67744	      -0.0354264	       0.0276416
             171	        -0.77484	      -0.0397504	       0.0278161
             172	         0.16568	       -0.038556	       0.0276801
             173	         0.07204	      -0.0379168	       0.0275274
             174	        -0.53296	      -0.0407618	       0.0275159
             175	         0.73792	      -0.0363122	       0.0277161
             176	         0.15324	      -0.0352352	       0.0275795
             177	        -0.12496	      -0.0357421	       0.0274284
             178	        -0.48428	       -0.038262	       0.0273898
             179	         0.32452	      -0.0362353	       0.0273116
             180	        -0.35568	        -0.03801	       0.0272175
             181	         0.44644	      -0.0353335	       0.0271984
             182	         0.23324	      -0.0338578	        0.027089
             183	         -0.4002	      -0.0358597	       0.0270148
             184	        -0.46916	      -0.0382146	       0.0269704
             185	         0.27016	      -0.0365477	       0.0268761
             186	        -0.16792	       -0.037254	       0.0267409
             187	         -0.5086	      -0.0397745	       0.0267164
             188	        -0.72312	      -0.0434094	       0.0268204
             189	        -0.07056	       -0.043553	       0.0266789
             190	        -0.16928	      -0.0442147	       0.0265467
             191	        -0.08868	      -0.0444475	       0.0264087
             192	          0.3434	      -0.0424275	       0.0263483
             193	        -0.76476	      -0.0461702	       0.0264763
             194	        -0.01876	      -0.0460289	       0.0263402
             195	        -0.66256	      -0.0491906	       0.0263942
             196	        -0.04492	      -0.0491688	       0.0262595
             197	        -0.42128	      -0.0510577	       0.0261941
             198	        -0.08428	      -0.0512255	       0.0260623
             199	        -0.22084	      -0.0520778	       0.0259453
             200	         -0.7068	      -0.0553514	       0.0260213
