#     BLOCK:   ACTUAL_M:     M_AVE:       ERROR:
           1	     0.00024	     0.00024	           0
           2	    -0.00204	     -0.0009	 0.000806102
           3	     0.00804	     0.00208	   0.0024918
           4	     -0.0062	       1e-05	  0.00258965
           5	     0.01724	    0.003456	  0.00371375
           6	     0.00704	  0.00405333	  0.00314246
           7	     0.00796	  0.00461143	  0.00274265
           8	    -0.01796	     0.00179	  0.00356715
           9	     -0.0038	  0.00116889	  0.00322442
          10	    -0.00616	    0.000436	   0.0029841
          11	     0.01444	  0.00170909	  0.00297201
          12	       0.001	     0.00165	  0.00272493
          13	    -0.00356	  0.00124923	  0.00254462
          14	     0.00848	  0.00176571	  0.00241471
          15	     0.00188	  0.00177333	  0.00225374
          16	    -0.01364	     0.00081	   0.0023096
          17	     0.02064	  0.00197647	  0.00245067
          18	    -0.02852	 0.000282222	  0.00284043
          19	     -0.0092	-0.000216842	  0.00273442
          20	    -0.00452	   -0.000432	  0.00260615
          21	    -0.01444	 -0.00109905	  0.00256599
          22	    -0.02636	 -0.00224727	  0.00269404
          23	     0.01508	 -0.00149391	  0.00268017
          24	     0.00864	 -0.00107167	  0.00260155
          25	     0.01236	  -0.0005344	  0.00255236
          26	     -0.0102	-0.000906154	  0.00248112
          27	    -0.00192	-0.000943704	  0.00238951
          28	     0.00084	    -0.00088	  0.00230502
          29	      -0.006	 -0.00105655	  0.00223229
          30	      0.0116	-0.000634667	  0.00219738
          31	     0.03936	 0.000655484	  0.00247645
          32	     0.01464	   0.0010925	  0.00243731
          33	      0.0062	  0.00124727	  0.00236836
          34	     0.01316	  0.00159765	  0.00232448
          35	    -0.00928	  0.00128686	  0.00227875
          36	    -0.00412	  0.00113667	  0.00222039
          37	     0.04004	  0.00218811	  0.00239644
          38	    -0.02232	  0.00154316	   0.0024186
          39	       0.015	  0.00188821	  0.00238107
          40	      -8e-05	    0.001839	  0.00232205
          41	     0.01588	  0.00218146	  0.00229053
          42	     0.02028	  0.00261238	  0.00227617
          43	    -0.00116	  0.00252465	  0.00222493
          44	    -0.00332	  0.00239182	  0.00217832
          45	     0.02012	  0.00278578	  0.00216525
          46	     0.01356	     0.00302	  0.00213081
          47	    -0.00268	  0.00289872	  0.00208892
          48	    -0.01292	  0.00256917	  0.00207123
          49	     0.01348	  0.00279184	   0.0020409
          50	    -0.00112	   0.0027136	  0.00200158
          51	    -0.01148	  0.00243529	  0.00198158
          52	     0.00108	  0.00240923	  0.00194365
          53	    -0.00492	  0.00227094	  0.00191189
          54	     0.00596	  0.00233926	   0.0018777
          55	     0.01344	  0.00254109	  0.00185438
          56	    -0.01416	  0.00224286	  0.00184509
          57	    -0.02608	  0.00174596	  0.00187844
          58	    -0.01844	  0.00139793	  0.00187802
          59	    -0.01344	  0.00114644	  0.00186295
          60	     -0.0128	    0.000914	  0.00184634
          61	    -0.00464	 0.000822951	  0.00181832
          62	    -0.02296	 0.000439355	    0.001829
          63	    -0.01956	 0.000121905	  0.00182731
          64	    -0.00348	  6.5625e-05	  0.00179963
          65	     0.00376	 0.000122462	  0.00177284
          66	    -0.01028	-3.51515e-05	  0.00175297
          67	    -0.00936	-0.000174328	  0.00173232
          68	     0.01052	-1.70588e-05	  0.00171397
          69	    -0.00212	-4.75362e-05	   0.0016894
          70	     0.00284	-6.28571e-06	  0.00166577
          71	    -0.01952	-0.000281127	  0.00166483
          72	     0.01216	-0.000108333	  0.00165065
          73	     0.00492	-3.94521e-05	  0.00162947
          74	     -0.0026	-7.40541e-05	  0.00160782
          75	     0.00924	 5.01333e-05	  0.00159117
          76	      0.0116	 0.000202105	  0.00157748
          77	    -0.00252	 0.000166753	  0.00155739
          78	    -0.00784	 6.41026e-05	   0.0015408
          79	     0.01464	 0.000248608	   0.0015323
          80	     -0.0012	   0.0002305	  0.00151326
          81	    -0.00028	 0.000224198	  0.00149459
          82	    -0.00448	 0.000166829	  0.00147746
          83	    -0.02672	-0.000157108	  0.00149475
          84	      0.0218	 0.000104286	  0.00149964
          85	    -0.00668	 2.44706e-05	  0.00148412
          86	    -0.01692	-0.000172558	  0.00147988
          87	    -0.00784	 -0.00026069	  0.00146549
          88	    -0.01808	-0.000463182	  0.00146276
          89	    -0.00392	-0.000502022	  0.00144684
          90	     0.01188	-0.000364444	  0.00143729
          91	    -0.01132	-0.000484835	  0.00142653
          92	     0.00232	-0.000454348	  0.00141135
          93	    -0.00632	-0.000517419	  0.00139758
          94	    -0.00372	-0.000551489	  0.00138313
          95	     0.00328	-0.000511158	  0.00136916
          96	    -0.01652	-0.000677917	  0.00136501
          97	    -0.02072	-0.000884536	  0.00136649
          98	    -0.02452	 -0.00112571	  0.00137367
          99	    -0.02008	 -0.00131717	  0.00137307
         100	     -0.0148	   -0.001452	  0.00136594
