#     BLOCK:   ACTUAL_CV:    CV_AVE:      ERROR:
               1	        0.178517	        0.178517	               0
               2	        0.175082	          0.1768	       0.0012144
               3	        0.174908	        0.176169	      0.00095953
               4	         0.17666	        0.176292	     0.000727451
               5	        0.176817	        0.176397	     0.000589489
               6	        0.173754	        0.175956	     0.000634838
               7	        0.174416	        0.175736	     0.000581039
               8	        0.176458	        0.175827	     0.000515374
               9	        0.178328	        0.176105	     0.000527785
              10	        0.175592	        0.176053	     0.000477487
              11	        0.173968	        0.175864	     0.000470203
              12	        0.172884	        0.175615	     0.000492222
              13	        0.177202	        0.175737	     0.000469238
              14	        0.172215	        0.175486	      0.00049865
              15	         0.17785	        0.175643	      0.00048968
              16	        0.177982	         0.17579	     0.000480392
              17	        0.173337	        0.175645	     0.000473303
              18	         0.17736	        0.175741	     0.000456496
              19	        0.176196	        0.175765	     0.000433097
              20	        0.175985	        0.175776	     0.000411583
              21	        0.174771	        0.175728	     0.000394756
              22	        0.176484	        0.175762	     0.000378307
              23	         0.17495	        0.175727	     0.000363502
              24	         0.17248	        0.175592	     0.000372681
              25	        0.174574	        0.175551	      0.00035999
              26	        0.177367	        0.175621	     0.000352859
              27	        0.173536	        0.175543	     0.000348132
              28	        0.175802	        0.175553	     0.000335821
              29	         0.17544	        0.175549	     0.000324263
              30	        0.175448	        0.175545	     0.000313472
              31	        0.175818	        0.175554	     0.000303483
              32	        0.177419	        0.175613	     0.000299544
              33	        0.173402	        0.175546	     0.000297861
              34	        0.171446	        0.175425	     0.000312552
              35	        0.172955	        0.175354	     0.000311487
              36	        0.177679	        0.175419	     0.000309454
              37	        0.176538	        0.175449	     0.000302565
              38	        0.170344	        0.175315	     0.000323059
              39	        0.174923	        0.175305	     0.000314932
              40	        0.175389	        0.175307	     0.000307065
              41	         0.17455	        0.175288	     0.000300131
              42	         0.17253	        0.175223	     0.000300086
              43	        0.175675	        0.175233	     0.000293291
              44	        0.173025	        0.175183	     0.000290887
              45	         0.17163	        0.175104	     0.000294943
              46	        0.171095	        0.175017	     0.000301134
              47	         0.17764	        0.175073	     0.000299852
              48	        0.177174	        0.175117	     0.000296784
              49	         0.18231	        0.175263	     0.000325014
              50	        0.174904	        0.175256	     0.000318593
              51	        0.177392	        0.175298	     0.000315086
              52	        0.174929	        0.175291	     0.000309107
              53	        0.179247	        0.175366	     0.000312155
              54	        0.169251	        0.175252	     0.000326265
              55	        0.174749	        0.175243	     0.000320461
              56	        0.169619	        0.175143	       0.0003301
              57	        0.175887	        0.175156	     0.000324567
              58	          0.1729	        0.175117	     0.000321293
              59	         0.17611	        0.175134	     0.000316288
              60	        0.175755	        0.175144	     0.000311186
              61	        0.171747	        0.175088	     0.000311026
              62	        0.176707	        0.175115	     0.000307103
              63	        0.175762	        0.175125	       0.0003024
              64	        0.176163	        0.175141	      0.00029811
              65	         0.17885	        0.175198	     0.000298935
              66	        0.176312	        0.175215	     0.000294882
              67	        0.176589	        0.175235	     0.000291193
              68	        0.175082	        0.175233	     0.000286919
              69	        0.176718	        0.175255	     0.000283566
              70	        0.182562	        0.175359	     0.000298112
              71	        0.173031	        0.175326	     0.000295711
              72	        0.175321	        0.175326	     0.000291604
              73	        0.178103	        0.175364	     0.000290079
              74	         0.17438	        0.175351	     0.000286464
              75	        0.173676	        0.175329	     0.000283513
              76	        0.173937	         0.17531	     0.000280374
              77	        0.171013	        0.175255	     0.000282233
              78	        0.180626	        0.175323	     0.000286893
              79	        0.174498	        0.175313	     0.000283452
              80	        0.174994	        0.175309	     0.000279937
              81	        0.178129	        0.175344	     0.000278637
              82	        0.177651	        0.175372	     0.000276656
              83	         0.17746	        0.175397	     0.000274465
              84	        0.171874	        0.175355	     0.000274382
              85	        0.174152	        0.175341	     0.000271519
              86	         0.17279	        0.175311	     0.000269978
              87	        0.167377	         0.17522	     0.000281857
              88	        0.177254	        0.175243	       0.0002796
              89	        0.174031	         0.17523	     0.000276789
              90	        0.177538	        0.175255	     0.000274899
              91	        0.176959	        0.175274	     0.000272515
              92	        0.179221	        0.175317	      0.00027291
              93	        0.176708	        0.175332	     0.000270385
              94	        0.177662	        0.175357	     0.000268643
              95	        0.177583	         0.17538	     0.000266835
              96	        0.176952	        0.175396	     0.000264557
              97	        0.173266	        0.175374	      0.00026274
              98	        0.171545	        0.175335	     0.000262949
              99	        0.175503	        0.175337	     0.000260298
             100	        0.172102	        0.175305	     0.000259698
             101	        0.174053	        0.175292	     0.000257422
             102	        0.176119	          0.1753	     0.000255026
             103	         0.17656	        0.175313	     0.000252843
             104	         0.17999	        0.175358	     0.000254381
             105	         0.17563	         0.17536	     0.000251971
             106	        0.173012	        0.175338	     0.000250566
             107	        0.173547	        0.175321	     0.000248782
             108	        0.172544	        0.175296	     0.000247804
             109	         0.17318	        0.175276	      0.00024629
             110	        0.175113	        0.175275	     0.000244055
             111	        0.178475	        0.175304	     0.000243553
             112	         0.17554	        0.175306	     0.000241388
             113	        0.175775	         0.17531	     0.000239288
             114	        0.175092	        0.175308	     0.000237196
             115	        0.178159	        0.175333	     0.000236426
             116	        0.173318	        0.175315	     0.000235025
             117	        0.172156	        0.175288	     0.000234562
             118	        0.173622	        0.175274	     0.000232999
             119	        0.171869	        0.175246	     0.000232792
             120	        0.175392	        0.175247	     0.000230855
             121	        0.172777	        0.175226	     0.000229847
             122	        0.176131	        0.175234	     0.000228083
             123	        0.175708	        0.175238	     0.000226261
             124	        0.177435	        0.175255	     0.000225129
             125	        0.176384	        0.175264	     0.000223509
             126	        0.174074	        0.175255	     0.000221935
             127	        0.178138	        0.175278	     0.000221345
             128	        0.178558	        0.175303	     0.000221094
             129	        0.173691	        0.175291	     0.000219734
             130	        0.179498	        0.175323	     0.000220414
             131	        0.174264	        0.175315	     0.000218879
             132	        0.182204	        0.175367	     0.000223356
             133	        0.172327	        0.175344	     0.000222844
             134	        0.174901	        0.175341	     0.000221205
             135	        0.177497	        0.175357	     0.000220142
             136	        0.174091	        0.175348	     0.000218721
             137	        0.176637	        0.175357	     0.000217326
             138	        0.178143	        0.175377	     0.000216687
             139	        0.174123	        0.175368	     0.000215316
             140	        0.173597	        0.175356	      0.00021415
             141	         0.17319	         0.17534	     0.000213181
             142	        0.180071	        0.175374	     0.000214267
             143	        0.172247	        0.175352	     0.000213881
             144	        0.173595	         0.17534	     0.000212744
             145	        0.176182	        0.175345	     0.000211356
             146	         0.17253	        0.175326	     0.000210786
             147	        0.172749	        0.175309	      0.00021008
             148	        0.171935	        0.175286	     0.000209894
             149	         0.17833	        0.175306	     0.000209477
             150	        0.174145	        0.175298	     0.000208223
             151	        0.172089	        0.175277	     0.000207926
             152	         0.17604	        0.175282	     0.000206619
             153	         0.17089	        0.175254	     0.000207253
             154	        0.173829	        0.175244	     0.000206114
             155	        0.174529	         0.17524	     0.000204836
             156	        0.174954	        0.175238	     0.000203531
             157	        0.178052	        0.175256	     0.000203022
             158	        0.172543	        0.175239	     0.000202462
             159	        0.178506	        0.175259	     0.000202229
             160	        0.169755	        0.175225	      0.00020387
             161	        0.172425	        0.175207	     0.000203344
             162	        0.172328	         0.17519	     0.000202864
             163	        0.172621	        0.175174	     0.000202231
             164	         0.17636	        0.175181	     0.000201127
             165	        0.173244	        0.175169	      0.00020025
             166	        0.171611	        0.175148	     0.000200188
             167	        0.171893	        0.175128	     0.000199935
             168	        0.173052	        0.175116	     0.000199127
             169	         0.17497	        0.175115	     0.000197951
             170	        0.175301	        0.175116	     0.000196789
             171	        0.174966	        0.175115	      0.00019564
             172	          0.1705	        0.175089	     0.000196335
             173	        0.170999	        0.175065	     0.000196618
             174	        0.174422	        0.175061	     0.000195523
             175	        0.175205	        0.175062	     0.000194407
             176	        0.178822	        0.175083	     0.000194473
             177	        0.176379	        0.175091	     0.000193512
             178	        0.176455	        0.175098	     0.000192576
             179	        0.178304	        0.175116	     0.000192331
             180	        0.179101	        0.175138	     0.000192532
             181	        0.173562	         0.17513	     0.000191666
             182	         0.16968	          0.1751	     0.000192937
             183	        0.175171	          0.1751	     0.000191883
             184	        0.174203	        0.175095	     0.000190902
             185	        0.180301	        0.175123	     0.000191933
             186	          0.1767	        0.175132	     0.000191088
             187	        0.174387	        0.175128	     0.000190108
             188	        0.177916	        0.175143	     0.000189674
             189	        0.175733	        0.175146	     0.000188697
             190	        0.174208	        0.175141	     0.000187768
             191	        0.181852	        0.175176	     0.000190044
             192	         0.17434	        0.175172	     0.000189104
             193	        0.177732	        0.175185	     0.000188589
             194	        0.170511	        0.175161	     0.000189149
             195	        0.175436	        0.175162	     0.000188185
             196	        0.174331	        0.175158	     0.000187272
             197	        0.176236	        0.175164	     0.000186402
             198	        0.171821	        0.175147	     0.000186223
             199	        0.175391	        0.175148	     0.000185291
             200	        0.179748	        0.175171	     0.000185787
             201	        0.174912	         0.17517	     0.000184867
             202	        0.171412	        0.175151	     0.000184886
             203	        0.169517	        0.175123	     0.000186046
             204	        0.174612	        0.175121	     0.000185151
             205	        0.177515	        0.175132	     0.000184616
             206	        0.175674	        0.175135	     0.000183739
             207	        0.178005	        0.175149	     0.000183373
             208	         0.18297	        0.175187	     0.000186307
             209	        0.177536	        0.175198	     0.000185754
             210	        0.176633	        0.175205	     0.000184996
             211	        0.176257	         0.17521	     0.000184186
             212	        0.175515	        0.175211	     0.000183323
             213	        0.172062	        0.175196	     0.000183057
             214	        0.174312	        0.175192	     0.000182249
             215	        0.175547	        0.175194	     0.000181408
             216	        0.177903	        0.175206	     0.000181002
             217	        0.175054	        0.175206	     0.000180169
             218	        0.172671	        0.175194	     0.000179717
             219	        0.174038	        0.175189	     0.000178974
             220	        0.172304	        0.175176	      0.00017864
             221	        0.174019	         0.17517	     0.000177908
             222	        0.173163	        0.175161	     0.000177337
             223	        0.173159	        0.175152	     0.000176769
             224	          0.1721	        0.175139	     0.000176504
             225	        0.172455	        0.175127	     0.000176122
             226	        0.174357	        0.175123	     0.000175376
             227	        0.175903	        0.175127	     0.000174637
             228	         0.16983	        0.175104	     0.000175409
             229	        0.179939	        0.175125	     0.000175909
             230	        0.177156	        0.175134	     0.000175366
             231	        0.176093	        0.175138	     0.000174656
             232	         0.17228	        0.175125	     0.000174337
             233	        0.173301	        0.175118	     0.000173765
             234	        0.176961	        0.175125	       0.0001732
             235	        0.173706	        0.175119	     0.000172569
             236	        0.169979	        0.175098	     0.000173207
             237	         0.17703	        0.175106	     0.000172668
             238	        0.178759	        0.175121	     0.000172623
             239	        0.176415	        0.175126	     0.000171986
             240	        0.175808	        0.175129	     0.000171293
             241	        0.176044	        0.175133	     0.000170624
             242	        0.173378	        0.175126	     0.000170073
             243	        0.177016	        0.175134	     0.000169551
             244	        0.176113	        0.175138	     0.000168903
             245	        0.175517	        0.175139	     0.000168221
             246	        0.176871	        0.175146	     0.000167685
             247	        0.177632	        0.175156	     0.000167307
             248	        0.176295	        0.175161	     0.000166696
             249	        0.177897	        0.175172	     0.000166388
             250	        0.177888	        0.175183	     0.000166077
             251	        0.178671	        0.175197	     0.000165996
             252	        0.179949	        0.175216	     0.000166405
             253	        0.174729	        0.175214	     0.000165758
             254	        0.180567	        0.175235	      0.00016644
             255	         0.16771	        0.175205	     0.000168382
             256	        0.175896	        0.175208	     0.000167746
             257	        0.170706	         0.17519	     0.000168006
             258	        0.176644	        0.175196	     0.000167449
             259	        0.179503	        0.175213	     0.000167626
             260	        0.175192	        0.175213	     0.000166981
             261	        0.171709	        0.175199	      0.00016688
             262	        0.175336	          0.1752	     0.000166244
             263	        0.173086	        0.175192	     0.000165806
             264	        0.178348	        0.175204	     0.000165609
             265	        0.172985	        0.175195	     0.000165195
             266	        0.175019	        0.175195	     0.000164575
             267	        0.171936	        0.175182	     0.000164411
             268	        0.171162	        0.175167	      0.00016448
             269	         0.17738	        0.175176	     0.000164075
             270	        0.172846	        0.175167	     0.000163693
             271	        0.178087	        0.175178	     0.000163444
             272	        0.175871	         0.17518	     0.000162863
             273	        0.173047	        0.175172	     0.000162453
             274	        0.172333	        0.175162	     0.000162191
             275	        0.174259	        0.175159	     0.000161634
             276	        0.171174	        0.175144	     0.000161692
             277	        0.178434	        0.175156	     0.000161544
             278	        0.173014	        0.175149	     0.000161146
             279	        0.180192	        0.175167	     0.000161579
             280	        0.174945	        0.175166	     0.000161004
             281	         0.17501	        0.175165	     0.000160432
             282	        0.169315	        0.175144	     0.000161199
             283	        0.173217	        0.175138	     0.000160773
             284	        0.172401	        0.175128	     0.000160496
             285	        0.172052	        0.175117	     0.000160295
             286	        0.174962	        0.175117	     0.000159735
             287	        0.178639	        0.175129	      0.00015965
             288	        0.175626	        0.175131	     0.000159105
             289	        0.174319	        0.175128	     0.000158579
             290	        0.175975	        0.175131	     0.000158059
             291	        0.173937	        0.175127	     0.000157569
             292	        0.178057	        0.175137	     0.000157349
             293	        0.175294	        0.175137	     0.000156813
             294	        0.173131	         0.17513	     0.000156428
             295	        0.173659	        0.175125	     0.000155977
             296	        0.175929	        0.175128	     0.000155473
             297	        0.169774	         0.17511	     0.000155992
             298	         0.17562	        0.175112	     0.000155478
             299	        0.171975	        0.175101	     0.000155311
             300	        0.172736	        0.175093	     0.000154994
             301	        0.177703	        0.175102	     0.000154721
             302	        0.175801	        0.175104	     0.000154226
             303	         0.17554	        0.175106	     0.000153724
             304	        0.174827	        0.175105	     0.000153221
             305	        0.175143	        0.175105	     0.000152719
             306	        0.174958	        0.175105	      0.00015222
             307	        0.170952	        0.175091	     0.000152324
             308	        0.174457	        0.175089	     0.000151844
             309	        0.176352	        0.175093	     0.000151407
             310	         0.17088	         0.17508	     0.000151528
             311	        0.174349	        0.175077	     0.000151059
             312	        0.173103	        0.175071	     0.000150707
             313	        0.168865	        0.175051	     0.000151524
             314	        0.171694	         0.17504	     0.000151418
             315	        0.177611	        0.175049	     0.000151157
             316	        0.176518	        0.175053	      0.00015075
             317	          0.1768	        0.175059	     0.000150376
             318	        0.179436	        0.175072	     0.000150531
             319	        0.173424	        0.175067	     0.000150148
             320	        0.172407	        0.175059	     0.000149909
             321	        0.174858	        0.175058	     0.000149443
             322	        0.174045	        0.175055	     0.000149012
             323	        0.172071	        0.175046	     0.000148837
             324	        0.173317	        0.175041	     0.000148473
             325	        0.170935	        0.175028	     0.000148553
             326	        0.173462	        0.175023	     0.000148175
             327	        0.174354	        0.175021	     0.000147736
             328	        0.179562	        0.175035	     0.000147933
             329	        0.171593	        0.175025	     0.000147853
             330	         0.17299	        0.175018	     0.000147533
             331	        0.170892	        0.175006	     0.000147613
             332	        0.176385	         0.17501	     0.000147227
             333	        0.172563	        0.175003	     0.000146968
             334	        0.177299	         0.17501	     0.000146689
             335	        0.175634	        0.175011	     0.000146263
             336	        0.174867	        0.175011	     0.000145828
             337	        0.174552	         0.17501	     0.000145402
             338	        0.175381	        0.175011	     0.000144976
             339	        0.174512	        0.175009	     0.000144556
             340	        0.174601	        0.175008	     0.000144135
             341	        0.175479	        0.175009	     0.000143719
             342	        0.175941	        0.175012	     0.000143325
             343	        0.177025	        0.175018	     0.000143027
             344	        0.169249	        0.175001	     0.000143591
             345	        0.175384	        0.175002	     0.000143179
             346	        0.177043	        0.175008	     0.000142887
             347	        0.175942	        0.175011	     0.000142501
             348	        0.175331	        0.175012	     0.000142094
             349	        0.171649	        0.175002	     0.000142013
             350	        0.178214	        0.175011	     0.000141904
             351	        0.174111	        0.175009	     0.000141523
             352	        0.176689	        0.175014	     0.000141201
             353	        0.173274	        0.175009	     0.000140887
             354	        0.176117	        0.175012	     0.000140524
             355	        0.174392	         0.17501	     0.000140139
             356	        0.177071	        0.175016	     0.000139865
             357	        0.171136	        0.175005	     0.000139894
             358	        0.170745	        0.174993	     0.000140009
             359	        0.174414	        0.174991	     0.000139628
             360	         0.17702	        0.174997	     0.000139354
             361	        0.173312	        0.174992	     0.000139046
             362	        0.178283	        0.175002	     0.000138959
             363	        0.176159	        0.175005	     0.000138612
             364	        0.175129	        0.175005	     0.000138232
             365	        0.171282	        0.174995	     0.000138229
             366	        0.175156	        0.174995	     0.000137852
             367	        0.173832	        0.174992	     0.000137513
             368	        0.176158	        0.174995	     0.000137176
             369	        0.173664	        0.174992	     0.000136852
             370	        0.173541	        0.174988	     0.000136538
             371	         0.17106	        0.174977	      0.00013658
             372	        0.175753	        0.174979	     0.000136228
             373	        0.176402	        0.174983	     0.000135917
             374	        0.174251	        0.174981	     0.000135567
             375	        0.174596	         0.17498	      0.00013521
             376	        0.172538	        0.174974	     0.000135006
             377	        0.177651	        0.174981	     0.000134835
             378	        0.174322	        0.174979	     0.000134489
             379	        0.176788	        0.174984	     0.000134219
             380	        0.176269	        0.174987	     0.000133908
             381	        0.176314	        0.174991	     0.000133602
             382	        0.174007	        0.174988	     0.000133277
             383	        0.171069	        0.174978	     0.000133321
             384	        0.171461	        0.174969	     0.000133288
             385	        0.171384	        0.174959	     0.000133267
             386	        0.174108	        0.174957	      0.00013294
             387	        0.168884	        0.174941	      0.00013352
             388	         0.17708	        0.174947	     0.000133289
             389	        0.179087	        0.174958	     0.000133371
             390	        0.176252	        0.174961	      0.00013307
             391	        0.172517	        0.174955	     0.000132876
             392	        0.176228	        0.174958	     0.000132577
             393	        0.175225	        0.174959	     0.000132242
             394	        0.171963	        0.174951	     0.000132124
             395	         0.17273	        0.174945	     0.000131909
             396	        0.169971	        0.174933	     0.000132173
             397	         0.17423	        0.174931	     0.000131852
             398	        0.176403	        0.174935	     0.000131572
             399	        0.181031	         0.17495	     0.000132127
             400	        0.175382	        0.174951	     0.000131801
             401	        0.173821	        0.174948	     0.000131502
             402	        0.178555	        0.174957	     0.000131481
             403	         0.17238	        0.174951	      0.00013131
             404	        0.174007	        0.174949	     0.000131006
             405	        0.175275	        0.174949	     0.000130685
             406	        0.171962	        0.174942	      0.00013057
             407	        0.175367	        0.174943	     0.000130253
             408	         0.17738	        0.174949	     0.000130071
             409	        0.167662	        0.174931	     0.000130968
             410	        0.173224	        0.174927	     0.000130715
             411	        0.173928	        0.174925	     0.000130419
             412	        0.174832	        0.174924	     0.000130103
             413	        0.176373	        0.174928	     0.000129835
             414	         0.17316	        0.174924	     0.000129592
             415	        0.172793	        0.174918	     0.000129381
             416	        0.176905	        0.174923	     0.000129158
             417	        0.177326	        0.174929	     0.000128977
             418	        0.174792	        0.174929	     0.000128669
             419	        0.171223	         0.17492	     0.000128665
             420	        0.174424	        0.174919	     0.000128364
             421	        0.171612	        0.174911	     0.000128299
             422	        0.175983	        0.174913	     0.000128021
             423	        0.171617	        0.174906	     0.000127955
             424	        0.174959	        0.174906	     0.000127653
             425	         0.17015	        0.174894	     0.000127842
             426	        0.176572	        0.174898	     0.000127603
             427	        0.177893	        0.174905	     0.000127497
             428	        0.173774	        0.174903	     0.000127226
             429	        0.174309	        0.174901	     0.000126937
             430	        0.169543	        0.174889	     0.000127252
             431	        0.178654	        0.174898	     0.000127256
             432	        0.176079	          0.1749	     0.000126991
             433	        0.177362	        0.174906	     0.000126825
             434	        0.172827	        0.174901	     0.000126623
             435	        0.177259	        0.174907	     0.000126448
             436	        0.172879	        0.174902	     0.000126244
             437	          0.1722	        0.174896	     0.000126106
             438	        0.172859	        0.174891	     0.000125904
             439	        0.175542	        0.174893	     0.000125626
             440	        0.175284	        0.174894	     0.000125344
             441	        0.173386	         0.17489	     0.000125106
             442	        0.174491	        0.174889	     0.000124826
             443	        0.175557	        0.174891	     0.000124553
             444	        0.172587	        0.174886	     0.000124381
             445	        0.173137	        0.174882	     0.000124163
             446	        0.177295	        0.174887	     0.000124003
             447	        0.176423	        0.174891	     0.000123773
             448	        0.173547	        0.174888	     0.000123533
             449	        0.176681	        0.174892	     0.000123323
             450	        0.175226	        0.174892	     0.000123051
             451	        0.177261	        0.174898	      0.00012289
             452	        0.181921	        0.174913	     0.000123596
             453	        0.176416	        0.174916	     0.000123368
             454	        0.174026	        0.174914	     0.000123112
             455	         0.17394	        0.174912	      0.00012286
             456	        0.179938	        0.174923	     0.000123084
             457	        0.176864	        0.174928	     0.000122888
             458	         0.17336	        0.174924	     0.000122667
             459	        0.178277	        0.174931	     0.000122617
             460	        0.179267	        0.174941	     0.000122712
             461	        0.174982	        0.174941	     0.000122446
             462	        0.174508	         0.17494	     0.000122185
             463	        0.178875	        0.174948	     0.000122216
             464	        0.176642	        0.174952	     0.000122007
             465	        0.175002	        0.174952	     0.000121745
             466	        0.170827	        0.174943	     0.000121805
             467	        0.177379	        0.174949	     0.000121656
             468	        0.180113	         0.17496	     0.000121895
             469	        0.178283	        0.174967	     0.000121841
             470	        0.171375	        0.174959	     0.000121821
             471	        0.179123	        0.174968	     0.000121883
             472	        0.174465	        0.174967	      0.00012163
             473	        0.174375	        0.174966	     0.000121379
             474	        0.171763	        0.174959	     0.000121311
             475	        0.178411	        0.174966	     0.000121273
             476	        0.174662	        0.174965	      0.00012102
             477	        0.173012	        0.174961	     0.000120835
             478	         0.17575	        0.174963	     0.000120594
             479	        0.169529	        0.174952	     0.000120874
             480	        0.174241	         0.17495	     0.000120632
             481	        0.173555	        0.174947	     0.000120416
             482	        0.179568	        0.174957	     0.000120547
             483	        0.174608	        0.174956	     0.000120299
             484	        0.175059	        0.174956	     0.000120051
             485	        0.171592	        0.174949	     0.000120004
             486	        0.172166	        0.174944	     0.000119893
             487	        0.176131	        0.174946	     0.000119672
             488	        0.178984	        0.174954	     0.000119712
             489	        0.178706	        0.174962	     0.000119713
             490	        0.172837	        0.174958	     0.000119547
             491	        0.179283	        0.174967	     0.000119628
             492	         0.17159	         0.17496	     0.000119582
             493	        0.172044	        0.174954	     0.000119485
             494	        0.172776	        0.174949	     0.000119325
             495	        0.170515	         0.17494	     0.000119419
             496	        0.174557	         0.17494	     0.000119181
             497	        0.171295	        0.174932	     0.000119167
             498	        0.174501	        0.174931	      0.00011893
             499	        0.172955	        0.174928	     0.000118758
             500	        0.173385	        0.174924	     0.000118561
