#     BLOCK:   ACTUAL_TE:    TE_AVE:      ERROR:
               1	        -0.48736	        -0.48736	               0
               2	        -0.49472	        -0.49104	      0.00260215
               3	        -0.49136	       -0.491147	      0.00173695
               4	        -0.49648	        -0.49248	       0.0017408
               5	        -0.49624	       -0.493232	      0.00154656
               6	        -0.49776	       -0.493987	      0.00146137
               7	        -0.50064	       -0.494937	      0.00153081
               8	        -0.49808	        -0.49533	      0.00138895
               9	        -0.48872	       -0.494596	      0.00141555
              10	         -0.4912	       -0.494256	      0.00131409
              11	        -0.50248	       -0.495004	      0.00139114
              12	        -0.48824	        -0.49444	      0.00138469
              13	        -0.48944	       -0.494055	      0.00133052
              14	        -0.49384	        -0.49404	      0.00123557
              15	        -0.49024	       -0.493787	      0.00117889
              16	        -0.49296	       -0.493735	      0.00110634
              17	        -0.48504	       -0.493224	      0.00115345
              18	        -0.49168	       -0.493138	      0.00109255
              19	         -0.5028	       -0.493646	      0.00114731
              20	        -0.50864	       -0.494396	      0.00131221
              21	        -0.49032	       -0.494202	        0.001264
              22	        -0.49872	       -0.494407	      0.00122312
              23	        -0.48504	          -0.494	      0.00123588
              24	        -0.48544	       -0.493643	      0.00123478
              25	        -0.49096	       -0.493536	      0.00119005
              26	        -0.50272	       -0.493889	      0.00119555
              27	        -0.49464	       -0.493917	      0.00115159
              28	        -0.49632	       -0.494003	      0.00111366
              29	        -0.49072	        -0.49389	        0.001081
              30	        -0.48664	       -0.493648	      0.00107163
              31	        -0.49224	       -0.493603	      0.00103803
              32	          -0.482	        -0.49324	      0.00106703
              33	        -0.48888	       -0.493108	      0.00104285
              34	        -0.48536	        -0.49288	      0.00103677
              35	        -0.48752	       -0.492727	       0.0010184
              36	          -0.498	       -0.492873	      0.00100059
              37	        -0.47824	       -0.492478	       0.0010488
              38	        -0.49384	       -0.492514	      0.00102181
              39	        -0.49392	        -0.49255	     0.000996248
              40	         -0.4948	       -0.492606	     0.000972929
              41	        -0.48832	       -0.492501	     0.000954799
              42	        -0.49824	       -0.492638	     0.000941791
              43	        -0.48944	       -0.492564	     0.000922821
              44	        -0.49368	       -0.492589	     0.000902196
              45	        -0.50432	        -0.49285	     0.000919038
              46	        -0.48896	       -0.492765	     0.000902941
              47	        -0.49848	       -0.492887	     0.000891879
              48	        -0.49352	         -0.4929	     0.000873395
              49	        -0.48296	       -0.492697	     0.000878813
              50	        -0.49408	       -0.492725	     0.000861672
              51	         -0.4932	       -0.492734	     0.000844827
              52	        -0.50144	       -0.492902	     0.000845007
              53	        -0.50016	       -0.493038	     0.000840088
              54	        -0.50272	       -0.493218	     0.000843445
              55	          -0.494	       -0.493232	     0.000828229
              56	        -0.49888	       -0.493333	     0.000819558
              57	        -0.48352	       -0.493161	     0.000823062
              58	         -0.4964	       -0.493217	     0.000810764
              59	        -0.49776	       -0.493294	     0.000800671
              60	          -0.494	       -0.493305	     0.000787413
              61	         -0.4928	       -0.493297	     0.000774548
              62	        -0.49736	       -0.493363	     0.000764823
              63	        -0.48888	       -0.493291	     0.000755985
              64	        -0.50488	       -0.493473	     0.000765551
              65	         -0.4908	       -0.493431	     0.000754876
              66	         -0.4984	       -0.493507	     0.000747183
              67	        -0.50032	       -0.493608	     0.000742919
              68	        -0.49512	       -0.493631	     0.000732326
              69	        -0.49216	       -0.493609	     0.000722023
              70	        -0.49696	       -0.493657	     0.000713293
              71	         -0.4852	       -0.493538	     0.000713123
              72	        -0.48808	       -0.493462	     0.000707236
              73	        -0.49104	       -0.493429	     0.000698326
              74	         -0.4948	       -0.493448	     0.000689135
              75	        -0.49168	       -0.493424	     0.000680349
              76	         -0.4932	       -0.493421	     0.000671404
              77	        -0.48384	       -0.493297	     0.000674116
              78	        -0.49568	       -0.493327	     0.000666165
              79	        -0.50112	       -0.493426	     0.000664996
              80	        -0.50032	       -0.493512	     0.000662244
              81	        -0.48816	       -0.493446	     0.000657356
              82	        -0.48264	       -0.493314	     0.000662417
              83	            -0.5	       -0.493395	     0.000659315
              84	        -0.49488	       -0.493412	     0.000651703
              85	         -0.4908	       -0.493382	     0.000644761
              86	         -0.4976	       -0.493431	     0.000639127
              87	        -0.49632	       -0.493464	     0.000632642
              88	         -0.4924	       -0.493452	     0.000625569
              89	        -0.49192	       -0.493435	     0.000618777
              90	        -0.50056	       -0.493514	     0.000616946
              91	        -0.49888	       -0.493573	     0.000612978
              92	         -0.4936	       -0.493573	     0.000606315
              93	        -0.49984	        -0.49364	     0.000603529
              94	         -0.4964	        -0.49367	     0.000597822
              95	        -0.49024	       -0.493634	     0.000592618
              96	        -0.49632	       -0.493662	     0.000587105
              97	        -0.49064	       -0.493631	     0.000581878
              98	        -0.49288	       -0.493623	     0.000575991
              99	         -0.4988	       -0.493675	     0.000572542
             100	        -0.48888	       -0.493627	     0.000568821
             101	         -0.4924	       -0.493615	     0.000563319
             102	        -0.48752	       -0.493555	     0.000560957
             103	        -0.49696	       -0.493588	     0.000556483
             104	         -0.5012	       -0.493662	     0.000555925
             105	         -0.4908	       -0.493634	     0.000551298
             106	        -0.48704	       -0.493572	     0.000549596
             107	          -0.492	       -0.493557	     0.000544656
             108	        -0.49288	       -0.493551	     0.000539649
             109	        -0.49128	        -0.49353	       0.0005351
             110	        -0.49128	        -0.49351	     0.000530626
             111	        -0.49304	       -0.493506	     0.000525863
             112	        -0.49296	       -0.493501	      0.00052119
             113	        -0.49328	       -0.493499	     0.000516581
             114	        -0.50368	       -0.493588	     0.000519713
             115	        -0.48376	       -0.493503	     0.000522173
             116	        -0.48088	       -0.493394	     0.000528888
             117	        -0.49336	       -0.493394	     0.000524368
             118	        -0.50784	       -0.493516	     0.000534025
             119	        -0.49168	       -0.493501	      0.00052976
             120	        -0.49168	       -0.493485	     0.000525562
             121	         -0.4932	       -0.493483	     0.000521224
             122	        -0.48416	       -0.493407	     0.000522524
             123	        -0.49504	        -0.49342	     0.000518444
             124	        -0.50392	       -0.493505	     0.000521133
             125	        -0.49736	       -0.493535	     0.000517876
             126	        -0.49176	       -0.493521	     0.000513957
             127	        -0.49832	       -0.493559	     0.000511297
             128	        -0.48952	       -0.493528	     0.000508276
             129	        -0.49232	       -0.493518	     0.000504422
             130	        -0.49152	       -0.493503	     0.000500776
             131	        -0.50496	        -0.49359	     0.000504532
             132	        -0.49472	       -0.493599	     0.000500783
             133	        -0.49096	       -0.493579	      0.00049741
             134	        -0.49568	       -0.493595	     0.000493945
             135	        -0.49152	       -0.493579	     0.000490526
             136	         -0.4908	       -0.493559	     0.000487344
             137	        -0.49848	       -0.493595	     0.000485109
             138	        -0.49272	       -0.493588	     0.000481635
             139	        -0.48968	        -0.49356	      0.00047899
             140	        -0.49912	         -0.4936	     0.000477212
             141	        -0.49304	       -0.493596	     0.000473844
             142	        -0.48968	       -0.493568	     0.000471309
             143	        -0.48496	       -0.493508	     0.000471842
             144	        -0.49336	       -0.493507	     0.000468567
             145	        -0.48824	       -0.493471	     0.000466741
             146	        -0.50344	       -0.493539	     0.000468512
             147	        -0.48792	       -0.493501	     0.000466882
             148	        -0.50112	       -0.493552	     0.000466557
             149	        -0.50144	       -0.493605	     0.000466419
             150	        -0.48696	       -0.493561	     0.000465409
             151	        -0.48672	       -0.493516	     0.000464527
             152	        -0.49304	       -0.493513	     0.000461481
             153	        -0.49488	       -0.493522	     0.000458551
             154	        -0.49328	        -0.49352	     0.000455576
             155	        -0.49048	         -0.4935	     0.000453059
             156	        -0.49344	         -0.4935	     0.000450155
             157	         -0.4992	       -0.493536	      0.00044875
             158	        -0.48224	       -0.493465	     0.000451569
             159	        -0.50112	       -0.493513	     0.000451288
             160	        -0.49376	       -0.493515	      0.00044847
             161	        -0.49688	       -0.493535	     0.000446172
             162	        -0.50056	       -0.493579	      0.00044552
             163	        -0.48576	       -0.493531	     0.000445361
             164	         -0.4968	       -0.493551	     0.000443091
             165	        -0.49896	       -0.493584	     0.000441617
             166	        -0.48584	       -0.493537	     0.000441414
             167	        -0.49376	       -0.493538	     0.000438772
             168	        -0.48776	       -0.493504	     0.000437507
             169	        -0.48496	       -0.493453	     0.000437829
             170	        -0.48768	       -0.493419	     0.000436569
             171	        -0.49592	       -0.493434	      0.00043426
             172	        -0.49464	       -0.493441	     0.000431792
             173	         -0.5068	       -0.493518	     0.000436147
             174	        -0.47936	       -0.493437	     0.000441165
             175	        -0.49744	        -0.49346	     0.000439237
             176	        -0.49792	       -0.493485	     0.000437471
             177	        -0.48616	       -0.493444	     0.000436953
             178	        -0.48808	       -0.493413	     0.000435536
             179	        -0.49272	        -0.49341	      0.00043312
             180	        -0.49192	       -0.493401	     0.000430793
             181	        -0.49784	       -0.493426	      0.00042911
             182	        -0.49952	       -0.493459	     0.000428057
             183	         -0.5024	       -0.493508	     0.000428497
             184	        -0.50016	       -0.493544	      0.00042769
             185	         -0.5016	       -0.493588	     0.000427589
             186	         -0.4828	        -0.49353	     0.000429206
             187	        -0.49336	       -0.493529	     0.000426912
             188	        -0.48744	       -0.493497	     0.000425868
             189	        -0.49432	       -0.493501	     0.000423637
             190	        -0.49664	       -0.493517	     0.000421729
             191	        -0.49064	       -0.493502	      0.00041979
             192	        -0.48952	       -0.493482	     0.000418116
             193	        -0.48416	       -0.493433	      0.00041873
             194	        -0.49752	       -0.493454	     0.000417101
             195	        -0.48488	        -0.49341	     0.000417273
             196	        -0.48496	       -0.493367	     0.000417366
             197	        -0.49288	       -0.493365	     0.000415254
             198	         -0.4836	       -0.493316	     0.000416075
             199	        -0.49088	       -0.493303	     0.000414165
             200	        -0.48488	       -0.493261	      0.00041423
