#     BLOCK:   ACTUAL_X:     X_AVE:       ERROR:
               1	         0.93394	         0.93394	               0
               2	         1.20093	         1.06743	       0.0943942
               3	           1.001	         1.04529	       0.0654758
               4	        0.860979	         0.99921	       0.0632757
               5	         1.05421	         1.01021	        0.051568
               6	        0.926386	         0.99624	       0.0448259
               7	         1.03526	         1.00181	       0.0387673
               8	         1.04927	         1.00775	       0.0343722
               9	        0.911931	        0.997101	       0.0321596
              10	        0.860017	        0.983392	        0.031731
              11	         1.00852	        0.985676	       0.0289285
              12	         1.05312	        0.991296	       0.0270582
              13	        0.858026	        0.981045	       0.0268486
              14	        0.948223	          0.9787	        0.025033
              15	         1.07334	        0.985009	       0.0241461
              16	        0.926352	        0.981343	       0.0229136
              17	         1.11523	        0.989219	       0.0228792
              18	         1.11873	        0.996414	       0.0227113
              19	        0.999588	        0.996581	       0.0215166
              20	         1.06692	          1.0001	       0.0207262
              21	         1.09885	          1.0048	       0.0202657
              22	        0.873373	        0.998826	       0.0202058
              23	        0.918318	        0.995326	       0.0196282
              24	        0.997665	        0.995423	       0.0188106
              25	         1.04848	        0.997546	       0.0181775
              26	         1.08185	         1.00079	       0.0177652
              27	        0.856618	        0.995449	       0.0178917
              28	         1.07063	        0.998134	        0.017453
              29	        0.904206	        0.994895	       0.0171491
              30	         1.14088	        0.999761	        0.017254
              31	         1.06908	           1.002	       0.0168417
              32	        0.956223	         1.00057	        0.016376
              33	         1.15777	         1.00533	       0.0165582
              34	        0.900429	         1.00224	       0.0163561
              35	         0.93521	         1.00033	       0.0160005
              36	        0.980292	        0.999773	       0.0155657
              37	        0.980601	        0.999255	       0.0151537
              38	        0.931021	        0.997459	       0.0148609
              39	         1.07832	        0.999533	       0.0146238
              40	        0.996429	        0.999455	       0.0142584
              41	         1.07458	         1.00129	       0.0140278
              42	         1.03111	           1.002	       0.0137118
              43	          1.0777	         1.00376	       0.0135055
              44	         1.10304	         1.00601	       0.0133857
              45	         1.05902	         1.00719	       0.0131399
              46	        0.966558	         1.00631	        0.012884
              47	          0.9303	         1.00469	       0.0127109
              48	         1.08422	         1.00635	       0.0125536
              49	         1.10458	         1.00835	       0.0124565
              50	         1.09758	         1.01014	       0.0123345
              51	         1.08529	         1.01161	       0.0121804
              52	         1.15203	         1.01431	       0.0122418
              53	        0.897682	         1.01211	        0.012207
              54	         1.05607	         1.01293	       0.0120081
              55	         1.11464	         1.01477	       0.0119313
              56	         1.01693	         1.01481	       0.0117183
              57	        0.886043	         1.01255	       0.0117285
              58	        0.962953	          1.0117	       0.0115574
              59	        0.921511	         1.01017	       0.0114622
              60	        0.957665	         1.00929	       0.0113045
              61	        0.983245	         1.00887	       0.0111272
              62	         1.18637	         1.01173	       0.0113101
              63	        0.859914	         1.00932	       0.0113844
              64	         1.02424	         1.00955	       0.0112089
              65	        0.889099	          1.0077	       0.0111886
              66	        0.976172	         1.00722	       0.0110292
              67	         1.04762	         1.00783	       0.0108811
              68	         1.04518	         1.00838	       0.0107349
              69	         1.07241	          1.0093	       0.0106194
              70	          1.0423	         1.00978	       0.0104781
              71	        0.894455	         1.00815	       0.0104557
              72	         1.01116	         1.00819	       0.0103106
              73	         1.13342	         1.00991	        0.010311
              74	        0.979227	         1.00949	         0.01018
              75	        0.977957	         1.00907	        0.010053
              76	        0.990936	         1.00883	      0.00992354
              77	        0.956223	         1.00815	      0.00981816
              78	        0.918901	         1.00701	      0.00975873
              79	         1.02833	         1.00728	      0.00963894
              80	         1.12319	         1.00873	      0.00962674
              81	        0.950798	         1.00801	      0.00953442
              82	         1.05157	         1.00854	      0.00943293
              83	         1.06479	         1.00922	      0.00934359
              84	         1.00481	         1.00917	      0.00923251
              85	        0.978712	         1.00881	      0.00913084
              86	          1.0239	         1.00898	      0.00902635
              87	        0.969476	         1.00853	      0.00893402
              88	        0.795983	         1.00611	      0.00915316
              89	        0.893288	         1.00485	      0.00913769
              90	         1.13425	         1.00628	      0.00914857
              91	         1.05978	         1.00687	      0.00906691
              92	        0.979948	         1.00658	      0.00897307
              93	         1.14774	          1.0081	      0.00900406
              94	         1.16422	         1.00976	      0.00906016
              95	        0.936584	         1.00899	      0.00899747
              96	         1.01373	         1.00904	      0.00890389
              97	         1.04227	         1.00938	      0.00881868
              98	        0.957185	         1.00885	      0.00874476
              99	         1.00323	         1.00879	      0.00865662
             100	        0.914232	         1.00785	      0.00862154
             101	         1.06379	          1.0084	      0.00855396
             102	        0.892979	         1.00727	      0.00854461
             103	         1.01926	         1.00738	      0.00846245
             104	         1.01868	         1.00749	      0.00838177
             105	        0.941116	         1.00686	      0.00832575
             106	        0.884841	         1.00571	      0.00832641
             107	         1.07454	         1.00635	       0.0082734
             108	        0.896481	         1.00534	      0.00825911
             109	        0.975348	         1.00506	      0.00818792
             110	        0.960961	         1.00466	      0.00812329
             111	          1.0857	         1.00539	      0.00808285
             112	         1.01837	         1.00551	      0.00801151
             113	         1.01102	         1.00555	      0.00794076
             114	         1.03677	         1.00583	      0.00787583
             115	          1.0652	         1.00634	      0.00782425
             116	        0.942833	          1.0058	      0.00777593
             117	         1.00724	         1.00581	      0.00770948
             118	        0.963056	         1.00545	      0.00765265
             119	        0.970335	         1.00515	      0.00759403
             120	        0.959863	         1.00477	      0.00754012
             121	         1.00058	         1.00474	      0.00747788
             122	         1.15746	         1.00599	      0.00752063
             123	         1.10256	         1.00678	      0.00750036
             124	         1.03791	         1.00703	      0.00744407
             125	         0.98424	         1.00685	      0.00738675
             126	         1.02754	         1.00701	      0.00732995
             127	        0.876876	         1.00599	      0.00734351
             128	         1.14819	          1.0071	      0.00736969
             129	         1.16872	         1.00835	       0.0074183
             130	        0.960549	         1.00798	      0.00737034
             131	        0.974764	         1.00773	      0.00731844
             132	        0.915742	         1.00703	       0.0072961
             133	         1.06874	         1.00749	      0.00725598
             134	         1.17033	         1.00871	      0.00730288
             135	         1.03334	         1.00889	      0.00725107
             136	         1.05524	         1.00923	      0.00720576
             137	         1.00848	         1.00923	      0.00715316
             138	         1.03001	         1.00938	      0.00710291
             139	         1.04306	         1.00962	      0.00705594
             140	         1.09652	         1.01024	      0.00703279
             141	        0.981562	         1.01004	      0.00698585
             142	         1.04821	         1.01031	      0.00694182
             143	        0.821906	         1.00899	      0.00701719
             144	         1.00948	         1.00899	      0.00696846
             145	         1.06506	         1.00938	      0.00693112
             146	         1.04817	         1.00965	      0.00688874
             147	         1.10046	         1.01026	      0.00686953
             148	        0.973528	         1.01001	      0.00682759
             149	        0.985751	         1.00985	      0.00678371
             150	        0.961888	         1.00953	      0.00674602
             151	        0.994575	         1.00943	      0.00670207
             152	         1.00656	         1.00941	      0.00665801
             153	         1.00422	         1.00938	      0.00661458
             154	        0.961064	         1.00907	      0.00657906
             155	        0.939399	         1.00862	      0.00655195
             156	        0.811159	         1.00735	      0.00663109
             157	         1.10331	         1.00796	      0.00661696
             158	        0.960069	         1.00766	      0.00658202
             159	         1.01154	         1.00768	      0.00654067
             160	         1.16522	         1.00867	      0.00657348
             161	         1.11162	         1.00931	      0.00656368
             162	         1.10548	          1.0099	      0.00654995
             163	        0.924361	         1.00938	      0.00653076
             164	        0.975451	         1.00917	      0.00649421
             165	         1.08302	         1.00962	      0.00647026
             166	         1.11955	         1.01028	      0.00646509
             167	         1.03536	         1.01043	      0.00642812
             168	         1.03557	         1.01058	       0.0063916
             169	         1.03351	         1.01072	      0.00635522
             170	         1.05827	         1.01099	      0.00632399
             171	         1.05816	         1.01127	      0.00629302
             172	        0.949597	         1.01091	      0.00626664
             173	         1.04577	         1.01111	      0.00623365
             174	         1.00852	          1.0111	      0.00619785
             175	         0.96412	         1.01083	      0.00616824
             176	         1.06328	         1.01113	      0.00614039
             177	         1.09545	          1.0116	      0.00612415
             178	        0.910901	         1.01104	      0.00611582
             179	        0.950386	          1.0107	      0.00609103
             180	        0.953957	         1.01038	      0.00606535
             181	         1.00972	         1.01038	      0.00603184
             182	         1.01136	         1.01039	       0.0059987
             183	        0.894146	         1.00975	      0.00599945
             184	         1.02953	         1.00986	      0.00596781
             185	         1.06764	         1.01017	      0.00594372
             186	         1.03227	         1.01029	      0.00591295
             187	        0.871485	         1.00955	      0.00592774
             188	         1.02706	         1.00964	      0.00589694
             189	         1.10479	         1.01014	      0.00588719
             190	         1.15282	          1.0109	       0.0059039
             191	          1.0422	         1.01106	      0.00587527
             192	        0.961648	          1.0108	       0.0058503
             193	          1.0079	         1.01079	      0.00582001
             194	        0.972189	         1.01059	      0.00579341
             195	         1.15602	         1.01133	       0.0058115
             196	         1.08391	          1.0117	      0.00579364
             197	        0.961064	         1.01145	      0.00576993
             198	         1.04848	         1.01163	      0.00574382
             199	        0.981288	         1.01148	      0.00571698
             200	        0.955811	          1.0112	      0.00569516
