#     BLOCK:   ACTUAL_CV:    CV_AVE:      ERROR:
           1	    0.109592	    0.109592	           0
           2	    0.111472	    0.110532	 0.000664683
           3	    0.112748	    0.111271	 0.000748436
           4	    0.113339	    0.111788	 0.000718009
           5	    0.111348	      0.1117	 0.000579766
           6	    0.109893	    0.111399	 0.000555886
           7	    0.110545	    0.111277	 0.000489666
           8	    0.108678	    0.110952	  0.00052529
           9	    0.111347	    0.110996	 0.000468755
          10	    0.114773	    0.111373	 0.000553551
          11	    0.111966	    0.111427	 0.000505841
          12	    0.110369	    0.111339	 0.000471317
          13	    0.110544	    0.111278	 0.000439009
          14	    0.112741	    0.111382	 0.000419912
          15	    0.111123	    0.111365	 0.000392275
          16	    0.114166	     0.11154	 0.000404945
          17	      0.1109	    0.111503	 0.000382869
          18	     0.10996	    0.111417	 0.000371068
          19	    0.111179	    0.111404	  0.00035175
          20	    0.111375	    0.111403	 0.000334165
          21	     0.10985	    0.111329	 0.000326328
          22	     0.10959	     0.11125	 0.000320925
          23	    0.112534	    0.111306	  0.00031179
          24	    0.112179	    0.111342	 0.000300914
          25	     0.10955	     0.11127	 0.000297292
          26	    0.112314	    0.111311	 0.000288556
          27	    0.112415	    0.111351	 0.000280756
          28	    0.110203	     0.11131	 0.000273706
          29	    0.112028	    0.111335	 0.000265385
          30	    0.109362	    0.111269	 0.000264564
          31	    0.110654	     0.11125	 0.000256773
          32	    0.111082	    0.111244	 0.000248803
          33	    0.108475	     0.11116	 0.000255022
          34	    0.110995	    0.111156	 0.000247568
          35	    0.110318	    0.111132	 0.000241649
          36	    0.112397	    0.111167	 0.000237479
          37	    0.112526	    0.111204	 0.000233886
          38	    0.110744	    0.111191	 0.000228043
          39	    0.114698	    0.111281	 0.000239265
          40	    0.111604	    0.111289	 0.000233419
          41	    0.109429	    0.111244	 0.000232095
          42	     0.11223	    0.111267	 0.000227753
          43	    0.110366	    0.111247	 0.000223419
          44	    0.112433	    0.111274	 0.000219963
          45	    0.115399	    0.111365	 0.000233395
          46	    0.109308	     0.11132	 0.000232566
          47	     0.11223	     0.11134	 0.000228421
          48	    0.111678	    0.111347	  0.00022377
          49	    0.112844	    0.111377	 0.000221279
          50	    0.110098	    0.111352	 0.000218328
          51	    0.110641	    0.111338	 0.000214492
          52	    0.111079	    0.111333	 0.000210425
          53	    0.111046	    0.111327	 0.000206524
          54	    0.109988	    0.111303	 0.000204183
          55	    0.109414	    0.111268	 0.000203337
          56	    0.111071	    0.111265	 0.000199736
          57	    0.111829	    0.111275	 0.000196477
          58	    0.113211	    0.111308	 0.000195906
          59	    0.111487	    0.111311	 0.000192609
          60	    0.112913	    0.111338	 0.000191241
          61	    0.110125	    0.111318	 0.000189137
          62	    0.111843	    0.111326	 0.000186276
          63	    0.111234	    0.111325	 0.000183325
          64	    0.111215	    0.111323	 0.000180469
          65	    0.109882	    0.111301	 0.000179049
          66	    0.111727	    0.111308	 0.000176452
          67	    0.111579	    0.111312	 0.000173865
          68	    0.110013	    0.111292	 0.000172354
          69	    0.113369	    0.111323	 0.000172463
          70	     0.10919	    0.111292	  0.00017267
          71	    0.110507	    0.111281	 0.000170592
          72	    0.110995	    0.111277	 0.000168268
          73	    0.110936	    0.111272	 0.000166028
          74	     0.11181	     0.11128	 0.000163944
          75	    0.109846	    0.111261	 0.000162869
          76	    0.109493	    0.111237	 0.000162378
          77	    0.110576	    0.111229	 0.000160496
          78	     0.11254	    0.111245	 0.000159316
          79	    0.111799	    0.111253	 0.000157454
          80	    0.110494	    0.111243	 0.000155771
          81	     0.11318	    0.111267	 0.000155673
          82	    0.113497	    0.111294	 0.000156131
          83	    0.111178	    0.111293	 0.000154257
          84	    0.111984	    0.111301	  0.00015264
          85	    0.111534	    0.111304	 0.000150868
          86	    0.109408	    0.111282	 0.000150716
          87	    0.109113	    0.111257	 0.000151031
          88	    0.112813	    0.111274	 0.000150347
          89	    0.111976	    0.111282	 0.000148864
          90	    0.113631	    0.111308	 0.000149479
          91	    0.111079	    0.111306	 0.000147858
          92	    0.112006	    0.111313	 0.000146446
          93	    0.110928	    0.111309	  0.00014493
          94	    0.111386	     0.11131	 0.000143391
          95	    0.110611	    0.111303	  0.00014207
          96	    0.111235	    0.111302	 0.000140592
          97	     0.11023	    0.111291	 0.000139576
          98	    0.110877	    0.111287	 0.000138216
          99	    0.113105	    0.111305	 0.000138034
         100	    0.110073	    0.111293	 0.000137203
