#     BLOCK:   ACTUAL_TE:    TE_AVE:      ERROR:
               1	        -0.32504	        -0.32504	               0
               2	         -0.3344	        -0.32972	      0.00330926
               3	        -0.33392	        -0.33112	      0.00248473
               4	        -0.33792	        -0.33282	      0.00237493
               5	        -0.33368	       -0.332992	      0.00190616
               6	         -0.3368	       -0.333627	      0.00169083
               7	        -0.33472	       -0.333783	      0.00145648
               8	        -0.33016	        -0.33333	      0.00134298
               9	        -0.32896	       -0.332844	      0.00127852
              10	        -0.33368	       -0.332928	       0.0011534
              11	        -0.33088	       -0.332742	      0.00106347
              12	        -0.32856	       -0.332393	      0.00103036
              13	        -0.32808	       -0.332062	       0.0010031
              14	         -0.3316	       -0.332029	     0.000931993
              15	          -0.328	        -0.33176	     0.000907733
              16	         -0.3356	          -0.332	     0.000882156
              17	        -0.33064	        -0.33192	     0.000833884
              18	        -0.33528	       -0.332107	      0.00080818
              19	        -0.32968	       -0.331979	     0.000775671
              20	        -0.32688	       -0.331724	     0.000777658
              21	        -0.33672	       -0.331962	     0.000776164
              22	        -0.33976	       -0.332316	     0.000817826
              23	        -0.33808	       -0.332567	     0.000819762
              24	        -0.33208	       -0.332547	     0.000785856
              25	        -0.33448	       -0.332624	     0.000758218
              26	        -0.33544	       -0.332732	      0.00073675
              27	         -0.3336	       -0.332764	     0.000710164
              28	        -0.32424	        -0.33246	     0.000747214
              29	        -0.32808	       -0.332309	     0.000736554
              30	        -0.33728	       -0.332475	     0.000730403
              31	         -0.3252	        -0.33224	     0.000743584
              32	         -0.3344	       -0.332307	     0.000723404
              33	         -0.3216	       -0.331983	     0.000770823
              34	        -0.32872	       -0.331887	     0.000754103
              35	        -0.33192	       -0.331888	     0.000732558
              36	        -0.33152	       -0.331878	      0.00071228
              37	        -0.32584	       -0.331715	     0.000711476
              38	        -0.33528	       -0.331808	     0.000698913
              39	        -0.33328	       -0.331846	      0.00068201
              40	        -0.33208	       -0.331852	     0.000664985
              41	        -0.33512	       -0.331932	     0.000653525
              42	        -0.32952	       -0.331874	     0.000640482
              43	        -0.33184	       -0.331873	     0.000625588
              44	        -0.33288	       -0.331896	     0.000611788
              45	         -0.3288	       -0.331828	      0.00060205
              46	        -0.32344	       -0.331645	     0.000615955
              47	        -0.32944	       -0.331598	     0.000604634
              48	        -0.33184	       -0.331603	     0.000592058
              49	           -0.33	       -0.331571	     0.000580879
              50	         -0.3276	       -0.331491	     0.000574664
              51	        -0.34656	       -0.331787	     0.000634826
              52	         -0.3312	       -0.331775	     0.000622718
              53	        -0.32488	       -0.331645	     0.000624411
              54	         -0.3408	       -0.331815	     0.000635446
              55	        -0.32696	       -0.331727	     0.000629993
              56	        -0.32192	       -0.331551	     0.000642621
              57	        -0.32896	       -0.331506	     0.000632953
              58	        -0.33048	       -0.331488	     0.000622287
              59	        -0.33464	       -0.331542	     0.000614029
              60	        -0.34056	       -0.331692	     0.000621919
              61	        -0.33864	       -0.331806	     0.000622067
              62	        -0.33176	       -0.331805	     0.000612034
              63	        -0.33288	       -0.331822	     0.000602557
              64	        -0.32944	       -0.331785	      0.00059429
              65	         -0.3348	       -0.331831	     0.000586955
              66	         -0.3304	        -0.33181	     0.000578462
              67	        -0.33936	       -0.331922	     0.000580701
              68	         -0.3364	       -0.331988	     0.000575883
              69	        -0.34008	       -0.332106	     0.000579354
              70	         -0.3364	       -0.332167	     0.000574317
              71	        -0.33328	       -0.332183	     0.000566442
              72	        -0.33168	       -0.332176	     0.000558617
              73	        -0.33568	       -0.332224	     0.000553024
              74	        -0.33384	       -0.332245	     0.000545982
              75	        -0.33808	       -0.332323	     0.000544216
              76	        -0.33512	        -0.33236	     0.000538298
              77	         -0.3392	       -0.332449	     0.000538587
              78	        -0.33008	       -0.332418	     0.000532538
              79	        -0.33976	       -0.332511	     0.000533844
              80	        -0.33256	       -0.332512	     0.000527171
              81	        -0.33416	       -0.332532	     0.000521055
              82	        -0.34552	       -0.332691	     0.000538235
              83	        -0.33608	       -0.332732	     0.000533297
              84	        -0.33568	       -0.332767	     0.000528102
              85	        -0.32936	       -0.332727	     0.000523408
              86	        -0.33232	       -0.332722	     0.000517343
              87	        -0.32864	       -0.332675	      0.00051352
              88	         -0.3288	       -0.332631	     0.000509569
              89	        -0.33496	       -0.332657	     0.000504515
              90	        -0.33688	       -0.332704	     0.000501086
              91	        -0.33664	       -0.332747	     0.000497443
              92	        -0.33128	       -0.332731	     0.000492292
              93	        -0.33672	       -0.332774	     0.000488863
              94	        -0.33368	       -0.332784	     0.000483757
              95	         -0.3256	       -0.332708	     0.000484539
              96	        -0.33512	       -0.332733	     0.000480143
              97	        -0.33552	       -0.332762	     0.000476051
              98	        -0.33872	       -0.332823	      0.00047506
              99	        -0.32688	       -0.332763	     0.000474039
             100	        -0.33344	        -0.33277	     0.000469347
             101	        -0.34016	       -0.332843	     0.000470369
             102	        -0.33216	       -0.332836	     0.000465805
             103	         -0.3304	       -0.332812	     0.000461883
             104	        -0.33304	       -0.332815	     0.000457447
             105	         -0.3392	       -0.332875	     0.000457115
             106	        -0.33632	       -0.332908	     0.000453956
             107	        -0.33768	       -0.332953	     0.000451899
             108	        -0.34216	       -0.333038	     0.000455686
             109	        -0.32904	       -0.333001	     0.000452979
             110	        -0.33864	       -0.333052	     0.000451752
             111	        -0.33648	       -0.333083	     0.000448736
             112	        -0.32664	       -0.333026	     0.000448402
             113	          -0.328	       -0.332981	     0.000446634
             114	         -0.3288	       -0.332945	      0.00044422
             115	         -0.3352	       -0.332964	      0.00044079
             116	        -0.33392	       -0.332972	     0.000437067
             117	        -0.32928	       -0.332941	     0.000434469
             118	        -0.33688	       -0.332974	     0.000432068
             119	        -0.33288	       -0.332973	     0.000428438
             120	          -0.334	       -0.332982	     0.000424953
             121	        -0.32568	       -0.332922	     0.000425704
             122	        -0.33504	       -0.332939	     0.000422569
             123	        -0.33296	       -0.332939	     0.000419133
             124	        -0.33136	       -0.332926	     0.000415947
             125	        -0.32704	       -0.332879	     0.000415276
             126	        -0.33432	       -0.332891	     0.000412138
             127	        -0.33648	       -0.332919	      0.00040986
             128	         -0.3368	       -0.332949	     0.000407778
             129	        -0.33736	       -0.332984	     0.000406048
             130	        -0.33704	       -0.333015	     0.000404122
             131	        -0.32576	       -0.332959	     0.000404814
             132	        -0.33688	       -0.332989	     0.000402835
             133	        -0.33712	        -0.33302	     0.000401002
             134	        -0.33544	       -0.333038	     0.000398416
             135	        -0.33576	       -0.333058	     0.000395974
             136	        -0.33136	       -0.333046	     0.000393259
             137	        -0.33112	       -0.333032	      0.00039064
             138	        -0.32944	       -0.333006	     0.000388676
             139	        -0.33312	       -0.333007	      0.00038588
             140	          -0.346	       -0.333099	     0.000394127
             141	        -0.33856	       -0.333138	      0.00039323
             142	        -0.33168	       -0.333128	     0.000390595
             143	         -0.3256	       -0.333075	     0.000391395
             144	         -0.3248	       -0.333018	     0.000392873
             145	        -0.33832	       -0.333054	     0.000391861
             146	        -0.32888	       -0.333026	     0.000390219
             147	          -0.328	       -0.332992	     0.000389059
             148	        -0.32744	       -0.332954	     0.000388235
             149	        -0.33336	       -0.332957	     0.000385639
             150	        -0.33888	       -0.332996	     0.000385084
             151	        -0.32352	       -0.332934	     0.000387614
             152	        -0.34408	       -0.333007	     0.000391939
             153	        -0.33496	        -0.33302	     0.000389585
             154	         -0.3356	       -0.333036	     0.000387416
             155	        -0.33712	       -0.333063	     0.000385811
             156	        -0.32992	       -0.333043	     0.000383863
             157	        -0.33016	       -0.333024	     0.000381857
             158	         -0.3408	       -0.333073	     0.000382599
             159	           -0.34	       -0.333117	     0.000382665
             160	        -0.34608	       -0.333198	     0.000388755
             161	        -0.34056	       -0.333244	      0.00038902
             162	        -0.33096	        -0.33323	     0.000386874
             163	         -0.3404	       -0.333274	     0.000386994
             164	        -0.34008	       -0.333315	     0.000386853
             165	        -0.33712	       -0.333338	     0.000385195
             166	        -0.33056	       -0.333321	     0.000383238
             167	        -0.33048	       -0.333304	     0.000381321
             168	         -0.3428	       -0.333361	     0.000383217
             169	        -0.33176	       -0.333351	     0.000381067
             170	        -0.33104	       -0.333338	     0.000379068
             171	        -0.33112	       -0.333325	     0.000377073
             172	        -0.33192	       -0.333317	     0.000374969
             173	        -0.33576	       -0.333331	     0.000373067
             174	        -0.33696	       -0.333352	     0.000371506
             175	        -0.33664	       -0.333371	     0.000369858
             176	         -0.3292	       -0.333347	     0.000368515
             177	        -0.33264	       -0.333343	     0.000366454
             178	        -0.33448	       -0.333349	     0.000364451
             179	        -0.34048	       -0.333389	     0.000364586
             180	         -0.3344	       -0.333395	     0.000362604
             181	        -0.32336	       -0.333339	     0.000364814
             182	        -0.33656	       -0.333357	     0.000363238
             183	        -0.33472	       -0.333364	      0.00036133
             184	        -0.33192	       -0.333357	     0.000359451
             185	        -0.32816	       -0.333328	     0.000358604
             186	        -0.33384	       -0.333331	     0.000356687
             187	        -0.33648	       -0.333348	     0.000355177
             188	        -0.33856	       -0.333376	     0.000354368
             189	        -0.31808	       -0.333295	     0.000361616
             190	        -0.32904	       -0.333272	     0.000360405
             191	        -0.32984	       -0.333254	     0.000358966
             192	        -0.32704	       -0.333222	     0.000358553
             193	        -0.32784	       -0.333194	     0.000357778
             194	        -0.33544	       -0.333206	     0.000356121
             195	         -0.3376	       -0.333228	     0.000355007
             196	        -0.33344	       -0.333229	     0.000353197
             197	           -0.33	       -0.333213	     0.000351785
             198	        -0.32968	       -0.333195	      0.00035046
             199	        -0.33496	       -0.333204	     0.000348811
             200	         -0.3356	       -0.333216	     0.000347273
