#     BLOCK:   ACTUAL_TE:    TE_AVE:      ERROR:
           1	    -0.39937	    -0.39937	           0
           2	   -0.398547	   -0.398959	 0.000291073
           3	   -0.400526	   -0.399481	 0.000468554
           4	   -0.398226	   -0.399167	 0.000444137
           5	   -0.402346	   -0.399803	 0.000670575
           6	   -0.400164	   -0.399863	 0.000561508
           7	   -0.400809	   -0.399999	 0.000497293
           8	   -0.400368	   -0.400045	 0.000437268
           9	    -0.40381	   -0.400463	 0.000553799
          10	   -0.399242	   -0.400341	   0.0005117
          11	   -0.402797	   -0.400564	  0.00051157
          12	   -0.402531	   -0.400728	 0.000494492
          13	    -0.40154	   -0.400791	  0.00046038
          14	   -0.403018	    -0.40095	 0.000454157
          15	   -0.401999	    -0.40102	 0.000429234
          16	   -0.403039	   -0.401146	 0.000420554
          17	    -0.40422	   -0.401327	 0.000432963
          18	   -0.401021	    -0.40131	 0.000409243
          19	   -0.398529	   -0.401163	 0.000413048
          20	   -0.399153	   -0.401063	 0.000404447
          21	   -0.401943	   -0.401105	 0.000387351
          22	   -0.400127	    -0.40106	 0.000372283
          23	   -0.398066	    -0.40093	 0.000378178
          24	   -0.401035	   -0.400934	 0.000362446
          25	   -0.403325	    -0.40103	 0.000360342
          26	   -0.399839	   -0.400984	 0.000349383
          27	   -0.400311	   -0.400959	 0.000337331
          28	    -0.39877	   -0.400881	 0.000334221
          29	   -0.400465	   -0.400867	 0.000323004
          30	    -0.40175	   -0.400896	 0.000313577
          31	   -0.400691	    -0.40089	 0.000303531
          32	   -0.400205	   -0.400868	 0.000294798
          33	   -0.403053	   -0.400934	 0.000293206
          34	   -0.400219	   -0.400913	 0.000285337
          35	   -0.401225	   -0.400922	 0.000277323
          36	   -0.401506	   -0.400939	 0.000270093
          37	    -0.40222	   -0.400973	 0.000265004
          38	   -0.400179	   -0.400952	 0.000258852
          39	   -0.398272	   -0.400884	 0.000261176
          40	   -0.400667	   -0.400878	 0.000254703
          41	   -0.403518	   -0.400943	 0.000256499
          42	    -0.40181	   -0.400963	 0.000251222
          43	   -0.401514	   -0.400976	 0.000245706
          44	   -0.400719	    -0.40097	 0.000240191
          45	    -0.40016	   -0.400952	 0.000235527
          46	   -0.403127	   -0.400999	 0.000235104
          47	   -0.402314	   -0.401027	  0.00023176
          48	     -0.4007	   -0.401021	 0.000227032
          49	   -0.398973	   -0.400979	 0.000226211
          50	   -0.402777	   -0.401015	 0.000224528
          51	   -0.399677	   -0.400989	 0.000221652
          52	   -0.401866	   -0.401005	 0.000218031
          53	   -0.399956	   -0.400986	 0.000214814
          54	   -0.399593	    -0.40096	 0.000212377
          55	    -0.40334	   -0.401003	  0.00021288
          56	   -0.401005	   -0.401003	 0.000209079
          57	   -0.400468	   -0.400994	 0.000205621
          58	   -0.402353	   -0.401017	 0.000203407
          59	   -0.397353	   -0.400955	 0.000209226
          60	   -0.398817	   -0.400919	 0.000208751
          61	     -0.4023	   -0.400942	 0.000206552
          62	   -0.400808	    -0.40094	 0.000203232
          63	   -0.398985	   -0.400909	 0.000202361
          64	   -0.400367	     -0.4009	 0.000199376
          65	   -0.401873	   -0.400915	 0.000196869
          66	    -0.40074	   -0.400913	 0.000193904
          67	   -0.399908	   -0.400898	 0.000191589
          68	   -0.399778	   -0.400881	 0.000189478
          69	     -0.3987	    -0.40085	 0.000189351
          70	    -0.39953	   -0.400831	 0.000187581
          71	   -0.401662	   -0.400843	 0.000185304
          72	   -0.402158	   -0.400861	 0.000183629
          73	   -0.399928	   -0.400848	 0.000181558
          74	   -0.402214	   -0.400866	 0.000180041
          75	   -0.402896	   -0.400894	 0.000179662
          76	   -0.399676	   -0.400878	  0.00017801
          77	   -0.401202	   -0.400882	 0.000175748
          78	   -0.401322	   -0.400887	 0.000173585
          79	   -0.397735	   -0.400847	 0.000175914
          80	   -0.400652	   -0.400845	 0.000173732
          81	   -0.401449	   -0.400852	 0.000171747
          82	   -0.401944	   -0.400866	 0.000170168
          83	   -0.402283	   -0.400883	 0.000168973
          84	   -0.401537	   -0.400891	 0.000167141
          85	   -0.401854	   -0.400902	 0.000165558
          86	   -0.399461	   -0.400885	 0.000164478
          87	   -0.400614	   -0.400882	 0.000162617
          88	    -0.39793	   -0.400849	 0.000164192
          89	   -0.401874	    -0.40086	  0.00016275
          90	    -0.40086	    -0.40086	 0.000160942
          91	   -0.401921	   -0.400872	 0.000159595
          92	   -0.401514	   -0.400879	 0.000158013
          93	   -0.401105	   -0.400881	 0.000156333
          94	    -0.40422	   -0.400917	 0.000158654
          95	    -0.39862	   -0.400893	 0.000158815
          96	    -0.39998	   -0.400883	 0.000157445
          97	   -0.398823	   -0.400862	 0.000157247
          98	   -0.400784	   -0.400861	 0.000155645
          99	   -0.401988	   -0.400872	 0.000154488
         100	   -0.398112	   -0.400845	 0.000155389
