#     BLOCK:   ACTUAL_CV:    CV_AVE:      ERROR:
           1	    0.303789	    0.303789	           0
           2	    0.338878	    0.321333	   0.0124057
           3	    0.344287	    0.328985	   0.0103647
           4	    0.355174	    0.335532	  0.00962182
           5	    0.348175	    0.338061	  0.00802282
           6	    0.358697	      0.3415	   0.0073862
           7	    0.332718	    0.340245	   0.0064367
           8	    0.324611	    0.338291	  0.00592135
           9	    0.336315	    0.338072	  0.00526749
          10	    0.353795	    0.339644	  0.00496987
          11	    0.351682	    0.340738	    0.004637
          12	    0.356304	    0.342035	   0.0044283
          13	    0.352252	    0.342821	   0.0041568
          14	    0.340727	    0.342672	  0.00386258
          15	    0.348335	    0.343049	  0.00362348
          16	    0.351183	    0.343558	  0.00343249
          17	    0.326671	    0.342564	  0.00337125
          18	    0.346719	    0.342795	  0.00319185
          19	    0.327423	    0.341986	  0.00312471
          20	     0.33861	    0.341817	  0.00297303
          21	     0.36965	    0.343143	  0.00311289
          22	    0.370834	    0.344401	  0.00321582
          23	    0.317304	    0.343223	  0.00328474
          24	    0.317534	    0.342153	  0.00331769
          25	    0.309612	    0.340851	  0.00343083
          26	    0.315469	    0.339875	  0.00343496
          27	    0.318592	    0.339087	  0.00339698
          28	    0.395111	    0.341088	  0.00381974
          29	    0.371781	    0.342146	  0.00383186
          30	    0.333394	    0.341854	  0.00371522
          31	    0.344616	    0.341943	  0.00359644
          32	    0.339406	    0.341864	  0.00348493
          33	    0.340607	    0.341826	  0.00337953
          34	     0.36618	    0.342542	  0.00335519
          35	    0.324462	    0.342026	  0.00329885
          36	    0.396113	    0.343528	  0.00353282
          37	    0.351702	    0.343749	  0.00344424
          38	    0.364214	    0.344288	  0.00339544
          39	    0.339826	    0.344173	  0.00331031
          40	    0.350335	    0.344327	  0.00323113
          41	    0.312777	    0.343558	  0.00324266
          42	    0.368098	    0.344142	  0.00321767
          43	    0.316235	    0.343493	  0.00320762
          44	    0.332221	    0.343237	  0.00314493
          45	    0.338353	    0.343128	  0.00307692
          46	    0.332502	    0.342897	  0.00301869
          47	    0.400686	    0.344127	  0.00319507
          48	    0.332778	     0.34389	  0.00313724
          49	    0.327982	    0.343566	  0.00308996
          50	    0.341486	    0.343524	  0.00302845
          51	    0.398681	    0.344606	  0.00315627
          52	    0.341299	    0.344542	  0.00309621
          53	    0.362903	    0.344888	  0.00305712
          54	    0.359703	    0.345163	  0.00301279
          55	    0.305554	    0.344443	  0.00304286
          56	    0.280572	    0.343302	  0.00319514
          57	    0.318349	    0.342864	  0.00316894
          58	    0.366143	    0.343266	  0.00313961
          59	    0.353306	    0.343436	  0.00309101
          60	    0.315336	    0.342968	  0.00307477
          61	    0.313903	    0.342491	  0.00306106
          62	    0.345286	    0.342536	  0.00301202
          63	    0.350403	    0.342661	  0.00296679
          64	    0.353478	     0.34283	  0.00292525
          65	    0.359863	    0.343092	  0.00289196
          66	    0.344657	    0.343116	  0.00284824
          67	    0.350754	     0.34323	  0.00280801
          68	    0.306924	    0.342696	  0.00281701
          69	    0.387191	    0.343341	  0.00284904
          70	    0.348501	    0.343414	  0.00280929
          71	    0.311851	     0.34297	  0.00280468
          72	    0.338697	    0.342911	  0.00276635
          73	    0.323156	     0.34264	  0.00274166
          74	    0.333403	    0.342515	  0.00270745
          75	    0.354032	    0.342669	   0.0026757
          76	    0.319762	    0.342367	  0.00265742
          77	    0.346718	    0.342424	  0.00262351
          78	    0.399583	    0.343157	  0.00269027
          79	    0.326423	    0.342945	  0.00266454
          80	    0.328572	    0.342765	  0.00263729
          81	    0.340844	    0.342741	  0.00260483
          82	    0.340293	    0.342712	  0.00257324
          83	    0.334181	    0.342609	  0.00254429
          84	    0.356555	    0.342775	  0.00251941
          85	    0.333307	    0.342663	  0.00249223
          86	    0.333128	    0.342553	  0.00246572
          87	    0.295713	    0.342014	  0.00249546
          88	    0.358975	    0.342207	  0.00247453
          89	    0.411387	    0.342984	  0.00256591
          90	    0.331254	    0.342854	  0.00254071
          91	    0.363317	    0.343079	  0.00252272
          92	    0.349749	    0.343151	  0.00249634
          93	    0.351571	    0.343242	  0.00247114
          94	    0.340355	    0.343211	  0.00244504
          95	    0.323597	    0.343005	  0.00242801
          96	    0.336273	    0.342934	  0.00240373
          97	    0.382346	    0.343341	  0.00241304
          98	    0.373248	    0.343646	  0.00240764
          99	    0.348178	    0.343692	  0.00238376
         100	    0.343431	    0.343689	  0.00235992
