#     BLOCK:   ACTUAL_TE:    TE_AVE:      ERROR:
               1	       -0.774969	       -0.774969	               0
               2	       -0.781792	        -0.77838	       0.0024122
               3	       -0.775135	       -0.777299	      0.00183479
               4	       -0.773332	       -0.776307	      0.00162213
               5	       -0.779097	       -0.776865	      0.00139038
               6	       -0.776777	        -0.77685	      0.00115873
               7	         -0.7767	       -0.776829	     0.000993395
               8	       -0.773557	        -0.77642	     0.000949682
               9	        -0.77789	       -0.776583	       0.0008581
              10	       -0.774852	        -0.77641	      0.00078956
              11	       -0.780043	        -0.77674	     0.000783819
              12	       -0.773213	       -0.776446	     0.000771642
              13	       -0.779773	       -0.776702	     0.000753515
              14	       -0.772342	       -0.776391	     0.000761345
              15	       -0.775437	       -0.776327	     0.000713239
              16	       -0.778883	       -0.776487	     0.000686321
              17	       -0.770609	       -0.776141	     0.000727858
              18	       -0.774382	       -0.776043	     0.000693951
              19	       -0.777342	       -0.776112	     0.000660785
              20	       -0.773507	       -0.775982	     0.000640449
              21	       -0.780198	       -0.776182	     0.000640655
              22	       -0.775618	       -0.776157	     0.000612048
              23	       -0.779246	       -0.776291	     0.000599992
              24	       -0.777061	       -0.776323	      0.00057585
              25	       -0.777981	       -0.776389	     0.000556623
              26	       -0.772577	       -0.776243	     0.000554189
              27	       -0.780848	       -0.776413	       0.0005593
              28	       -0.780937	       -0.776575	     0.000562176
              29	       -0.779056	        -0.77666	     0.000549264
              30	       -0.774927	       -0.776603	     0.000533986
              31	       -0.775991	       -0.776583	     0.000517125
              32	       -0.778364	       -0.776639	      0.00050395
              33	       -0.775978	       -0.776619	     0.000489077
              34	       -0.768318	       -0.776374	     0.000532153
              35	        -0.77912	       -0.776453	     0.000522699
              36	       -0.773045	       -0.776358	      0.00051668
              37	       -0.776658	       -0.776366	     0.000502779
              38	        -0.77815	       -0.776413	     0.000491735
              39	         -0.7793	       -0.776487	     0.000484667
              40	       -0.769202	       -0.776305	     0.000505619
              41	       -0.774216	       -0.776254	     0.000495848
              42	       -0.780905	       -0.776365	     0.000496251
              43	       -0.781081	       -0.776475	     0.000496683
              44	       -0.772013	       -0.776373	     0.000495636
              45	       -0.778866	       -0.776429	     0.000487707
              46	        -0.77459	       -0.776389	      0.00047874
              47	       -0.773486	       -0.776327	      0.00047252
              48	        -0.77598	        -0.77632	     0.000462731
              49	        -0.78195	       -0.776435	     0.000467338
              50	       -0.776694	        -0.77644	      0.00045802
              51	        -0.77177	       -0.776348	     0.000458102
              52	       -0.775202	       -0.776326	     0.000449823
              53	       -0.779939	       -0.776394	     0.000446472
              54	       -0.779484	       -0.776452	     0.000441855
              55	       -0.775306	       -0.776431	     0.000434312
              56	        -0.77803	       -0.776459	     0.000427494
              57	       -0.776753	       -0.776464	     0.000420025
              58	       -0.776811	        -0.77647	     0.000412826
              59	       -0.779685	       -0.776525	      0.00040941
              60	       -0.771704	       -0.776445	     0.000410396
              61	       -0.775697	       -0.776432	     0.000403851
              62	       -0.776004	       -0.776425	     0.000397396
              63	       -0.779072	       -0.776467	     0.000393303
              64	       -0.779542	       -0.776515	     0.000390079
              65	       -0.779165	       -0.776556	     0.000386203
              66	       -0.774385	       -0.776523	     0.000381749
              67	       -0.772333	       -0.776461	      0.00038114
              68	       -0.773863	       -0.776423	     0.000377444
              69	       -0.775848	       -0.776414	     0.000372066
              70	       -0.772636	        -0.77636	     0.000370644
              71	       -0.779721	       -0.776408	     0.000368433
              72	       -0.774034	       -0.776375	     0.000364788
              73	        -0.77127	       -0.776305	     0.000366433
              74	       -0.776409	       -0.776306	     0.000361484
              75	       -0.777201	       -0.776318	     0.000356861
              76	       -0.780527	       -0.776373	     0.000356437
              77	        -0.77845	         -0.7764	     0.000352827
              78	       -0.775381	       -0.776387	     0.000348545
              79	       -0.776914	       -0.776394	     0.000344197
              80	       -0.781029	       -0.776452	     0.000344736
              81	       -0.776144	       -0.776448	     0.000340501
              82	       -0.775272	       -0.776434	     0.000336651
              83	       -0.774043	       -0.776405	     0.000333825
              84	       -0.774283	        -0.77638	     0.000330805
              85	       -0.776282	       -0.776379	     0.000326916
              86	       -0.772672	       -0.776335	     0.000325943
              87	       -0.772789	       -0.776295	     0.000324736
              88	       -0.778255	       -0.776317	     0.000321809
              89	       -0.777416	       -0.776329	      0.00031843
              90	       -0.774749	       -0.776312	     0.000315376
              91	       -0.773469	       -0.776281	     0.000313453
              92	       -0.774891	       -0.776265	      0.00031041
              93	       -0.774552	       -0.776247	     0.000307618
              94	       -0.778631	       -0.776272	     0.000305389
              95	       -0.776985	        -0.77628	     0.000302267
              96	       -0.775265	       -0.776269	     0.000299303
              97	       -0.781637	       -0.776325	     0.000301289
              98	       -0.776132	       -0.776323	     0.000298221
              99	       -0.771647	       -0.776275	     0.000298925
             100	       -0.778598	       -0.776299	     0.000296836
             101	       -0.779313	       -0.776328	     0.000295395
             102	       -0.772465	       -0.776291	     0.000294917
             103	       -0.773785	       -0.776266	     0.000293055
             104	         -0.7783	       -0.776286	     0.000290889
             105	       -0.775893	       -0.776282	     0.000288143
             106	       -0.774569	       -0.776266	     0.000285878
             107	       -0.777718	        -0.77628	     0.000283528
             108	       -0.772981	       -0.776249	     0.000282543
             109	        -0.77308	        -0.77622	     0.000281443
             110	       -0.772865	       -0.776189	     0.000280532
             111	       -0.772041	       -0.776152	     0.000280483
             112	       -0.772506	       -0.776119	     0.000279861
             113	       -0.780094	       -0.776155	     0.000279586
             114	       -0.779465	       -0.776184	     0.000278637
             115	       -0.778439	       -0.776203	     0.000276904
             116	        -0.78055	       -0.776241	     0.000277041
             117	       -0.774729	       -0.776228	     0.000274974
             118	       -0.773377	       -0.776204	     0.000273703
             119	       -0.774935	       -0.776193	     0.000271611
             120	       -0.773273	       -0.776169	     0.000270435
             121	       -0.779078	       -0.776193	     0.000269266
             122	       -0.777791	       -0.776206	     0.000267378
             123	       -0.773454	       -0.776183	     0.000266138
             124	        -0.77713	       -0.776191	     0.000264101
             125	        -0.77651	       -0.776194	     0.000262001
             126	       -0.773986	       -0.776176	     0.000260507
             127	       -0.774662	       -0.776164	     0.000258728
             128	       -0.775568	        -0.77616	     0.000256749
             129	       -0.778783	        -0.77618	     0.000255563
             130	       -0.771932	       -0.776147	     0.000255677
             131	       -0.772464	       -0.776119	     0.000255267
             132	       -0.774952	        -0.77611	     0.000253486
             133	       -0.778808	       -0.776131	     0.000252391
             134	        -0.77363	       -0.776112	     0.000251196
             135	         -0.7771	       -0.776119	     0.000249442
             136	       -0.777299	       -0.776128	     0.000247759
             137	       -0.775224	       -0.776121	     0.000246038
             138	       -0.775592	       -0.776117	     0.000244285
             139	       -0.776713	       -0.776122	     0.000242565
             140	       -0.778155	       -0.776136	     0.000241267
             141	       -0.777088	       -0.776143	      0.00023965
             142	        -0.77717	        -0.77615	     0.000238072
             143	       -0.778253	       -0.776165	     0.000236861
             144	       -0.778228	       -0.776179	     0.000235648
             145	       -0.774847	        -0.77617	     0.000234202
             146	       -0.770352	        -0.77613	     0.000235964
             147	       -0.777091	       -0.776137	      0.00023445
             148	       -0.771727	       -0.776107	     0.000234752
             149	       -0.770403	       -0.776069	     0.000236277
             150	       -0.779457	       -0.776091	     0.000235779
             151	       -0.776811	       -0.776096	     0.000234266
             152	       -0.773066	       -0.776076	     0.000233571
             153	       -0.771628	       -0.776047	     0.000233847
             154	       -0.777668	       -0.776058	     0.000232565
             155	       -0.778868	       -0.776076	      0.00023177
             156	       -0.777835	       -0.776087	     0.000230559
             157	       -0.777607	       -0.776097	     0.000229294
             158	       -0.775625	       -0.776094	     0.000227862
             159	       -0.784097	       -0.776144	     0.000231921
             160	       -0.774172	       -0.776132	     0.000230799
             161	       -0.777925	       -0.776143	     0.000229634
             162	       -0.772932	       -0.776123	      0.00022907
             163	       -0.776636	       -0.776126	     0.000227686
             164	       -0.776741	        -0.77613	     0.000226329
             165	        -0.77211	       -0.776106	     0.000226264
             166	       -0.775343	       -0.776101	     0.000224948
             167	       -0.780039	       -0.776125	     0.000224834
             168	        -0.77572	       -0.776122	     0.000223508
             169	       -0.776621	       -0.776125	     0.000222205
             170	       -0.779618	       -0.776146	     0.000221846
             171	       -0.769146	       -0.776105	     0.000224294
             172	       -0.778782	        -0.77612	     0.000223529
             173	       -0.774559	       -0.776111	     0.000222419
             174	       -0.773769	       -0.776098	     0.000221548
             175	       -0.776833	       -0.776102	     0.000220322
             176	       -0.780238	       -0.776125	      0.00022032
             177	       -0.777494	       -0.776133	     0.000219211
             178	        -0.78104	       -0.776161	     0.000219706
             179	       -0.778767	       -0.776175	      0.00021896
             180	        -0.77461	       -0.776167	     0.000217916
             181	       -0.777508	       -0.776174	     0.000216838
             182	       -0.778555	       -0.776187	     0.000216041
             183	       -0.772585	       -0.776167	     0.000215756
             184	       -0.776382	       -0.776169	     0.000214586
             185	       -0.775712	       -0.776166	      0.00021344
             186	       -0.780985	       -0.776192	     0.000213859
             187	        -0.77839	       -0.776204	     0.000213038
             188	       -0.780323	       -0.776226	     0.000213029
             189	        -0.77377	       -0.776213	     0.000212297
             190	       -0.784521	       -0.776256	     0.000215636
             191	       -0.772165	       -0.776235	     0.000215568
             192	       -0.772111	       -0.776214	     0.000215513
             193	       -0.774128	       -0.776203	     0.000214667
             194	       -0.774459	       -0.776194	     0.000213749
             195	       -0.773906	       -0.776182	     0.000212974
             196	       -0.774386	       -0.776173	     0.000212085
             197	        -0.77713	       -0.776178	     0.000211064
             198	       -0.782619	        -0.77621	      0.00021249
             199	       -0.774757	       -0.776203	     0.000211547
             200	       -0.775566	         -0.7762	     0.000210514
             201	       -0.778583	       -0.776212	       0.0002098
             202	       -0.774708	       -0.776204	     0.000208893
             203	       -0.776876	       -0.776207	     0.000207891
             204	       -0.775405	       -0.776204	     0.000206909
             205	       -0.773082	       -0.776188	     0.000206459
             206	       -0.778298	       -0.776199	     0.000205711
             207	       -0.768019	       -0.776159	     0.000208478
             208	       -0.773276	       -0.776145	     0.000207935
             209	       -0.773313	       -0.776132	     0.000207382
             210	       -0.779825	       -0.776149	     0.000207139
             211	       -0.778645	       -0.776161	     0.000206495
             212	        -0.77575	       -0.776159	      0.00020553
             213	       -0.779175	       -0.776173	     0.000205052
             214	       -0.769613	       -0.776143	     0.000206373
             215	       -0.777696	        -0.77615	     0.000205539
             216	       -0.771157	       -0.776127	     0.000205884
             217	       -0.777658	       -0.776134	     0.000205056
             218	       -0.773688	       -0.776123	     0.000204422
             219	       -0.768446	       -0.776087	     0.000206472
             220	        -0.77643	       -0.776089	      0.00020554
             221	       -0.773685	       -0.776078	     0.000204897
             222	       -0.777337	       -0.776084	     0.000204053
             223	       -0.770962	       -0.776061	     0.000204427
             224	       -0.778334	       -0.776071	     0.000203766
             225	       -0.782658	         -0.7761	     0.000204952
             226	       -0.778445	       -0.776111	     0.000204308
             227	       -0.778806	       -0.776123	     0.000203752
             228	       -0.777391	       -0.776128	     0.000202935
             229	       -0.774427	       -0.776121	     0.000202184
             230	       -0.777502	       -0.776127	     0.000201394
             231	        -0.77474	       -0.776121	     0.000200612
             232	       -0.777488	       -0.776127	     0.000199834
             233	       -0.773768	       -0.776116	     0.000199232
             234	       -0.773291	       -0.776104	     0.000198746
             235	       -0.776115	       -0.776104	     0.000197901
             236	       -0.774347	       -0.776097	     0.000197202
             237	       -0.772188	        -0.77608	     0.000197059
             238	       -0.771293	        -0.77606	     0.000197255
             239	       -0.779547	       -0.776075	     0.000196968
             240	       -0.778103	       -0.776083	     0.000196329
             241	       -0.775109	       -0.776079	     0.000195555
             242	       -0.779935	       -0.776095	     0.000195395
             243	        -0.77346	       -0.776084	     0.000194892
             244	       -0.780484	       -0.776102	     0.000194925
             245	        -0.78108	       -0.776123	     0.000195186
             246	       -0.770128	       -0.776098	     0.000195907
             247	       -0.773486	       -0.776088	       0.0001954
             248	        -0.77963	       -0.776102	     0.000195133
             249	       -0.774206	       -0.776095	     0.000194498
             250	       -0.780525	       -0.776112	     0.000194525
             251	       -0.778316	       -0.776121	     0.000193949
             252	       -0.779767	       -0.776135	     0.000193718
             253	       -0.776975	       -0.776139	      0.00019298
             254	       -0.775978	       -0.776138	     0.000192222
             255	       -0.777307	       -0.776143	     0.000191523
             256	       -0.773559	       -0.776133	      0.00019104
             257	       -0.775216	       -0.776129	      0.00019033
             258	       -0.765323	       -0.776087	     0.000194147
             259	       -0.778458	       -0.776096	     0.000193613
             260	       -0.773103	       -0.776085	      0.00019321
             261	        -0.77195	       -0.776069	     0.000193118
             262	       -0.775441	       -0.776067	     0.000192396
             263	       -0.781813	       -0.776088	     0.000192901
             264	       -0.775199	       -0.776085	       0.0001922
             265	       -0.779821	       -0.776099	     0.000191991
             266	       -0.780141	       -0.776114	     0.000191869
             267	       -0.778372	       -0.776123	     0.000191337
             268	       -0.776074	       -0.776123	     0.000190623
             269	       -0.775234	       -0.776119	     0.000189943
             270	        -0.77886	       -0.776129	     0.000189511
             271	       -0.776548	       -0.776131	     0.000188818
             272	       -0.775963	        -0.77613	     0.000188124
             273	       -0.782668	       -0.776154	     0.000188954
             274	       -0.777995	       -0.776161	     0.000188383
             275	       -0.778076	       -0.776168	     0.000187827
             276	       -0.781149	       -0.776186	     0.000188011
             277	       -0.777075	       -0.776189	      0.00018736
             278	       -0.777588	       -0.776194	     0.000186754
             279	       -0.776255	       -0.776195	     0.000186084
             280	       -0.771399	       -0.776177	     0.000186206
             281	       -0.778733	       -0.776187	     0.000185765
             282	       -0.770811	       -0.776167	     0.000186082
             283	       -0.774816	       -0.776163	     0.000185486
             284	       -0.776849	       -0.776165	     0.000184849
             285	       -0.775323	       -0.776162	     0.000184224
             286	       -0.781054	       -0.776179	     0.000184372
             287	       -0.775238	       -0.776176	     0.000183758
             288	       -0.777242	        -0.77618	     0.000183158
             289	       -0.774484	       -0.776174	     0.000182618
             290	        -0.77466	       -0.776169	     0.000182063
             291	       -0.773024	       -0.776158	     0.000181758
             292	       -0.778279	       -0.776165	      0.00018128
             293	       -0.780223	       -0.776179	      0.00018119
             294	        -0.77912	       -0.776189	     0.000180849
             295	       -0.777512	       -0.776193	     0.000180292
             296	       -0.782221	       -0.776214	     0.000180829
             297	       -0.777883	       -0.776219	     0.000180308
             298	       -0.775866	       -0.776218	     0.000179707
             299	       -0.777742	       -0.776223	     0.000179178
             300	       -0.777184	       -0.776226	     0.000178609
             301	       -0.775727	       -0.776225	     0.000178023
             302	       -0.777871	        -0.77623	     0.000177517
             303	       -0.778579	       -0.776238	     0.000177101
             304	       -0.776509	       -0.776239	      0.00017652
             305	       -0.771616	       -0.776224	     0.000176591
             306	       -0.775118	        -0.77622	     0.000176051
             307	       -0.773802	       -0.776212	     0.000175654
             308	       -0.773855	       -0.776205	      0.00017525
             309	       -0.771098	       -0.776188	     0.000175461
             310	       -0.777004	       -0.776191	     0.000174914
             311	       -0.777145	       -0.776194	     0.000174379
             312	       -0.777353	       -0.776197	      0.00017386
             313	       -0.780162	        -0.77621	     0.000173765
             314	       -0.774378	       -0.776204	     0.000173309
             315	       -0.773871	       -0.776197	     0.000172918
             316	       -0.774952	       -0.776193	     0.000172415
             317	       -0.779029	       -0.776202	     0.000172103
             318	       -0.782886	       -0.776223	     0.000172841
             319	       -0.780567	       -0.776237	     0.000172835
             320	       -0.778202	       -0.776243	     0.000172404
             321	        -0.77932	       -0.776252	     0.000172133
             322	       -0.778962	       -0.776261	     0.000171804
             323	       -0.771231	       -0.776245	     0.000171977
             324	       -0.774974	       -0.776241	      0.00017149
             325	       -0.776217	       -0.776241	     0.000170963
             326	       -0.780114	       -0.776253	     0.000170851
             327	       -0.775867	       -0.776252	     0.000170332
             328	       -0.775682	        -0.77625	     0.000169822
             329	       -0.777942	       -0.776255	     0.000169384
             330	       -0.775664	       -0.776253	      0.00016888
             331	       -0.778124	       -0.776259	     0.000168464
             332	       -0.775712	       -0.776257	     0.000167965
             333	       -0.769893	       -0.776238	     0.000168544
             334	       -0.775727	       -0.776237	     0.000168047
             335	       -0.778789	       -0.776244	     0.000167718
             336	       -0.775137	       -0.776241	     0.000167251
             337	       -0.776216	       -0.776241	     0.000166754
             338	       -0.774789	       -0.776237	     0.000166316
             339	       -0.777003	       -0.776239	     0.000165841
             340	       -0.773711	       -0.776232	      0.00016552
             341	         -0.7781	       -0.776237	     0.000165125
             342	       -0.776071	       -0.776237	     0.000164643
             343	       -0.770644	        -0.77622	     0.000164968
             344	       -0.780141	       -0.776232	     0.000164882
             345	       -0.772416	       -0.776221	     0.000164775
             346	       -0.774995	       -0.776217	     0.000164337
             347	       -0.773795	        -0.77621	     0.000164011
             348	       -0.777854	       -0.776215	     0.000163608
             349	       -0.778921	       -0.776223	     0.000163323
             350	       -0.779562	       -0.776232	     0.000163134
             351	        -0.77732	       -0.776235	     0.000162699
             352	       -0.776229	       -0.776235	     0.000162237
             353	       -0.774951	       -0.776232	     0.000161818
             354	       -0.779169	        -0.77624	     0.000161574
             355	       -0.774561	       -0.776235	     0.000161188
             356	        -0.77844	       -0.776241	     0.000160854
             357	        -0.76867	        -0.77622	     0.000161796
             358	       -0.775079	       -0.776217	     0.000161375
             359	       -0.771718	       -0.776204	     0.000161411
             360	       -0.776622	       -0.776206	     0.000160967
             361	       -0.777657	        -0.77621	     0.000160572
             362	       -0.776418	        -0.77621	     0.000160129
             363	       -0.776984	       -0.776212	     0.000159702
             364	        -0.77596	       -0.776212	     0.000159265
             365	       -0.777508	       -0.776215	     0.000158868
             366	       -0.770794	         -0.7762	     0.000159123
             367	       -0.773066	       -0.776192	     0.000158918
             368	       -0.777451	       -0.776195	     0.000158523
             369	       -0.777921	         -0.7762	     0.000158163
             370	       -0.775062	       -0.776197	     0.000157765
             371	       -0.774453	       -0.776192	      0.00015741
             372	       -0.771346	       -0.776179	     0.000157525
             373	       -0.775602	       -0.776178	      0.00015711
             374	       -0.774847	       -0.776174	      0.00015673
             375	         -0.7768	       -0.776176	     0.000156321
             376	        -0.77221	       -0.776165	     0.000156261
             377	       -0.775177	       -0.776162	     0.000155869
             378	       -0.777159	       -0.776165	     0.000155479
             379	         -0.7797	       -0.776174	     0.000155348
             380	       -0.775902	       -0.776174	     0.000154941
             381	        -0.78485	       -0.776196	     0.000156199
             382	       -0.773619	        -0.77619	     0.000155935
             383	       -0.781904	       -0.776205	      0.00015624
             384	       -0.775571	       -0.776203	     0.000155842
             385	       -0.777197	       -0.776206	     0.000155459
             386	       -0.778082	        -0.77621	     0.000155132
             387	       -0.775986	        -0.77621	     0.000154732
             388	       -0.773407	       -0.776203	     0.000154502
             389	       -0.779531	       -0.776211	     0.000154342
             390	       -0.778752	       -0.776218	     0.000154083
             391	       -0.774538	       -0.776213	     0.000153749
             392	       -0.781857	       -0.776228	     0.000154029
             393	       -0.778809	       -0.776234	     0.000153777
             394	       -0.774449	        -0.77623	     0.000153454
             395	       -0.776865	       -0.776231	     0.000153074
             396	       -0.777022	       -0.776233	       0.0001527
             397	       -0.770597	       -0.776219	     0.000152974
             398	       -0.777986	       -0.776224	     0.000152654
             399	       -0.776281	       -0.776224	     0.000152272
             400	       -0.779308	       -0.776232	     0.000152086
             401	       -0.773546	       -0.776225	     0.000151854
             402	       -0.778705	       -0.776231	     0.000151602
             403	       -0.773458	       -0.776224	     0.000151382
             404	       -0.774326	       -0.776219	      0.00015108
             405	       -0.777328	       -0.776222	     0.000150732
             406	          -0.776	       -0.776222	     0.000150361
             407	       -0.777176	       -0.776224	      0.00015001
             408	        -0.77671	       -0.776225	     0.000149647
             409	       -0.784207	       -0.776245	     0.000150548
             410	       -0.770803	       -0.776231	     0.000150765
             411	         -0.7752	       -0.776229	     0.000150419
             412	       -0.773336	       -0.776222	     0.000150218
             413	       -0.782697	       -0.776238	      0.00015067
             414	       -0.777335	        -0.77624	     0.000150329
             415	       -0.775879	       -0.776239	      0.00014997
             416	       -0.774782	       -0.776236	      0.00014965
             417	       -0.773289	       -0.776229	     0.000149458
             418	       -0.774671	       -0.776225	     0.000149147
             419	        -0.77309	       -0.776218	     0.000148979
             420	       -0.773122	        -0.77621	     0.000148806
             421	       -0.771682	       -0.776199	     0.000148841
             422	       -0.783757	       -0.776217	     0.000149562
             423	        -0.77119	       -0.776205	      0.00014968
             424	       -0.775246	       -0.776203	     0.000149344
             425	       -0.779984	       -0.776212	     0.000149257
             426	       -0.783605	       -0.776229	     0.000149912
             427	       -0.777257	       -0.776232	      0.00014958
             428	       -0.776223	       -0.776232	     0.000149231
             429	       -0.780569	       -0.776242	     0.000149225
             430	       -0.776935	       -0.776244	     0.000148887
             431	        -0.76851	       -0.776226	     0.000149619
             432	       -0.773136	       -0.776218	     0.000149443
             433	       -0.775059	       -0.776216	     0.000149122
             434	       -0.781319	       -0.776228	     0.000149241
             435	       -0.772507	       -0.776219	     0.000149143
             436	       -0.776598	        -0.77622	     0.000148803
             437	       -0.776134	        -0.77622	     0.000148463
             438	       -0.781166	       -0.776231	     0.000148553
             439	       -0.778901	       -0.776237	     0.000148339
             440	       -0.776652	       -0.776238	     0.000148005
             441	       -0.778882	       -0.776244	     0.000147791
             442	       -0.775652	       -0.776243	     0.000147462
             443	       -0.778854	       -0.776249	     0.000147247
             444	       -0.775692	       -0.776247	     0.000146921
             445	       -0.777495	        -0.77625	     0.000146618
             446	       -0.772029	       -0.776241	     0.000146594
             447	       -0.775923	        -0.77624	     0.000146268
             448	       -0.776097	        -0.77624	     0.000145942
             449	       -0.777092	       -0.776241	     0.000145629
             450	        -0.77964	       -0.776249	     0.000145501
             451	       -0.775786	       -0.776248	     0.000145182
             452	       -0.778933	       -0.776254	     0.000144982
             453	         -0.7733	       -0.776247	     0.000144809
             454	        -0.77672	       -0.776248	     0.000144493
             455	       -0.778932	       -0.776254	     0.000144296
             456	       -0.780457	       -0.776264	     0.000144274
             457	        -0.77245	       -0.776255	     0.000144199
             458	        -0.77426	       -0.776251	      0.00014395
             459	       -0.777851	       -0.776254	     0.000143679
             460	       -0.775497	       -0.776253	     0.000143376
             461	        -0.77711	       -0.776255	     0.000143077
             462	       -0.779065	       -0.776261	     0.000142896
             463	       -0.781333	       -0.776272	     0.000143007
             464	       -0.782926	       -0.776286	     0.000143416
             465	       -0.775415	       -0.776284	      0.00014312
             466	       -0.775202	       -0.776282	     0.000142832
             467	       -0.775837	       -0.776281	     0.000142529
             468	        -0.77485	       -0.776278	     0.000142257
             469	       -0.773778	       -0.776272	     0.000142054
             470	       -0.777566	       -0.776275	     0.000141778
             471	       -0.777014	       -0.776277	     0.000141486
             472	       -0.775284	       -0.776275	     0.000141202
             473	       -0.771978	       -0.776266	     0.000141195
             474	       -0.774661	       -0.776262	     0.000140938
             475	       -0.770312	        -0.77625	     0.000141197
             476	       -0.780148	       -0.776258	     0.000141137
             477	       -0.778018	       -0.776262	      0.00014089
             478	       -0.772741	       -0.776254	     0.000140787
             479	       -0.779585	       -0.776261	     0.000140665
             480	       -0.780979	       -0.776271	     0.000140715
             481	       -0.776187	       -0.776271	     0.000140422
             482	       -0.778981	       -0.776276	     0.000140244
             483	       -0.779619	       -0.776283	     0.000140124
             484	        -0.77842	       -0.776288	     0.000139904
             485	       -0.777305	        -0.77629	     0.000139631
             486	       -0.778392	       -0.776294	     0.000139411
             487	       -0.776452	       -0.776294	     0.000139125
             488	       -0.775636	       -0.776293	     0.000138846
             489	       -0.784312	        -0.77631	     0.000139527
             490	       -0.774952	       -0.776307	      0.00013927
             491	        -0.77721	       -0.776309	     0.000138999
             492	       -0.773639	       -0.776303	     0.000138822
             493	       -0.775939	       -0.776302	     0.000138542
             494	       -0.775586	       -0.776301	      0.00013827
             495	       -0.777691	       -0.776304	     0.000138019
             496	       -0.773902	       -0.776299	     0.000137825
             497	       -0.773737	       -0.776294	     0.000137644
             498	       -0.773373	       -0.776288	     0.000137493
             499	       -0.774555	       -0.776284	     0.000137261
             500	       -0.776646	       -0.776285	     0.000136989
