#     BLOCK:   ACTUAL_M:     M_AVE:       ERROR:
           1	     0.02448	     0.02448	           0
           2	     0.02384	     0.02416	 0.000226274
           3	     0.02912	   0.0258133	  0.00135834
           4	      0.0064	     0.02096	  0.00432481
           5	     0.01664	    0.020096	   0.0035451
           6	      0.0006	   0.0168467	  0.00418642
           7	       0.022	   0.0175829	  0.00365251
           8	     0.00636	     0.01618	  0.00345487
           9	     0.01348	     0.01588	  0.00308399
          10	     0.04416	    0.018708	  0.00386028
          11	     0.01748	   0.0185964	  0.00351096
          12	     0.00548	   0.0175033	  0.00338424
          13	      0.0076	   0.0167415	  0.00320851
          14	     0.00912	   0.0161971	  0.00302516
          15	     0.01632	   0.0162053	   0.0028235
          16	     0.00132	    0.015275	   0.0027961
          17	     0.01472	   0.0152424	  0.00263182
          18	     0.00252	   0.0145356	  0.00257877
          19	     0.02448	   0.0150589	  0.00249559
          20	     0.02568	     0.01559	  0.00242666
          21	     0.01704	    0.015659	  0.00231208
          22	      -0.005	     0.01472	  0.00239009
          23	     0.00424	   0.0142643	   0.0023292
          24	     0.01868	   0.0144483	  0.00223941
          25	     0.01728	   0.0145616	  0.00215269
          26	     0.01416	   0.0145462	  0.00206995
          27	       0.021	   0.0147852	  0.00200704
          28	     -0.0042	   0.0141071	  0.00204669
          29	     0.01808	   0.0142441	  0.00198069
          30	      0.0052	   0.0139427	  0.00193748
          31	       0.007	   0.0137187	  0.00188788
          32	     0.00832	     0.01355	  0.00183641
          33	     0.00764	   0.0133709	  0.00178947
          34	      0.0112	   0.0133071	  0.00173798
          35	      0.0116	   0.0132583	    0.001689
          36	     0.00708	   0.0130867	  0.00165078
          37	    -0.00984	    0.012467	  0.00171853
          38	      0.0242	   0.0127758	  0.00170082
          39	     0.02552	   0.0131026	  0.00168831
          40	     0.01092	    0.013048	  0.00164698
          41	       0.021	    0.013242	  0.00161819
          42	     0.02492	     0.01352	  0.00160337
          43	     0.02864	   0.0138716	  0.00160418
          44	     0.02588	   0.0141445	  0.00159076
          45	     0.00852	   0.0140196	  0.00156032
          46	    -0.00176	   0.0136765	  0.00156365
          47	       0.016	    0.013726	  0.00153116
          48	     0.00412	   0.0135258	  0.00151228
          49	     0.01908	   0.0136392	  0.00148566
          50	     0.00388	    0.013444	  0.00146872
          51	     0.02372	   0.0136455	  0.00145367
          52	    -0.00504	   0.0132862	  0.00146946
          53	     0.01244	   0.0132702	  0.00144182
          54	     0.02296	   0.0134496	  0.00142624
          55	      0.0148	   0.0134742	  0.00140052
          56	     0.02136	    0.013615	  0.00138257
          57	       0.009	    0.013534	  0.00136069
          58	     0.02088	   0.0136607	  0.00134311
          59	     0.01312	   0.0136515	  0.00132038
          60	     0.02432	   0.0138293	  0.00131029
          61	     0.02264	   0.0139738	  0.00129674
          62	     0.00952	   0.0139019	  0.00127782
          63	      0.0044	   0.0137511	   0.0012664
          64	     0.00624	   0.0136337	  0.00125204
          65	      0.0212	   0.0137502	  0.00123818
          66	     0.01956	   0.0138382	  0.00122254
          67	      0.0072	   0.0137391	   0.0012083
          68	      0.0048	   0.0136076	  0.00119767
          69	       0.013	   0.0135988	  0.00118034
          70	       0.005	    0.013476	  0.00116985
          71	     0.01012	   0.0134287	  0.00115433
          72	     0.00736	   0.0133444	  0.00114137
          73	     0.03008	   0.0135737	  0.00114853
          74	     0.01152	   0.0135459	  0.00113334
          75	     0.01692	   0.0135909	  0.00111912
          76	     0.00128	   0.0134289	  0.00111606
          77	     0.00676	   0.0133423	  0.00110492
          78	      0.0166	   0.0133841	  0.00109155
          79	     0.01888	   0.0134537	  0.00107994
          80	     0.02736	   0.0136275	  0.00108034
          81	     0.00084	   0.0134696	  0.00107848
          82	     0.02284	   0.0135839	  0.00107136
          83	     0.03016	   0.0137836	  0.00107691
          84	     0.00652	   0.0136971	  0.00106755
          85	     0.00252	   0.0135656	  0.00106306
          86	     0.00292	   0.0134419	  0.00105788
          87	     0.03468	    0.013686	  0.00107352
          88	     0.01028	   0.0136473	  0.00106202
          89	     0.00824	   0.0135865	  0.00105182
          90	     0.01176	   0.0135662	  0.00104033
          91	     0.01708	   0.0136048	  0.00102962
          92	    -0.00668	   0.0133843	  0.00104177
          93	     0.01064	   0.0133548	  0.00103098
          94	     0.02108	    0.013437	  0.00102328
          95	      0.0228	   0.0135356	  0.00101725
          96	     0.00256	   0.0134212	  0.00101306
          97	      0.0358	    0.013652	  0.00102855
          98	     0.01564	   0.0136722	  0.00101825
          99	     0.00636	   0.0135984	  0.00101064
         100	     0.02928	   0.0137552	  0.00101263
