#     BLOCK:   ACTUAL_TE:    TE_AVE:      ERROR:
               1	       -0.477537	       -0.477537	               0
               2	       -0.480246	       -0.478891	     0.000957649
               3	       -0.478203	       -0.478662	     0.000665381
               4	       -0.476636	       -0.478155	     0.000664336
               5	        -0.47737	       -0.477998	     0.000549749
               6	       -0.481846	        -0.47864	     0.000743336
               7	       -0.481429	       -0.479038	     0.000736279
               8	       -0.477837	       -0.478888	     0.000659381
               9	       -0.480775	       -0.479098	     0.000618546
              10	       -0.480098	       -0.479198	     0.000564721
              11	       -0.479643	       -0.479238	     0.000514835
              12	       -0.477541	       -0.479097	      0.00049098
              13	         -0.4817	       -0.479297	      0.00049236
              14	       -0.481271	       -0.479438	     0.000476951
              15	       -0.479186	       -0.479421	     0.000445449
              16	       -0.477986	       -0.479331	      0.00042654
              17	       -0.479201	       -0.479324	     0.000401518
              18	       -0.480467	       -0.479387	     0.000384202
              19	       -0.478633	       -0.479348	     0.000366025
              20	       -0.475779	       -0.479169	     0.000388781
              21	       -0.480679	       -0.479241	     0.000376857
              22	       -0.476267	       -0.479106	     0.000383208
              23	       -0.479556	       -0.479126	     0.000367046
              24	       -0.479817	       -0.479154	      0.00035288
              25	       -0.479906	       -0.479184	     0.000340045
              26	       -0.476519	       -0.479082	     0.000342074
              27	       -0.481248	       -0.479162	     0.000338679
              28	       -0.478914	       -0.479153	     0.000326699
              29	        -0.47974	       -0.479173	      0.00031606
              30	       -0.480331	       -0.479212	     0.000307872
              31	       -0.478859	       -0.479201	     0.000298151
              32	       -0.482356	       -0.479299	     0.000304698
              33	       -0.482091	       -0.479384	     0.000306988
              34	       -0.478368	       -0.479354	     0.000299411
              35	       -0.478421	       -0.479327	     0.000292042
              36	       -0.481141	       -0.479378	     0.000288244
              37	       -0.481328	        -0.47943	     0.000285235
              38	       -0.481605	       -0.479488	     0.000283411
              39	       -0.476299	       -0.479406	     0.000287696
              40	       -0.478956	       -0.479395	     0.000280724
              41	       -0.478951	       -0.479384	     0.000274085
              42	       -0.479673	       -0.479391	     0.000267646
              43	        -0.48124	       -0.479434	     0.000264852
              44	       -0.480835	       -0.479466	      0.00026074
              45	        -0.47799	       -0.479433	        0.000257
              46	       -0.478864	        -0.47942	     0.000251709
              47	       -0.480762	       -0.479449	     0.000247967
              48	         -0.4794	       -0.479448	     0.000242804
              49	       -0.476484	       -0.479387	     0.000245265
              50	         -0.4783	       -0.479366	     0.000241321
              51	       -0.475581	       -0.479291	     0.000247735
              52	       -0.479341	       -0.479292	     0.000242972
              53	       -0.478751	       -0.479282	     0.000238603
              54	       -0.475227	       -0.479207	     0.000245718
              55	       -0.480917	       -0.479238	      0.00024321
              56	       -0.478499	       -0.479225	     0.000239226
              57	       -0.480468	       -0.479247	      0.00023602
              58	       -0.479947	       -0.479259	      0.00023226
              59	       -0.476498	       -0.479212	      0.00023299
              60	       -0.477944	       -0.479191	     0.000230064
              61	       -0.480601	       -0.479214	      0.00022745
              62	       -0.480987	       -0.479243	     0.000225572
              63	       -0.478675	       -0.479234	     0.000222171
              64	       -0.477276	       -0.479203	     0.000220795
              65	       -0.478383	        -0.47919	     0.000217758
              66	       -0.478679	       -0.479183	     0.000214596
              67	       -0.479519	       -0.479188	     0.000211452
              68	       -0.479566	       -0.479193	     0.000208416
              69	         -0.4789	       -0.479189	     0.000205438
              70	       -0.478874	       -0.479185	     0.000202553
              71	       -0.478836	        -0.47918	     0.000199759
              72	       -0.478797	       -0.479174	     0.000197055
              73	       -0.478844	        -0.47917	     0.000194408
              74	       -0.479682	       -0.479177	     0.000191904
              75	       -0.477685	       -0.479157	     0.000190374
              76	        -0.47997	       -0.479168	     0.000188169
              77	       -0.478998	       -0.479165	     0.000185739
              78	       -0.480334	        -0.47918	     0.000183961
              79	        -0.47705	       -0.479153	     0.000183597
              80	        -0.47973	       -0.479161	     0.000181444
              81	        -0.48178	       -0.479193	     0.000182063
              82	       -0.481902	       -0.479226	     0.000182816
              83	       -0.480613	       -0.479243	     0.000181375
              84	       -0.478929	       -0.479239	     0.000179254
              85	       -0.480812	       -0.479257	     0.000178098
              86	       -0.479625	       -0.479262	     0.000176079
              87	       -0.481296	       -0.479285	       0.0001756
              88	       -0.478054	       -0.479271	     0.000174161
              89	       -0.483259	       -0.479316	     0.000177874
              90	       -0.479732	       -0.479321	     0.000175958
              91	        -0.47805	       -0.479307	     0.000174577
              92	       -0.477455	       -0.479286	     0.000173836
              93	       -0.478892	       -0.479282	     0.000172019
              94	       -0.481028	       -0.479301	     0.000171189
              95	       -0.481869	       -0.479328	     0.000171509
              96	       -0.475765	       -0.479291	     0.000173691
              97	       -0.476958	       -0.479267	     0.000173557
              98	       -0.479567	        -0.47927	     0.000171813
              99	        -0.47723	       -0.479249	     0.000171308
             100	       -0.478875	       -0.479245	     0.000169636
             101	       -0.480781	       -0.479261	     0.000168636
             102	       -0.481102	       -0.479279	     0.000167946
             103	       -0.478907	       -0.479275	     0.000166355
             104	       -0.481319	       -0.479295	     0.000165912
             105	       -0.480926	        -0.47931	     0.000165058
             106	       -0.480838	       -0.479325	     0.000164129
             107	       -0.477317	       -0.479306	     0.000163664
             108	       -0.475785	       -0.479273	     0.000165364
             109	       -0.479639	       -0.479277	     0.000163881
             110	       -0.479265	       -0.479277	     0.000162391
             111	       -0.479808	       -0.479281	     0.000160999
             112	       -0.479782	       -0.479286	     0.000159624
             113	       -0.479808	        -0.47929	     0.000158278
             114	       -0.481093	       -0.479306	     0.000157677
             115	       -0.480335	       -0.479315	      0.00015656
             116	       -0.478172	       -0.479305	      0.00015552
             117	       -0.477991	       -0.479294	     0.000154596
             118	       -0.481697	       -0.479314	     0.000154622
             119	       -0.477763	       -0.479301	     0.000153871
             120	       -0.478863	       -0.479298	     0.000152632
             121	       -0.478583	       -0.479292	     0.000151485
             122	       -0.477988	       -0.479281	      0.00015062
             123	       -0.479037	       -0.479279	     0.000149409
             124	       -0.478341	       -0.479272	     0.000148395
             125	         -0.4782	       -0.479263	     0.000147456
             126	       -0.477884	       -0.479252	     0.000146691
             127	       -0.478914	       -0.479249	      0.00014556
             128	       -0.478595	       -0.479244	     0.000144512
             129	       -0.481347	       -0.479261	     0.000144308
             130	       -0.481884	       -0.479281	     0.000144602
             131	       -0.479686	       -0.479284	     0.000143531
             132	       -0.479271	       -0.479284	     0.000142444
             133	       -0.482088	       -0.479305	     0.000142925
             134	        -0.47985	       -0.479309	     0.000141916
             135	       -0.477447	       -0.479295	     0.000141533
             136	       -0.477766	       -0.479284	     0.000140939
             137	       -0.481024	       -0.479297	     0.000140481
             138	       -0.483347	       -0.479326	     0.000142497
             139	       -0.479079	       -0.479324	     0.000141483
             140	       -0.480804	       -0.479335	     0.000140866
             141	       -0.481992	       -0.479354	     0.000141122
             142	       -0.479157	       -0.479352	     0.000140135
             143	       -0.476974	       -0.479336	     0.000140139
             144	       -0.479659	       -0.479338	     0.000139183
             145	       -0.479163	       -0.479337	     0.000138229
             146	         -0.4829	       -0.479361	      0.00013942
             147	       -0.475452	       -0.479334	     0.000140984
             148	       -0.479646	       -0.479337	     0.000140047
             149	       -0.478195	       -0.479329	     0.000139317
             150	        -0.48086	       -0.479339	     0.000138762
             151	       -0.480396	       -0.479346	     0.000138019
             152	       -0.479464	       -0.479347	     0.000137113
             153	       -0.479864	        -0.47935	     0.000136259
             154	       -0.478778	       -0.479347	     0.000135425
             155	       -0.482942	        -0.47937	     0.000136523
             156	       -0.480799	       -0.479379	     0.000135955
             157	       -0.476751	       -0.479362	     0.000136115
             158	       -0.479487	       -0.479363	     0.000135256
             159	       -0.480018	       -0.479367	     0.000134468
             160	       -0.480031	       -0.479371	     0.000133692
             161	       -0.477277	       -0.479358	     0.000133493
             162	       -0.477154	       -0.479345	      0.00013336
             163	       -0.476866	       -0.479329	     0.000133406
             164	       -0.480913	       -0.479339	     0.000132942
             165	       -0.481091	        -0.47935	     0.000132559
             166	       -0.477079	       -0.479336	     0.000132465
             167	       -0.481605	        -0.47935	     0.000132366
             168	       -0.477926	       -0.479341	     0.000131849
             169	       -0.479717	       -0.479343	     0.000131088
             170	       -0.481786	       -0.479358	     0.000131101
             171	       -0.479476	       -0.479358	     0.000130337
             172	       -0.479321	       -0.479358	     0.000129579
             173	       -0.477078	       -0.479345	     0.000129499
             174	       -0.479792	       -0.479348	      0.00012878
             175	       -0.480903	       -0.479356	      0.00012835
             176	       -0.479703	       -0.479358	     0.000127636
             177	       -0.480535	       -0.479365	     0.000127088
             178	       -0.477836	       -0.479356	     0.000126664
             179	       -0.479078	       -0.479355	     0.000125966
             180	       -0.479001	       -0.479353	     0.000125282
             181	       -0.478264	       -0.479347	     0.000124734
             182	       -0.477171	       -0.479335	      0.00012462
             183	       -0.481042	       -0.479344	     0.000124288
             184	       -0.478973	       -0.479342	     0.000123629
             185	       -0.477574	       -0.479333	      0.00012333
             186	       -0.477447	       -0.479323	     0.000123082
             187	       -0.475233	       -0.479301	     0.000124352
             188	       -0.482477	       -0.479318	     0.000124833
             189	       -0.481655	        -0.47933	     0.000124784
             190	       -0.480914	       -0.479338	     0.000124405
             191	       -0.481266	       -0.479348	     0.000124163
             192	       -0.478521	       -0.479344	     0.000123591
             193	       -0.480139	       -0.479348	     0.000123019
             194	       -0.476231	       -0.479332	      0.00012343
             195	       -0.480883	        -0.47934	     0.000123052
             196	       -0.480231	       -0.479345	     0.000122508
             197	       -0.475476	       -0.479325	      0.00012345
             198	        -0.48068	       -0.479332	     0.000123017
             199	       -0.476931	        -0.47932	     0.000122989
             200	       -0.478962	       -0.479318	     0.000122387
             201	       -0.477418	       -0.479309	     0.000122142
             202	       -0.479134	       -0.479308	     0.000121541
             203	       -0.478699	       -0.479305	     0.000120979
             204	       -0.477413	       -0.479295	     0.000120741
             205	       -0.479433	       -0.479296	     0.000120154
             206	       -0.478978	       -0.479295	      0.00011958
             207	       -0.479398	       -0.479295	     0.000119004
             208	       -0.476488	       -0.479282	     0.000119194
             209	       -0.475846	       -0.479265	     0.000119752
             210	       -0.479356	       -0.479266	     0.000119183
             211	       -0.477347	       -0.479256	     0.000118964
             212	       -0.477326	       -0.479247	     0.000118751
             213	       -0.477132	       -0.479237	     0.000118608
             214	       -0.477454	       -0.479229	     0.000118346
             215	        -0.48041	       -0.479235	     0.000117923
             216	       -0.478213	        -0.47923	     0.000117472
             217	       -0.482696	       -0.479246	     0.000118012
             218	       -0.482046	       -0.479259	     0.000118168
             219	       -0.477873	       -0.479252	     0.000117797
             220	        -0.48057	       -0.479258	     0.000117414
             221	       -0.481222	       -0.479267	     0.000117218
             222	       -0.481955	       -0.479279	     0.000117314
             223	       -0.480512	       -0.479285	     0.000116918
             224	       -0.476123	       -0.479271	     0.000117245
             225	       -0.478153	       -0.479266	     0.000116829
             226	       -0.476598	       -0.479254	     0.000116907
             227	       -0.476481	       -0.479242	     0.000117028
             228	       -0.479525	       -0.479243	     0.000116522
             229	       -0.475875	       -0.479228	     0.000116937
             230	       -0.480513	       -0.479234	     0.000116562
             231	       -0.479447	       -0.479235	     0.000116061
             232	       -0.477521	       -0.479227	     0.000115796
             233	       -0.477878	       -0.479222	     0.000115444
             234	       -0.478958	        -0.47922	     0.000114956
             235	       -0.480778	       -0.479227	     0.000114658
             236	       -0.481831	       -0.479238	     0.000114701
             237	         -0.4783	       -0.479234	     0.000114286
             238	       -0.477244	       -0.479226	     0.000114111
             239	       -0.480219	        -0.47923	     0.000113709
             240	       -0.479298	        -0.47923	     0.000113236
             241	       -0.478504	       -0.479227	     0.000112806
             242	       -0.480931	       -0.479234	     0.000112559
             243	       -0.478979	       -0.479233	     0.000112101
             244	       -0.480699	       -0.479239	     0.000111802
             245	       -0.479846	       -0.479242	     0.000111374
             246	       -0.480373	       -0.479246	     0.000111016
             247	       -0.480044	        -0.47925	     0.000110613
             248	       -0.480124	       -0.479253	     0.000110223
             249	       -0.478759	       -0.479251	     0.000109799
             250	       -0.480201	       -0.479255	     0.000109425
             251	       -0.478456	       -0.479252	     0.000109035
             252	       -0.479714	       -0.479254	     0.000108618
             253	       -0.479801	       -0.479256	      0.00010821
             254	       -0.480458	        -0.47926	     0.000107888
             255	       -0.477433	       -0.479253	     0.000107702
             256	       -0.477423	       -0.479246	     0.000107519
             257	       -0.477279	       -0.479238	     0.000107372
             258	       -0.479063	       -0.479238	     0.000106958
             259	       -0.482401	        -0.47925	      0.00010724
             260	       -0.478909	       -0.479249	     0.000106836
             261	       -0.478495	       -0.479246	     0.000106466
             262	        -0.48009	       -0.479249	     0.000106108
             263	        -0.48106	       -0.479256	     0.000105928
             264	       -0.480783	       -0.479262	     0.000105684
             265	       -0.478123	       -0.479257	     0.000105373
             266	       -0.480207	       -0.479261	     0.000105037
             267	       -0.482353	       -0.479273	      0.00010528
             268	       -0.479745	       -0.479274	     0.000104902
             269	       -0.478726	       -0.479272	     0.000104532
             270	       -0.482001	       -0.479282	     0.000104632
             271	       -0.476805	       -0.479273	     0.000104645
             272	       -0.479007	       -0.479272	     0.000104264
             273	       -0.477417	       -0.479265	     0.000104104
             274	        -0.47935	       -0.479266	     0.000103724
             275	       -0.478167	       -0.479262	     0.000103424
             276	       -0.481147	       -0.479269	     0.000103275
             277	       -0.475749	       -0.479256	      0.00010368
             278	       -0.478143	       -0.479252	     0.000103385
             279	       -0.476018	        -0.47924	     0.000103662
             280	       -0.478952	       -0.479239	     0.000103297
             281	       -0.478331	       -0.479236	      0.00010298
             282	       -0.480059	       -0.479239	     0.000102656
             283	       -0.481293	       -0.479246	      0.00010255
             284	       -0.480413	        -0.47925	     0.000102271
             285	       -0.477812	       -0.479245	     0.000102036
             286	       -0.481111	       -0.479252	     0.000101888
             287	       -0.478831	        -0.47925	     0.000101544
             288	       -0.476955	       -0.479242	     0.000101503
             289	       -0.480109	       -0.479245	     0.000101196
             290	       -0.480436	       -0.479249	     0.000100931
             291	       -0.479414	        -0.47925	     0.000100585
             292	       -0.482469	       -0.479261	     0.000100843
             293	        -0.47611	        -0.47925	     0.000101071
             294	       -0.480144	       -0.479253	     0.000100773
             295	        -0.47788	       -0.479249	     0.000100539
             296	       -0.478339	       -0.479246	     0.000100246
             297	        -0.48136	       -0.479253	     0.000100161
             298	       -0.477624	       -0.479247	     9.99737e-05
             299	       -0.479254	       -0.479247	     9.96393e-05
             300	       -0.480196	        -0.47925	     9.93574e-05
             301	       -0.482145	        -0.47926	     9.94915e-05
             302	       -0.479807	       -0.479262	     9.91785e-05
             303	       -0.480105	       -0.479265	     9.88902e-05
             304	       -0.477857	        -0.47926	     9.86733e-05
             305	       -0.480639	       -0.479265	     9.84534e-05
             306	       -0.481247	       -0.479271	     9.83446e-05
             307	       -0.478607	       -0.479269	      9.8048e-05
             308	        -0.48061	       -0.479273	     9.78264e-05
             309	       -0.475517	       -0.479261	     9.82622e-05
             310	       -0.481145	       -0.479267	     9.81329e-05
             311	       -0.479055	       -0.479266	     9.78197e-05
             312	        -0.47781	       -0.479262	     9.76174e-05
             313	       -0.476179	       -0.479252	     9.78012e-05
             314	       -0.479555	       -0.479253	     9.74945e-05
             315	       -0.478677	       -0.479251	     9.72021e-05
             316	       -0.477882	       -0.479247	     9.69911e-05
             317	       -0.479261	       -0.479247	     9.66851e-05
             318	       -0.479827	       -0.479249	     9.63983e-05
             319	       -0.477015	       -0.479242	       9.635e-05
             320	       -0.478416	       -0.479239	     9.60834e-05
             321	       -0.478063	       -0.479235	     9.58539e-05
             322	       -0.479025	       -0.479235	     9.55584e-05
             323	       -0.479373	       -0.479235	     9.52635e-05
             324	       -0.476298	       -0.479226	     9.53998e-05
             325	       -0.478508	       -0.479224	     9.51318e-05
             326	       -0.478165	       -0.479221	     9.48954e-05
             327	       -0.478568	       -0.479219	     9.46262e-05
             328	       -0.476803	       -0.479211	     9.46237e-05
             329	       -0.481986	        -0.47922	     9.47112e-05
             330	        -0.48025	       -0.479223	     9.44756e-05
             331	       -0.478145	        -0.47922	     9.42462e-05
             332	       -0.480871	       -0.479225	     9.40935e-05
             333	       -0.481115	        -0.47923	     9.39821e-05
             334	       -0.480582	       -0.479234	     9.37879e-05
             335	       -0.477205	       -0.479228	     9.37034e-05
             336	       -0.479028	       -0.479228	     9.34264e-05
             337	       -0.478436	       -0.479225	     9.31787e-05
             338	       -0.478326	       -0.479223	      9.2941e-05
             339	       -0.479894	       -0.479225	     9.26879e-05
             340	       -0.478233	       -0.479222	     9.24611e-05
             341	        -0.48151	       -0.479228	     9.24333e-05
             342	       -0.480123	       -0.479231	        9.22e-05
             343	       -0.475066	       -0.479219	     9.27273e-05
             344	       -0.480061	       -0.479221	     9.24901e-05
             345	       -0.478969	       -0.479221	     9.22249e-05
             346	       -0.481409	       -0.479227	     9.21749e-05
             347	       -0.479419	       -0.479227	      9.1911e-05
             348	       -0.480495	       -0.479231	     9.17191e-05
             349	       -0.480787	       -0.479236	     9.15645e-05
             350	        -0.47656	       -0.479228	     9.16214e-05
             351	       -0.478542	       -0.479226	     9.13812e-05
             352	       -0.481017	       -0.479231	     9.12632e-05
             353	       -0.477681	       -0.479227	     9.11102e-05
             354	       -0.480226	       -0.479229	     9.08966e-05
             355	       -0.477925	       -0.479226	     9.07148e-05
             356	       -0.477621	       -0.479221	     9.05719e-05
             357	       -0.477208	       -0.479216	     9.04937e-05
             358	       -0.477528	       -0.479211	     9.03637e-05
             359	       -0.479094	       -0.479211	     9.01125e-05
             360	       -0.478926	        -0.47921	     8.98657e-05
             361	       -0.478432	       -0.479208	     8.96426e-05
             362	       -0.478767	       -0.479206	     8.94032e-05
             363	       -0.481049	       -0.479212	     8.93009e-05
             364	       -0.478246	       -0.479209	      8.9095e-05
             365	       -0.479081	       -0.479209	     8.88516e-05
             366	       -0.480894	       -0.479213	     8.87281e-05
             367	        -0.48086	       -0.479218	     8.85997e-05
             368	       -0.478472	       -0.479216	     8.83821e-05
             369	        -0.48078	        -0.47922	     8.82443e-05
             370	       -0.476504	       -0.479212	     8.83105e-05
             371	       -0.483286	       -0.479223	     8.87524e-05
             372	       -0.477872	        -0.47922	     8.85882e-05
             373	       -0.483384	       -0.479231	     8.90513e-05
             374	        -0.47696	       -0.479225	       8.902e-05
             375	       -0.478328	       -0.479223	     8.88148e-05
             376	       -0.476182	       -0.479214	     8.89461e-05
             377	       -0.478236	       -0.479212	      8.8748e-05
             378	       -0.476328	       -0.479204	     8.88406e-05
             379	       -0.479039	       -0.479204	     8.86073e-05
             380	       -0.479718	       -0.479205	     8.83844e-05
             381	       -0.480136	       -0.479208	     8.81862e-05
             382	        -0.47753	       -0.479203	     8.80647e-05
             383	       -0.480546	       -0.479207	     8.79045e-05
             384	       -0.477811	       -0.479203	     8.77506e-05
             385	       -0.479114	       -0.479203	      8.7523e-05
             386	       -0.481808	        -0.47921	     8.75561e-05
             387	       -0.479712	       -0.479211	     8.73395e-05
             388	       -0.480521	       -0.479214	     8.71797e-05
             389	       -0.479293	       -0.479214	     8.69558e-05
             390	       -0.478304	       -0.479212	     8.67641e-05
             391	       -0.481665	       -0.479218	     8.67688e-05
             392	       -0.477198	       -0.479213	     8.67005e-05
             393	       -0.477993	        -0.47921	     8.65354e-05
             394	       -0.476857	       -0.479204	     8.65217e-05
             395	       -0.479186	       -0.479204	     8.63027e-05
             396	       -0.481611	        -0.47921	     8.62984e-05
             397	       -0.479071	        -0.47921	     8.60818e-05
             398	       -0.478059	       -0.479207	      8.5914e-05
             399	       -0.478616	       -0.479205	     8.57115e-05
             400	       -0.478629	       -0.479204	     8.55093e-05
             401	       -0.480329	       -0.479207	     8.53421e-05
             402	       -0.476671	       -0.479201	     8.53625e-05
             403	       -0.482393	       -0.479208	     8.55174e-05
             404	       -0.479012	       -0.479208	     8.53071e-05
             405	       -0.478293	       -0.479206	     8.51263e-05
             406	       -0.480625	       -0.479209	     8.49884e-05
             407	       -0.477386	       -0.479205	     8.48975e-05
             408	       -0.478571	       -0.479203	     8.47037e-05
             409	       -0.478404	       -0.479201	     8.45191e-05
             410	       -0.479099	       -0.479201	     8.43133e-05
             411	       -0.483087	        -0.47921	     8.46368e-05
             412	       -0.477729	       -0.479207	     8.45077e-05
             413	        -0.47762	       -0.479203	     8.43903e-05
             414	        -0.47802	         -0.4792	     8.42349e-05
             415	       -0.479981	       -0.479202	     8.40529e-05
             416	        -0.47827	         -0.4792	     8.38807e-05
             417	       -0.481825	       -0.479206	     8.39154e-05
             418	       -0.477922	       -0.479203	     8.37709e-05
             419	       -0.481018	       -0.479207	     8.36829e-05
             420	       -0.477242	       -0.479203	     8.36143e-05
             421	        -0.47536	       -0.479194	     8.39124e-05
             422	       -0.477897	        -0.47919	     8.37698e-05
             423	       -0.478719	       -0.479189	     8.35792e-05
             424	       -0.481639	       -0.479195	     8.35815e-05
             425	       -0.477405	       -0.479191	     8.34909e-05
             426	       -0.480371	       -0.479194	     8.33408e-05
             427	       -0.479493	       -0.479194	     8.31486e-05
             428	       -0.480076	       -0.479196	     8.29798e-05
             429	       -0.479599	       -0.479197	     8.27917e-05
             430	       -0.480204	         -0.4792	     8.26322e-05
             431	       -0.479517	         -0.4792	     8.24438e-05
             432	       -0.479061	         -0.4792	     8.22536e-05
             433	       -0.478557	       -0.479199	      8.2077e-05
             434	       -0.480951	       -0.479203	     8.19872e-05
             435	       -0.479968	       -0.479204	     8.18176e-05
             436	       -0.479597	       -0.479205	     8.16349e-05
             437	        -0.48005	       -0.479207	      8.1471e-05
             438	       -0.479048	       -0.479207	     8.12858e-05
             439	         -0.4782	       -0.479205	     8.11329e-05
             440	       -0.482556	       -0.479212	     8.13054e-05
             441	       -0.478881	       -0.479211	     8.11245e-05
             442	       -0.478466	        -0.47921	     8.09585e-05
             443	       -0.477521	       -0.479206	     8.08654e-05
             444	       -0.477696	       -0.479203	     8.07548e-05
             445	       -0.480455	       -0.479205	     8.06224e-05
             446	       -0.475841	       -0.479198	     8.07938e-05
             447	       -0.474326	       -0.479187	     8.13448e-05
             448	        -0.47742	       -0.479183	     8.12589e-05
             449	       -0.479943	       -0.479185	     8.10955e-05
             450	       -0.482094	       -0.479191	     8.11726e-05
             451	        -0.47469	       -0.479181	     8.16038e-05
             452	       -0.478957	       -0.479181	     8.14248e-05
             453	       -0.479136	       -0.479181	     8.12451e-05
             454	       -0.479604	       -0.479182	     8.10715e-05
             455	        -0.47626	       -0.479175	     8.11473e-05
             456	        -0.47989	       -0.479177	     8.09845e-05
             457	       -0.479069	       -0.479176	     8.08076e-05
             458	       -0.478614	       -0.479175	     8.06405e-05
             459	       -0.481918	       -0.479181	     8.06859e-05
             460	       -0.479536	       -0.479182	     8.05142e-05
             461	       -0.480102	       -0.479184	     8.03643e-05
             462	        -0.48126	       -0.479188	     8.03159e-05
             463	       -0.480706	       -0.479192	     8.02093e-05
             464	       -0.477138	       -0.479187	     8.01585e-05
             465	        -0.47509	       -0.479178	      8.0469e-05
             466	       -0.478591	       -0.479177	     8.03062e-05
             467	       -0.479612	       -0.479178	     8.01396e-05
             468	       -0.481261	       -0.479183	     8.00919e-05
             469	       -0.478826	       -0.479182	     7.99247e-05
             470	       -0.478272	        -0.47918	     7.97781e-05
             471	       -0.477797	       -0.479177	     7.96627e-05
             472	       -0.478599	       -0.479176	     7.95033e-05
             473	       -0.478164	       -0.479174	      7.9364e-05
             474	        -0.48146	       -0.479178	      7.9343e-05
             475	       -0.479994	        -0.47918	     7.91945e-05
             476	        -0.48103	       -0.479184	     7.91235e-05
             477	        -0.48071	       -0.479187	     7.90222e-05
             478	       -0.477218	       -0.479183	     7.89642e-05
             479	       -0.476999	       -0.479179	     7.89308e-05
             480	       -0.477789	       -0.479176	     7.88194e-05
             481	       -0.477935	       -0.479173	     7.86977e-05
             482	       -0.475022	       -0.479164	     7.90044e-05
             483	        -0.47971	       -0.479166	     7.88489e-05
             484	       -0.478165	       -0.479164	     7.87131e-05
             485	       -0.480505	       -0.479166	     7.85993e-05
             486	       -0.481408	       -0.479171	     7.85729e-05
             487	       -0.479875	       -0.479172	     7.84249e-05
             488	       -0.482467	       -0.479179	     7.85543e-05
             489	       -0.480441	       -0.479182	      7.8436e-05
             490	       -0.478254	        -0.47918	     7.82988e-05
             491	       -0.480511	       -0.479182	     7.81862e-05
             492	       -0.476519	       -0.479177	     7.82145e-05
             493	       -0.478073	       -0.479175	     7.80879e-05
             494	       -0.480615	       -0.479178	     7.79842e-05
             495	       -0.478159	       -0.479176	     7.78538e-05
             496	       -0.479718	       -0.479177	     7.77045e-05
             497	       -0.478655	       -0.479176	     7.75553e-05
             498	       -0.478845	       -0.479175	     7.74024e-05
             499	       -0.476983	       -0.479171	     7.73718e-05
             500	       -0.481327	       -0.479175	     7.73372e-05
