#     BLOCK:   ACTUAL_X:     X_AVE:       ERROR:
               1	         27.1049	         27.1049	               0
               2	          25.986	         26.5454	        0.395588
               3	         43.7767	         32.2892	         4.69718
               4	         18.7845	          28.913	         4.57817
               5	         23.3068	         27.7918	         3.79736
               6	         51.8284	         31.7979	         4.83611
               7	         30.6703	         31.6368	         4.14792
               8	         27.5508	          31.126	         3.66074
               9	         29.4158	          30.936	         3.25892
              10	         28.7577	         30.7182	          2.9403
              11	         38.0322	         31.3831	         2.74715
              12	         27.2649	         31.0399	         2.53957
              13	         29.2074	         30.8989	         2.34812
              14	         25.8981	         30.5417	          2.2074
              15	         35.5313	         30.8744	         2.08516
              16	         15.1722	          29.893	         2.17355
              17	         47.1372	         30.9074	         2.27008
              18	         37.0479	         31.2485	         2.16945
              19	         39.1734	         31.6656	         2.09498
              20	         25.2666	         31.3456	         2.01451
              21	         45.0325	         31.9974	         2.02127
              22	         27.9675	         31.8142	         1.93767
              23	         25.8095	         31.5532	         1.87093
              24	         41.2625	         31.9577	         1.83619
              25	          42.386	         32.3748	         1.80951
              26	         46.6689	         32.9246	         1.82151
              27	          53.978	         33.7044	         1.91368
              28	         39.9646	         33.9279	         1.85835
              29	         32.0206	         33.8622	         1.79544
              30	          29.291	         33.7098	         1.74204
              31	         45.9017	         34.1031	         1.72967
              32	         23.2257	         33.7632	         1.70869
              33	         19.5852	         33.3335	         1.71008
              34	         18.7476	         32.9045	         1.71274
              35	         15.7575	         32.4146	         1.73246
              36	           62.56	          33.252	         1.87582
              37	         36.0516	         33.3277	         1.82665
              38	         18.5415	         32.9385	         1.81955
              39	         19.4794	         32.5934	         1.80533
              40	         48.3887	         32.9883	         1.80286
              41	         34.4036	         33.0228	         1.75922
              42	         34.5943	         33.0603	         1.71773
              43	         33.2046	         33.0636	         1.67779
              44	         38.5964	         33.1894	         1.64436
              45	         46.2251	          33.479	         1.63314
              46	         35.0545	         33.5133	         1.59799
              47	         35.9935	         33.5661	         1.56486
              48	         31.0953	         33.5146	         1.53311
              49	          7.4432	         32.9825	         1.59147
              50	          26.945	         32.8618	         1.56422
              51	         25.0576	         32.7087	         1.54101
              52	         20.6992	         32.4778	         1.52859
              53	         45.3918	         32.7214	         1.51904
              54	         35.1321	         32.7661	         1.49157
              55	         41.5968	         32.9266	         1.47306
              56	         38.6614	         33.0291	         1.45032
              57	         20.4084	         32.8076	         1.44167
              58	         34.5551	         32.8378	         1.41713
              59	         40.7188	         32.9713	         1.39939
              60	         36.3546	         33.0277	         1.37721
              61	         16.9008	         32.7634	         1.37977
              62	          56.166	         33.1408	          1.4082
              63	         33.2277	         33.1422	         1.38585
              64	         36.7318	         33.1983	         1.36533
              65	         30.8774	         33.1626	         1.34479
              66	          13.703	         32.8677	         1.35635
              67	         39.8233	         32.9716	         1.34008
              68	         20.8528	         32.7933	         1.33217
              69	         36.9151	         32.8531	          1.3142
              70	         27.4175	         32.7754	         1.29772
              71	         37.0234	         32.8352	         1.28082
              72	          33.869	         32.8496	         1.26311
              73	         30.4971	         32.8174	         1.24622
              74	         22.4555	         32.6774	         1.23722
              75	         21.8662	         32.5332	         1.22909
              76	         42.8014	         32.6683	         1.22032
              77	         15.0116	          32.439	         1.22583
              78	         35.6766	         32.4805	         1.21081
              79	         39.8379	         32.5736	         1.19906
              80	         49.3286	         32.7831	         1.20223
              81	         23.9776	         32.6744	         1.19229
              82	         28.5263	         32.6238	         1.17882
              83	         40.2277	         32.7154	         1.16817
              84	         20.9339	         32.5751	         1.16266
              85	          20.914	          32.438	         1.15704
              86	         13.6476	         32.2195	         1.16404
              87	         22.2404	         32.1048	         1.15629
              88	         40.3163	         32.1981	         1.14691
              89	         20.1334	         32.0625	         1.14201
              90	         45.6921	          32.214	         1.13932
              91	         43.9026	         32.3424	         1.13402
              92	         45.2495	         32.4827	         1.13033
              93	          25.729	         32.4101	         1.12051
              94	         22.9868	         32.3098	         1.11307
              95	         16.1739	           32.14	         1.11423
              96	         19.3337	         32.0066	         1.11058
              97	           26.45	         31.9493	         1.10061
              98	         22.7367	         31.8553	         1.09339
              99	         64.6031	         32.1861	         1.13127
             100	         39.9099	         32.2633	         1.12259
             101	          32.915	         32.2698	          1.1115
             102	         13.1529	         32.0823	         1.11629
             103	          40.717	         32.1662	          1.1086
             104	         33.9728	         32.1835	         1.09807
             105	          47.499	         32.3294	         1.09726
             106	         35.9753	         32.3638	         1.08745
             107	         29.4368	         32.3364	         1.07763
             108	         59.7088	         32.5899	         1.09705
             109	         20.5305	         32.4793	         1.09255
             110	         23.5522	         32.3981	         1.08563
             111	         41.8002	         32.4828	         1.07915
             112	         27.4938	         32.4383	         1.07043
             113	         32.4523	         32.4384	         1.06096
             114	         32.8209	         32.4417	         1.05166
             115	         53.8576	          32.628	         1.05887
             116	         33.1628	         32.6326	         1.04975
             117	         27.9394	         32.5925	         1.04155
             118	         49.1429	         32.7327	         1.04212
             119	         61.3633	         32.9733	         1.06077
             120	         20.4158	         32.8687	         1.05708
             121	         35.1028	         32.8871	         1.04851
             122	         21.2027	         32.7914	         1.04428
             123	         31.2494	         32.7788	         1.03586
             124	         22.1462	         32.6931	         1.03105
             125	         12.5174	         32.5317	         1.03536
             126	         41.9193	         32.6062	         1.02982
             127	         41.1473	         32.6734	          1.0239
             128	         45.8737	         32.7766	         1.02109
             129	         43.2711	         32.8579	         1.01641
             130	         29.7194	         32.8338	         1.00887
             131	         29.6943	         32.8098	         1.00146
             132	          24.762	         32.7488	        0.995725
             133	         31.4919	         32.7394	        0.988283
             134	         15.9024	         32.6137	        0.988863
             135	         39.0441	         32.6614	        0.982685
             136	         42.5776	         32.7343	         0.97816
             137	         14.7077	         32.6027	        0.979831
             138	         18.0204	          32.497	        0.978412
             139	          25.903	         32.4496	        0.972522
             140	         23.9257	         32.3887	         0.96748
             141	         40.0085	         32.4427	        0.962126
             142	         20.1502	         32.3562	        0.959237
             143	         22.0151	         32.2839	        0.955251
             144	         34.4219	         32.2987	        0.948733
             145	         13.5397	         32.1693	         0.95097
             146	         38.0911	         32.2099	        0.945321
             147	         29.4319	          32.191	        0.939079
             148	         32.0002	         32.1897	        0.932735
             149	         35.2385	         32.2102	        0.926699
             150	         27.4722	         32.1786	        0.921059
             151	         23.2283	         32.1193	        0.916865
             152	         25.7398	         32.0773	        0.911793
             153	         32.8181	         32.0822	        0.905846
             154	         35.3072	         32.1031	        0.900206
             155	         48.1268	         32.2065	        0.900315
             156	         36.5782	         32.2345	         0.89498
             157	         27.9854	         32.2075	        0.889688
             158	          46.816	         32.2999	        0.888849
             159	         35.9402	         32.3228	        0.883553
             160	         18.9242	         32.2391	        0.881991
             161	         20.1228	         32.1638	        0.879717
             162	         25.2223	          32.121	         0.87533
             163	          26.591	          32.087	        0.870617
             164	         43.6517	         32.1576	        0.868159
             165	         52.6327	         32.2817	        0.871721
             166	         34.2671	         32.2936	        0.866552
             167	         42.1687	         32.3527	        0.863378
             168	         20.3698	         32.2814	         0.86118
             169	         23.2425	         32.2279	        0.857744
             170	         51.0087	         32.3384	        0.859783
             171	         57.2338	          32.484	        0.866994
             172	         46.3179	         32.5644	        0.865676
             173	         12.1134	         32.4462	        0.868706
             174	         36.8501	         32.4715	        0.864082
             175	         39.9616	         32.5143	        0.860204
             176	         31.2161	         32.5069	        0.855348
             177	           44.44	         32.5744	        0.853168
             178	         47.6908	         32.6593	        0.852591
             179	         30.6511	         32.6481	        0.847902
             180	         54.7205	         32.7707	        0.852012
             181	         30.8348	           32.76	        0.847372
             182	         18.0946	         32.6794	        0.846539
             183	         54.0415	         32.7962	        0.849923
             184	         26.6816	         32.7629	        0.845953
             185	         32.8239	         32.7632	        0.841381
             186	         13.3702	          32.659	        0.843293
             187	         28.7482	         32.6381	        0.839042
             188	         49.5097	         32.7278	        0.839365
             189	         24.5948	         32.6848	        0.836026
             190	         18.9121	         32.6123	        0.834763
             191	         37.5098	         32.6379	        0.830786
             192	         50.3612	         32.7302	        0.831571
             193	         57.9626	          32.861	        0.837477
             194	         18.4763	         32.7868	        0.836436
             195	         45.4342	         32.8517	        0.834657
             196	         17.5719	         32.7737	        0.834032
             197	          39.721	          32.809	        0.830543
             198	         36.1275	         32.8258	        0.826518
             199	         38.6292	         32.8549	        0.822878
             200	         27.3307	         32.8273	        0.819228
