#     BLOCK:   ACTUAL_CV:    CV_AVE:      ERROR:
           1	    0.333073	    0.333073	           0
           2	     0.31879	    0.325931	  0.00505006
           3	    0.324152	    0.325338	  0.00340136
           4	    0.298344	     0.31859	  0.00637685
           5	    0.283915	    0.311655	  0.00803115
           6	    0.322106	    0.313397	  0.00687894
           7	    0.318602	     0.31414	  0.00593628
           8	    0.327615	    0.315825	  0.00542795
           9	    0.307153	    0.314861	  0.00490962
          10	    0.330986	    0.316474	  0.00467596
          11	    0.331321	    0.317824	  0.00444141
          12	    0.348421	    0.320373	   0.0047471
          13	    0.287786	    0.317867	  0.00500016
          14	    0.362226	    0.321035	  0.00555696
          15	    0.307099	    0.320106	  0.00526359
          16	    0.315316	    0.319807	  0.00494312
          17	    0.334517	    0.320672	  0.00472749
          18	    0.326367	    0.320988	  0.00447542
          19	    0.316365	    0.320745	  0.00424648
          20	    0.332249	     0.32132	  0.00407293
          21	    0.311308	    0.320843	  0.00390679
          22	    0.320338	     0.32082	  0.00372927
          23	    0.315917	    0.320607	  0.00357322
          24	    0.376815	    0.322949	  0.00412098
          25	    0.353962	     0.32419	  0.00413864
          26	    0.317211	    0.323921	  0.00398816
          27	    0.317089	    0.323668	  0.00384847
          28	    0.342338	    0.324335	  0.00376834
          29	    0.299859	    0.323491	  0.00373172
          30	    0.315997	    0.323241	  0.00361568
          31	    0.333871	    0.323584	  0.00351526
          32	    0.360797	    0.324747	  0.00359261
          33	    0.302768	    0.324081	  0.00354495
          34	    0.354547	    0.324977	  0.00355212
          35	    0.324224	    0.324956	   0.0034507
          36	    0.357644	    0.325864	  0.00347226
          37	    0.343512	    0.326341	  0.00341102
          38	    0.314948	    0.326041	  0.00333441
          39	    0.312753	      0.3257	  0.00326627
          40	     0.31936	    0.325542	  0.00318846
          41	    0.346194	    0.326045	  0.00315023
          42	    0.303929	    0.325519	  0.00311892
          43	    0.325362	    0.325515	  0.00304639
          44	    0.354228	    0.326168	  0.00304625
          45	    0.334711	    0.326357	  0.00298446
          46	    0.332026	    0.326481	  0.00292213
          47	    0.350836	    0.326999	  0.00290554
          48	    0.320469	    0.326863	  0.00284819
          49	    0.322682	    0.326778	  0.00279134
          50	    0.314995	    0.326542	  0.00274544
          51	    0.331675	    0.326643	  0.00269345
          52	    0.314152	    0.326402	  0.00265235
          53	    0.340152	    0.326662	  0.00261496
          54	    0.304155	    0.326245	  0.00259954
          55	    0.321445	    0.326158	  0.00255374
          56	    0.328715	    0.326203	  0.00250854
          57	    0.318166	    0.326062	  0.00246849
          58	    0.294973	    0.325526	  0.00248345
          59	    0.348289	    0.325912	  0.00247114
          60	     0.30284	    0.325528	  0.00245969
          61	    0.332745	    0.325646	  0.00242221
          62	    0.297055	    0.325185	  0.00242665
          63	    0.326142	      0.3252	  0.00238818
          64	    0.340741	    0.325443	  0.00236317
          65	    0.370979	    0.326143	  0.00242844
          66	    0.339237	    0.326342	  0.00239973
          67	    0.337135	    0.326503	  0.00236931
          68	    0.300688	    0.326123	  0.00236469
          69	    0.316194	    0.325979	  0.00233479
          70	    0.318062	    0.325866	  0.00230418
          71	    0.330304	    0.325929	  0.00227257
          72	    0.284083	    0.325347	  0.00231413
          73	     0.34038	    0.325553	  0.00229158
          74	    0.275626	    0.324879	  0.00235784
          75	    0.354394	    0.325272	  0.00235902
          76	    0.331601	    0.325356	  0.00232945
          77	    0.355287	    0.325744	   0.0023314
          78	    0.328564	     0.32578	  0.00230179
          79	    0.317328	    0.325673	  0.00227514
          80	    0.342793	    0.325887	  0.00225675
          81	    0.322336	    0.325844	  0.00222931
          82	     0.32098	    0.325784	  0.00220291
          83	     0.30078	    0.325483	  0.00219687
          84	    0.283066	    0.324978	    0.002228
          85	    0.320426	    0.324924	  0.00220243
          86	    0.327189	    0.324951	  0.00217698
          87	    0.340108	    0.325125	  0.00215891
          88	    0.315477	    0.325015	  0.00213716
          89	    0.307421	    0.324818	  0.00212227
          90	    0.331903	    0.324896	  0.00210015
          91	    0.341308	    0.325077	   0.0020848
          92	     0.31301	    0.324946	  0.00206626
          93	    0.317605	    0.324867	  0.00204555
          94	    0.329115	    0.324912	  0.00202429
          95	    0.328906	    0.324954	  0.00200342
          96	    0.313214	    0.324832	  0.00198628
          97	    0.346491	    0.325055	  0.00197831
          98	    0.304331	    0.324843	   0.0019694
          99	     0.33856	    0.324982	  0.00195437
         100	    0.317862	    0.324911	  0.00193612
