#     BLOCK:   ACTUAL_TE:    TE_AVE:      ERROR:
           1	    -0.90729	    -0.90729	           0
           2	   -0.899984	   -0.903637	   0.0025832
           3	   -0.912729	   -0.906668	  0.00301471
           4	    -0.93487	   -0.913718	  0.00651107
           5	   -0.939763	   -0.918927	   0.0069885
           6	    -0.90588	   -0.916753	  0.00615277
           7	   -0.950186	   -0.921529	  0.00688227
           8	   -0.939015	   -0.923715	  0.00635963
           9	   -0.916826	   -0.922949	  0.00569888
          10	   -0.918166	   -0.922471	  0.00514902
          11	   -0.903498	   -0.920746	  0.00496142
          12	   -0.929588	   -0.921483	  0.00460236
          13	   -0.945464	   -0.923328	   0.0046032
          14	   -0.894078	   -0.921238	  0.00472481
          15	   -0.958486	   -0.923721	  0.00502014
          16	   -0.927112	   -0.923933	  0.00471085
          17	   -0.901865	   -0.922635	  0.00460914
          18	   -0.936188	   -0.923388	  0.00441414
          19	   -0.914116	     -0.9229	  0.00420871
          20	    -0.94655	   -0.924083	  0.00416108
          21	    -0.92475	   -0.924114	  0.00396306
          22	   -0.921624	   -0.924001	  0.00378453
          23	   -0.886789	   -0.922383	  0.00395072
          24	   -0.920678	   -0.922312	  0.00378675
          25	   -0.951736	   -0.923489	   0.0038138
          26	   -0.921568	   -0.923415	  0.00366783
          27	   -0.942449	    -0.92412	  0.00359909
          28	   -0.949762	   -0.925036	  0.00358517
          29	   -0.919477	   -0.924844	  0.00346666
          30	   -0.901038	   -0.924051	  0.00344073
          31	   -0.921686	   -0.923975	  0.00333059
          32	   -0.917686	   -0.923778	   0.0032323
          33	    -0.89359	   -0.922863	  0.00326123
          34	   -0.902231	   -0.922256	  0.00322127
          35	   -0.926746	   -0.922385	  0.00313179
          36	   -0.909162	   -0.922017	  0.00306626
          37	   -0.894747	    -0.92128	  0.00307069
          38	   -0.902198	   -0.920778	  0.00303066
          39	    -0.87777	   -0.919675	   0.0031472
          40	   -0.932685	   -0.920001	  0.00308528
          41	   -0.900678	   -0.919529	  0.00304581
          42	   -0.941364	   -0.920049	  0.00301733
          43	   -0.923914	   -0.920139	   0.0029485
          44	   -0.927701	   -0.920311	  0.00288649
          45	   -0.934906	   -0.920635	  0.00284051
          46	   -0.915611	   -0.920526	  0.00278086
          47	   -0.910619	   -0.920315	  0.00272967
          48	    -0.91094	    -0.92012	  0.00267978
          49	   -0.882212	   -0.919346	  0.00273448
          50	   -0.905138	   -0.919062	  0.00269452
          51	   -0.918701	   -0.919055	  0.00264169
          52	   -0.894338	    -0.91858	  0.00263331
          53	   -0.902225	   -0.918271	  0.00260164
          54	   -0.930714	   -0.918502	  0.00256365
          55	   -0.889533	   -0.917975	  0.00257057
          56	   -0.889995	   -0.917475	  0.00257277
          57	   -0.936958	   -0.917817	  0.00255023
          58	   -0.901542	   -0.917536	  0.00252165
          59	   -0.904244	   -0.917311	  0.00248896
          60	   -0.916514	   -0.917298	  0.00244751
          61	    -0.90502	   -0.917097	  0.00241565
          62	    -0.93012	   -0.917307	   0.0023858
          63	   -0.911005	   -0.917207	  0.00235003
          64	   -0.915708	   -0.917183	  0.00231343
          65	   -0.920095	   -0.917228	  0.00227827
          66	   -0.904984	   -0.917042	  0.00225129
          67	   -0.903929	   -0.916847	  0.00222618
          68	   -0.933974	   -0.917099	  0.00220764
          69	    -0.90303	   -0.916895	  0.00218504
          70	    -0.93675	   -0.917178	  0.00217216
          71	   -0.904811	   -0.917004	  0.00214854
          72	   -0.905227	   -0.916841	  0.00212492
          73	   -0.904986	   -0.916678	    0.002102
          74	   -0.933442	   -0.916905	  0.00208577
          75	   -0.903152	   -0.916721	  0.00206601
          76	   -0.894038	   -0.916423	  0.00206027
          77	    -0.89959	   -0.916204	  0.00204508
          78	   -0.921993	   -0.916279	   0.0020202
          79	   -0.945562	   -0.916649	  0.00202835
          80	   -0.941415	   -0.916959	  0.00202649
          81	   -0.924898	   -0.917057	  0.00200384
          82	   -0.925132	   -0.917155	  0.00198182
          83	   -0.931934	   -0.917333	  0.00196592
          84	   -0.908967	   -0.917234	  0.00194504
          85	   -0.905037	    -0.91709	  0.00192744
          86	   -0.914341	   -0.917058	   0.0019053
          87	   -0.920182	   -0.917094	  0.00188373
          88	   -0.922267	   -0.917153	  0.00186324
          89	   -0.930547	   -0.917303	  0.00184838
          90	   -0.927146	   -0.917413	  0.00183107
          91	    -0.89876	   -0.917208	  0.00182239
          92	   -0.917806	   -0.917214	  0.00180259
          93	   -0.916226	   -0.917204	  0.00178324
          94	   -0.925158	   -0.917288	  0.00176628
          95	    -0.94869	   -0.917619	  0.00177834
          96	   -0.914918	   -0.917591	  0.00176004
          97	   -0.929955	   -0.917718	  0.00174651
          98	   -0.937042	   -0.917915	  0.00173978
          99	   -0.930433	   -0.918042	  0.00172679
         100	   -0.893529	   -0.917797	  0.00172684
