#     BLOCK:   ACTUAL_TE:    TE_AVE:      ERROR:
           1	   -0.572002	   -0.572002	           0
           2	   -0.572138	    -0.57207	 4.83661e-05
           3	   -0.567692	   -0.570611	  0.00119198
           4	   -0.571925	   -0.570939	 0.000938166
           5	   -0.574178	   -0.571587	 0.000948186
           6	   -0.567941	   -0.570979	 0.000965454
           7	   -0.576714	   -0.571799	   0.0011225
           8	   -0.571974	   -0.571821	 0.000982401
           9	   -0.562558	   -0.570791	  0.00130536
          10	   -0.572082	    -0.57092	  0.00118119
          11	    -0.58417	   -0.572125	  0.00157229
          12	   -0.565092	   -0.571539	  0.00154664
          13	   -0.570841	   -0.571485	   0.0014286
          14	   -0.574634	    -0.57171	  0.00134415
          15	   -0.567066	   -0.571401	   0.0012897
          16	   -0.566549	   -0.571097	  0.00124423
          17	   -0.567753	   -0.570901	   0.0011865
          18	   -0.571046	   -0.570909	  0.00112061
          19	    -0.58249	   -0.571518	  0.00121615
          20	   -0.567774	   -0.571331	  0.00116966
          21	   -0.567724	   -0.571159	  0.00112651
          22	    -0.56975	   -0.571095	  0.00107712
          23	   -0.570354	   -0.571063	  0.00103077
          24	   -0.559528	   -0.570582	  0.00109415
          25	   -0.570046	   -0.570561	   0.0010506
          26	   -0.577825	    -0.57084	  0.00104668
          27	   -0.569238	   -0.570781	  0.00100959
          28	   -0.563382	   -0.570517	  0.00100753
          29	    -0.56656	    -0.57038	  0.00098198
          30	   -0.574835	   -0.570529	  0.00096041
          31	   -0.564026	   -0.570319	 0.000952058
          32	   -0.566154	   -0.570189	 0.000931162
          33	   -0.569836	   -0.570178	 0.000903007
          34	    -0.56738	   -0.570096	  0.00088019
          35	   -0.565762	   -0.569972	 0.000863705
          36	   -0.570684	   -0.569992	  0.00083994
          37	   -0.558838	    -0.56969	  0.00086965
          38	     -0.5706	   -0.569714	 0.000847093
          39	   -0.570861	   -0.569744	 0.000825883
          40	   -0.576349	   -0.569909	 0.000821578
          41	   -0.564654	   -0.569781	 0.000811477
          42	   -0.568742	   -0.569756	 0.000792532
          43	   -0.567905	   -0.569713	 0.000775269
          44	   -0.568851	   -0.569693	 0.000757897
          45	   -0.582299	   -0.569973	 0.000791134
          46	   -0.565203	    -0.56987	 0.000780702
          47	   -0.575822	   -0.569996	 0.000774297
          48	   -0.566761	   -0.569929	 0.000761094
          49	    -0.56477	   -0.569824	 0.000752807
          50	   -0.578451	   -0.569996	 0.000757268
          51	   -0.571992	   -0.570035	  0.00074343
          52	   -0.574933	    -0.57013	 0.000735075
          53	   -0.585283	   -0.570415	 0.000774819
          54	   -0.578892	   -0.570572	 0.000776209
          55	   -0.574888	   -0.570651	 0.000766051
          56	   -0.576192	    -0.57075	 0.000758736
          57	   -0.566782	    -0.57068	 0.000748611
          58	    -0.57091	   -0.570684	 0.000735715
          59	   -0.579802	   -0.570839	 0.000739296
          60	   -0.568469	   -0.570799	 0.000728029
          61	   -0.569467	   -0.570777	 0.000716422
          62	   -0.577811	   -0.570891	 0.000713793
          63	   -0.565547	   -0.570806	 0.000707484
          64	   -0.582153	   -0.570983	 0.000718301
          65	   -0.575023	   -0.571045	 0.000709934
          66	   -0.569948	   -0.571029	 0.000699372
          67	   -0.572882	   -0.571056	 0.000689481
          68	   -0.568862	   -0.571024	 0.000680096
          69	   -0.570326	   -0.571014	 0.000670315
          70	   -0.573835	   -0.571054	 0.000661949
          71	   -0.563691	   -0.570951	   0.0006607
          72	   -0.567882	   -0.570908	 0.000652897
          73	   -0.570387	   -0.570901	 0.000643992
          74	   -0.573531	   -0.570936	  0.00063627
          75	   -0.564956	   -0.570857	 0.000632763
          76	   -0.579253	   -0.570967	 0.000634008
          77	   -0.563576	   -0.570871	 0.000632999
          78	   -0.568975	   -0.570847	  0.00062535
          79	    -0.57338	   -0.570879	 0.000618256
          80	   -0.580266	   -0.570996	 0.000621562
          81	   -0.565326	   -0.570926	 0.000617817
          82	   -0.564694	    -0.57085	  0.00061494
          83	   -0.580529	   -0.570967	 0.000618489
          84	   -0.571425	   -0.570972	  0.00061115
          85	   -0.569981	   -0.570961	 0.000604071
          86	    -0.57298	   -0.570984	 0.000597503
          87	   -0.568514	   -0.570956	 0.000591309
          88	   -0.577451	    -0.57103	 0.000589179
          89	   -0.566219	   -0.570976	 0.000585033
          90	   -0.569782	   -0.570962	 0.000578682
          91	   -0.580112	   -0.571063	 0.000580993
          92	   -0.571588	   -0.571069	 0.000574705
          93	   -0.575435	   -0.571115	 0.000570441
          94	   -0.580107	   -0.571211	 0.000572336
          95	   -0.572417	   -0.571224	 0.000566452
          96	   -0.575745	   -0.571271	 0.000562506
          97	   -0.575613	   -0.571316	 0.000558485
          98	   -0.570911	   -0.571312	 0.000552801
          99	   -0.571585	   -0.571314	 0.000547225
         100	   -0.565618	   -0.571257	 0.000544709
