#     BLOCK:   ACTUAL_X:     X_AVE:       ERROR:
           1	      2.9965	      2.9965	           0
           2	     2.89109	      2.9438	    0.037265
           3	     3.24228	     3.04329	   0.0849503
           4	     3.52111	     3.16274	    0.121497
           5	     3.05436	     3.14107	    0.099112
           6	     3.68683	     3.23203	    0.117118
           7	     2.82143	     3.17337	    0.114134
           8	     2.70978	     3.11542	     0.11363
           9	     3.07218	     3.11062	    0.101106
          10	     3.07901	     3.10746	   0.0910448
          11	     3.67708	     3.15924	    0.096376
          12	     3.53933	     3.19091	   0.0934046
          13	     2.43977	     3.13313	    0.102546
          14	     2.93559	     3.11902	   0.0961869
          15	      3.4678	     3.14228	    0.092542
          16	       2.848	     3.12388	    0.088567
          17	     3.06587	     3.12047	   0.0834229
          18	     3.39696	     3.13583	     0.08019
          19	     3.77565	     3.16951	   0.0827385
          20	     3.29635	     3.17585	   0.0788443
          21	     4.24928	     3.22696	   0.0901493
          22	     3.35702	     3.23288	   0.0862453
          23	     3.07796	     3.22614	   0.0827581
          24	     2.99212	     3.21639	   0.0798822
          25	     3.33039	     3.22095	    0.076817
          26	     3.95042	     3.24901	   0.0788198
          27	     2.37413	      3.2166	   0.0822919
          28	     3.20175	     3.21607	   0.0793546
          29	     3.67299	     3.23183	   0.0781667
          30	     3.19212	     3.23051	   0.0755724
          31	     2.73863	     3.21464	   0.0747817
          32	     3.40969	     3.22073	   0.0726928
          33	     3.73285	     3.23625	   0.0721274
          34	     2.77699	     3.22274	   0.0712596
          35	     3.57909	     3.23293	   0.0699472
          36	     3.22587	     3.23273	   0.0680045
          37	     3.17799	     3.23125	   0.0661826
          38	     2.91048	     3.22281	   0.0649771
          39	     2.49063	     3.20404	   0.0659674
          40	     3.00432	     3.19904	   0.0645069
          41	      2.3005	     3.17713	   0.0665524
          42	     2.83399	     3.16896	   0.0654674
          43	     3.08053	      3.1669	   0.0639772
          44	     3.69676	     3.17894	   0.0636464
          45	     3.19872	     3.17938	   0.0622336
          46	     3.20677	     3.17998	   0.0608835
          47	     3.63883	     3.18974	   0.0603658
          48	     2.93997	     3.18454	    0.059332
          49	     2.91912	     3.17912	   0.0583679
          50	     3.05547	     3.17665	   0.0572529
          51	     3.99264	     3.19265	   0.0583231
          52	      3.3899	     3.19644	   0.0573247
          53	     2.54073	     3.18407	   0.0575627
          54	     2.93699	     3.17949	   0.0566783
          55	     3.07036	     3.17751	   0.0556825
          56	     2.78231	     3.17045	   0.0551336
          57	     3.06645	     3.16863	   0.0541965
          58	     3.59364	     3.17595	   0.0537552
          59	     3.80572	     3.18663	   0.0538934
          60	     2.62885	     3.17733	    0.053791
          61	     3.54061	     3.18329	   0.0532378
          62	     3.05991	      3.1813	   0.0524163
          63	     2.91381	     3.17705	    0.051756
          64	     3.24607	     3.17813	   0.0509585
          65	     3.37419	     3.18115	   0.0502638
          66	     3.60911	     3.18763	   0.0499187
          67	     3.06569	     3.18581	   0.0492068
          68	     3.00128	      3.1831	   0.0485579
          69	      3.9475	     3.19418	   0.0491017
          70	     3.31241	     3.19586	   0.0484293
          71	     3.25635	     3.19672	   0.0477547
          72	     3.21927	     3.19703	   0.0470924
          73	     3.17536	     3.19673	   0.0464483
          74	     2.95562	     3.19347	   0.0459347
          75	     2.83241	     3.18866	   0.0455738
          76	     3.88053	     3.19776	   0.0458744
          77	     2.78242	     3.19237	   0.0455946
          78	     2.92864	     3.18899	   0.0451353
          79	     3.33559	     3.19084	   0.0446021
          80	     3.41051	     3.19359	    0.044129
          81	       3.576	     3.19831	    0.043836
          82	     3.46336	     3.20154	   0.0434204
          83	     3.12146	     3.20058	    0.042908
          84	     2.32596	     3.19017	   0.0436422
          85	      2.9478	     3.18732	   0.0432219
          86	     3.21688	     3.18766	   0.0427206
          87	      3.3419	     3.18943	   0.0422664
          88	     2.97121	     3.18695	   0.0418588
          89	     3.61203	     3.19173	     0.04166
          90	     3.35988	      3.1936	    0.041239
          91	     3.78236	     3.20007	   0.0412903
          92	     3.11264	     3.19912	   0.0408524
          93	     3.80806	     3.20566	   0.0409345
          94	      3.4779	     3.20856	   0.0406013
          95	     3.52368	     3.21188	   0.0403092
          96	     3.48012	     3.21467	    0.039986
          97	     3.45255	     3.21712	    0.039649
          98	     3.12993	     3.21623	   0.0392544
          99	     2.52981	      3.2093	   0.0394654
         100	      2.8734	     3.20594	   0.0392135
