#     BLOCK:   ACTUAL_TE:    TE_AVE:      ERROR:
               1	        -0.36269	        -0.36269	               0
               2	       -0.368111	       -0.365401	      0.00191654
               3	       -0.365316	       -0.365373	       0.0012779
               4	       -0.370989	       -0.366777	      0.00154827
               5	       -0.369298	       -0.367281	      0.00131816
               6	       -0.378407	       -0.369135	      0.00201799
               7	        -0.37317	       -0.369712	      0.00181017
               8	       -0.378087	       -0.370759	      0.00186221
               9	       -0.361705	       -0.369753	      0.00190776
              10	       -0.382355	       -0.371013	      0.00209224
              11	       -0.383157	       -0.372117	      0.00217388
              12	       -0.373663	       -0.372246	      0.00199654
              13	        -0.37285	       -0.372292	       0.0018435
              14	       -0.369779	       -0.372113	      0.00172054
              15	       -0.368059	       -0.371843	      0.00162692
              16	       -0.369199	       -0.371677	       0.0015336
              17	        -0.36891	       -0.371514	        0.001452
              18	        -0.36854	       -0.371349	      0.00138071
              19	       -0.374683	       -0.371525	      0.00131914
              20	       -0.380004	       -0.371949	      0.00131956
              21	       -0.373966	       -0.372045	      0.00126021
              22	       -0.369649	       -0.371936	      0.00120763
              23	       -0.365782	       -0.371668	       0.0011844
              24	       -0.367918	       -0.371512	      0.00114531
              25	       -0.375354	       -0.371666	      0.00110976
              26	       -0.369702	        -0.37159	      0.00106964
              27	       -0.372993	       -0.371642	      0.00103129
              28	       -0.364662	       -0.371393	      0.00102414
              29	       -0.370851	       -0.371374	     0.000988993
              30	       -0.361478	       -0.371044	      0.00100955
              31	       -0.373246	       -0.371115	     0.000979475
              32	        -0.36816	       -0.371023	     0.000953211
              33	        -0.36453	       -0.370826	     0.000944411
              34	       -0.368239	        -0.37075	     0.000919695
              35	       -0.362306	       -0.370509	     0.000924518
              36	       -0.371014	       -0.370523	     0.000898944
              37	       -0.367794	       -0.370449	     0.000877667
              38	       -0.375086	       -0.370571	      0.00086301
              39	       -0.368729	       -0.370524	     0.000842174
              40	        -0.37121	       -0.370541	     0.000821294
              41	       -0.367094	       -0.370457	     0.000805553
              42	       -0.369798	       -0.370441	     0.000786526
              43	       -0.364558	       -0.370305	     0.000780046
              44	       -0.373292	       -0.370372	     0.000765267
              45	       -0.375745	       -0.370492	     0.000757516
              46	       -0.365808	        -0.37039	      0.00074786
              47	       -0.376001	       -0.370509	     0.000741415
              48	       -0.376472	       -0.370634	     0.000736302
              49	       -0.361869	       -0.370455	     0.000742685
              50	       -0.368662	       -0.370419	     0.000728697
              51	       -0.374741	       -0.370504	     0.000719319
              52	       -0.382366	       -0.370732	     0.000740779
              53	         -0.3752	       -0.370816	     0.000731584
              54	       -0.383534	       -0.371052	     0.000754993
              55	        -0.37653	       -0.371151	     0.000747808
              56	       -0.368918	       -0.371111	     0.000735517
              57	       -0.372434	       -0.371134	     0.000722979
              58	       -0.367638	       -0.371074	     0.000713022
              59	       -0.375624	       -0.371151	     0.000705095
              60	        -0.37325	       -0.371186	     0.000694211
              61	       -0.365546	       -0.371094	      0.00068896
              62	         -0.3724	       -0.371115	     0.000678169
              63	       -0.371309	       -0.371118	     0.000667412
              64	        -0.37889	       -0.371239	     0.000667939
              65	        -0.37431	       -0.371287	     0.000659331
              66	       -0.365771	       -0.371203	     0.000654616
              67	       -0.380098	       -0.371336	     0.000658171
              68	       -0.375487	       -0.371397	     0.000651317
              69	       -0.370331	       -0.371381	     0.000642061
              70	       -0.372942	       -0.371404	     0.000633276
              71	       -0.362567	       -0.371279	     0.000636469
              72	       -0.368979	       -0.371247	      0.00062843
              73	       -0.376711	       -0.371322	     0.000624263
              74	       -0.370972	       -0.371317	     0.000615845
              75	       -0.367615	       -0.371268	     0.000609609
              76	       -0.367497	       -0.371218	     0.000603604
              77	       -0.365141	        -0.37114	     0.000600903
              78	       -0.376167	       -0.371204	     0.000596647
              79	       -0.376125	       -0.371266	     0.000592336
              80	       -0.365971	         -0.3712	     0.000588619
              81	       -0.373042	       -0.371223	     0.000581791
              82	       -0.366629	       -0.371167	     0.000577387
              83	       -0.367348	       -0.371121	     0.000572261
              84	       -0.368353	       -0.371088	     0.000566396
              85	       -0.366416	       -0.371033	     0.000562393
              86	       -0.371606	        -0.37104	     0.000555893
              87	       -0.373262	       -0.371065	      0.00055009
              88	       -0.370397	       -0.371058	     0.000543892
              89	       -0.371683	       -0.371065	     0.000537826
              90	       -0.380294	       -0.371167	     0.000541538
              91	       -0.374062	       -0.371199	      0.00053652
              92	       -0.368917	       -0.371174	     0.000531262
              93	        -0.37875	       -0.371256	     0.000531757
              94	       -0.370162	       -0.371244	     0.000526228
              95	       -0.369666	       -0.371227	     0.000520951
              96	       -0.369307	       -0.371207	     0.000515908
              97	       -0.368815	       -0.371183	     0.000511178
              98	       -0.363834	       -0.371108	     0.000511433
              99	       -0.373738	       -0.371134	     0.000506957
             100	       -0.368984	       -0.371113	     0.000502343
             101	       -0.371111	       -0.371113	      0.00049737
             102	       -0.364107	       -0.371044	     0.000497213
             103	       -0.367793	       -0.371012	     0.000493386
             104	       -0.370374	       -0.371006	     0.000488681
             105	       -0.365728	       -0.370956	     0.000486605
             106	       -0.369192	       -0.370939	     0.000482299
             107	        -0.37205	        -0.37095	     0.000477903
             108	       -0.371282	       -0.370953	     0.000473488
             109	       -0.378458	       -0.371022	     0.000474125
             110	       -0.378186	       -0.371087	     0.000474267
             111	       -0.374106	       -0.371114	     0.000470774
             112	       -0.363542	       -0.371046	     0.000471401
             113	       -0.374718	       -0.371079	     0.000468347
             114	       -0.378402	       -0.371143	     0.000468623
             115	       -0.367534	       -0.371112	     0.000465598
             116	       -0.372245	       -0.371122	     0.000461687
             117	       -0.371842	       -0.371128	     0.000457782
             118	       -0.379138	       -0.371196	     0.000458908
             119	       -0.372088	       -0.371203	     0.000455112
             120	       -0.366505	       -0.371164	     0.000453001
             121	       -0.369318	       -0.371149	     0.000449514
             122	       -0.373126	       -0.371165	     0.000446121
             123	       -0.368679	       -0.371145	     0.000442952
             124	       -0.378619	       -0.371205	     0.000443462
             125	       -0.378572	       -0.371264	     0.000443813
             126	       -0.364769	       -0.371212	     0.000443274
             127	       -0.371861	       -0.371217	     0.000439813
             128	       -0.369299	       -0.371202	     0.000436633
             129	        -0.36789	       -0.371177	     0.000434003
             130	        -0.37045	       -0.371171	       0.0004307
             131	       -0.376827	       -0.371214	     0.000429571
             132	       -0.377354	       -0.371261	     0.000428828
             133	       -0.371717	       -0.371264	     0.000425617
             134	       -0.382118	       -0.371345	     0.000430079
             135	       -0.365869	       -0.371305	     0.000428803
             136	       -0.372029	        -0.37131	     0.000425683
             137	       -0.366795	       -0.371277	     0.000423849
             138	       -0.371352	       -0.371278	     0.000420778
             139	       -0.372086	       -0.371283	     0.000417791
             140	       -0.374798	       -0.371309	     0.000415561
             141	       -0.371658	       -0.371311	     0.000412621
             142	        -0.37673	       -0.371349	     0.000411476
             143	       -0.365188	       -0.371306	     0.000410848
             144	       -0.371131	       -0.371305	     0.000407997
             145	       -0.375751	       -0.371336	     0.000406333
             146	       -0.379318	        -0.37139	     0.000407212
             147	       -0.363907	       -0.371339	     0.000407611
             148	       -0.373254	       -0.371352	     0.000405062
             149	       -0.379729	       -0.371409	     0.000406226
             150	       -0.370534	       -0.371403	      0.00040356
             151	       -0.363324	       -0.371349	     0.000404418
             152	       -0.372454	       -0.371356	     0.000401823
             153	       -0.369661	       -0.371345	     0.000399349
             154	       -0.372689	       -0.371354	     0.000396851
             155	       -0.372221	        -0.37136	      0.00039433
             156	       -0.369949	       -0.371351	     0.000391906
             157	       -0.376465	       -0.371383	     0.000390761
             158	       -0.363539	       -0.371334	     0.000391429
             159	       -0.370694	        -0.37133	     0.000388988
             160	       -0.383473	       -0.371405	     0.000393891
             161	        -0.37097	       -0.371403	     0.000391454
             162	       -0.379824	       -0.371455	     0.000392474
             163	       -0.364902	       -0.371415	      0.00039212
             164	       -0.369368	       -0.371402	     0.000389927
             165	       -0.375647	       -0.371428	     0.000388412
             166	       -0.371175	       -0.371426	     0.000386075
             167	        -0.37156	       -0.371427	     0.000383764
             168	       -0.369294	       -0.371414	      0.00038169
             169	       -0.364812	       -0.371375	     0.000381425
             170	       -0.365974	       -0.371344	     0.000380503
             171	       -0.370638	       -0.371339	       0.0003783
             172	       -0.376005	       -0.371367	     0.000377072
             173	       -0.381631	       -0.371426	     0.000379532
             174	       -0.363804	       -0.371382	      0.00037987
             175	       -0.363582	       -0.371337	     0.000380305
             176	       -0.374136	       -0.371353	     0.000378477
             177	       -0.368425	       -0.371337	       0.0003767
             178	       -0.369121	       -0.371324	     0.000374789
             179	       -0.379282	       -0.371369	     0.000375323
             180	         -0.3694	       -0.371358	     0.000373397
             181	       -0.371091	       -0.371356	     0.000371337
             182	       -0.375955	       -0.371382	     0.000370155
             183	       -0.377654	       -0.371416	     0.000369716
             184	       -0.365361	       -0.371383	     0.000369168
             185	       -0.376013	       -0.371408	      0.00036802
             186	       -0.367087	       -0.371385	     0.000366774
             187	       -0.374342	       -0.371401	     0.000365153
             188	       -0.373875	       -0.371414	     0.000363448
             189	       -0.366426	       -0.371387	     0.000362482
             190	       -0.370638	       -0.371383	     0.000360596
             191	       -0.376186	       -0.371409	     0.000359583
             192	       -0.372043	       -0.371412	     0.000357726
             193	       -0.371076	        -0.37141	     0.000355876
             194	       -0.372614	       -0.371416	     0.000354096
             195	       -0.356989	       -0.371342	     0.000359927
             196	       -0.364248	       -0.371306	     0.000359906
             197	        -0.37532	       -0.371327	     0.000358655
             198	       -0.365451	       -0.371297	     0.000358069
             199	       -0.372806	       -0.371304	      0.00035635
             200	       -0.370263	       -0.371299	     0.000354607
