#     BLOCK:   ACTUAL_CV:    CV_AVE:      ERROR:
               1	        0.607722	        0.607722	               0
               2	        0.440604	        0.524163	       0.0590851
               3	        0.487266	        0.511864	         0.04065
               4	        0.463635	        0.499807	       0.0322261
               5	         0.41029	        0.481903	       0.0303493
               6	        0.396337	        0.467642	        0.028445
               7	        0.554811	        0.480095	       0.0269698
               8	        0.391271	        0.468992	        0.025783
               9	        0.484995	         0.47077	       0.0229794
              10	        0.497951	        0.473488	       0.0208416
              11	        0.488856	        0.474885	       0.0189937
              12	        0.381912	        0.467138	       0.0189252
              13	        0.449221	        0.465759	       0.0175196
              14	        0.450181	        0.464647	       0.0163035
              15	        0.405497	        0.460703	       0.0156862
              16	         0.43102	        0.458848	       0.0148151
              17	        0.499102	        0.461216	       0.0141316
              18	        0.525808	        0.464804	       0.0137946
              19	        0.372085	        0.459924	        0.013905
              20	        0.557656	        0.464811	       0.0140421
              21	        0.403022	        0.461869	       0.0136782
              22	        0.370692	        0.457724	         0.01367
              23	        0.446498	        0.457236	       0.0130843
              24	        0.473238	        0.457903	       0.0125561
              25	        0.450138	        0.457592	       0.0120577
              26	        0.478945	        0.458414	       0.0116219
              27	        0.396492	         0.45612	       0.0114155
              28	        0.447403	        0.455809	        0.011012
              29	        0.462292	        0.456032	       0.0106346
              30	        0.543508	        0.458948	       0.0106724
              31	        0.398592	        0.457001	       0.0105042
              32	        0.456302	        0.456979	       0.0101759
              33	        0.361977	        0.454101	       0.0102667
              34	        0.360862	        0.451358	       0.0103245
              35	        0.631606	        0.456508	       0.0112408
              36	        0.432432	        0.455839	       0.0109484
              37	        0.473341	        0.456312	       0.0106628
              38	        0.441511	        0.455923	       0.0103893
              39	        0.486183	        0.456699	       0.0101518
              40	        0.545001	        0.458906	       0.0101352
              41	        0.671868	        0.464101	       0.0111397
              42	        0.459082	        0.463981	       0.0108752
              43	        0.490838	        0.464606	       0.0106402
              44	        0.506499	        0.465558	       0.0104409
              45	        0.461053	        0.465458	       0.0102093
              46	        0.543647	        0.467157	       0.0101279
              47	        0.448862	        0.466768	      0.00991987
              48	        0.463875	        0.466708	      0.00971339
              49	        0.607558	        0.469582	      0.00993139
              50	        0.499096	        0.470173	      0.00975028
              51	        0.333215	        0.467487	      0.00992203
              52	        0.524946	        0.468592	      0.00979256
              53	        0.407098	        0.467432	      0.00967628
              54	        0.440551	        0.466934	      0.00950989
              55	        0.589436	        0.469161	      0.00959426
              56	        0.440829	        0.468656	      0.00943627
              57	        0.620887	        0.471326	      0.00964126
              58	        0.501852	        0.471853	      0.00948939
              59	        0.379312	        0.470284	      0.00945729
              60	        0.490888	        0.470627	       0.0093059
              61	        0.371638	        0.469005	      0.00929376
              62	        0.502924	        0.469552	      0.00915995
              63	        0.537084	        0.470624	      0.00907705
              64	        0.559881	        0.472018	      0.00904173
              65	        0.470836	           0.472	      0.00890265
              66	        0.380845	        0.470619	      0.00887424
              67	         0.52652	        0.471453	      0.00878093
              68	        0.607177	        0.473449	      0.00887574
              69	        0.426925	        0.472775	      0.00877268
              70	        0.520501	        0.473457	      0.00867381
              71	        0.426166	        0.472791	      0.00857718
              72	        0.502868	        0.473209	      0.00846822
              73	        0.565479	        0.474473	      0.00844602
              74	        0.404644	        0.473529	      0.00838443
              75	        0.596081	        0.475163	      0.00843036
              76	        0.519227	        0.475743	      0.00833935
              77	        0.479029	        0.475785	      0.00823115
              78	        0.452505	        0.475487	      0.00813104
              79	        0.379238	        0.474269	      0.00811888
              80	        0.490726	        0.474474	         0.00802
              81	        0.404167	        0.473606	      0.00796782
              82	        0.480542	        0.473691	       0.0078711
              83	        0.332537	         0.47199	      0.00795787
              84	         0.37658	        0.470854	      0.00794378
              85	        0.517188	        0.471399	        0.007869
              86	        0.475962	        0.471453	      0.00777768
              87	        0.456194	        0.471277	      0.00769026
              88	         0.44525	        0.470981	      0.00760855
              89	        0.509732	        0.471417	      0.00753551
              90	        0.471088	        0.471413	      0.00745179
              91	          0.4949	        0.471671	      0.00737437
              92	        0.497748	        0.471955	      0.00729965
              93	        0.472569	        0.471961	      0.00722117
              94	        0.339332	         0.47055	      0.00728088
              95	          0.4115	        0.469929	      0.00723073
              96	        0.510981	        0.470356	      0.00716804
              97	         0.42575	        0.469897	      0.00710888
              98	        0.494342	        0.470146	      0.00704071
              99	        0.539923	        0.470851	      0.00700479
             100	         0.40581	          0.4702	      0.00696487
             101	         0.59277	        0.471414	      0.00700084
             102	        0.499992	        0.471694	      0.00693781
             103	        0.490362	        0.471875	      0.00687282
             104	        0.529384	        0.472428	      0.00682894
             105	        0.417472	        0.471905	      0.00678393
             106	        0.462548	        0.471817	       0.0067205
             107	        0.500094	        0.472081	      0.00666289
             108	        0.536441	        0.472677	      0.00662779
             109	        0.541408	        0.473307	      0.00659691
             110	        0.463644	         0.47322	      0.00653753
             111	        0.485063	        0.473326	       0.0064795
             112	        0.571766	        0.474205	      0.00648099
             113	        0.441228	        0.473913	       0.0064302
             114	        0.383915	        0.473124	      0.00642207
             115	        0.401515	        0.472501	      0.00639635
             116	        0.485283	        0.472611	      0.00634216
             117	        0.466817	        0.472562	      0.00628814
             118	        0.471308	        0.472551	      0.00623486
             119	        0.520781	        0.472957	      0.00619563
             120	        0.387534	        0.472245	      0.00618476
             121	        0.443764	        0.472009	      0.00613812
             122	        0.399909	        0.471418	      0.00611619
             123	        0.555005	        0.472098	       0.0061041
             124	        0.506362	        0.472374	      0.00606113
             125	        0.424826	        0.471994	      0.00602456
             126	        0.443383	        0.471767	      0.00598103
             127	         0.49775	        0.471971	      0.00593743
             128	        0.548324	        0.472568	      0.00592093
             129	        0.473225	        0.472573	      0.00587504
             130	         0.39965	        0.472012	      0.00585656
             131	        0.466029	        0.471966	      0.00581203
             132	        0.484266	         0.47206	      0.00576875
             133	        0.490299	        0.472197	        0.005727
             134	        0.419836	        0.471806	      0.00569758
             135	         0.37175	        0.471065	      0.00570338
             136	        0.477101	        0.471109	      0.00566161
             137	        0.514824	        0.471428	      0.00562927
             138	        0.476601	        0.471466	      0.00558861
             139	        0.517047	        0.471794	      0.00555801
             140	        0.465978	        0.471752	      0.00551847
             141	        0.471735	        0.471752	      0.00547933
             142	        0.388914	        0.471169	      0.00547171
             143	        0.518357	        0.471499	      0.00544339
             144	        0.538233	        0.471962	      0.00542528
             145	        0.517199	        0.472274	      0.00539682
             146	        0.618098	        0.473273	       0.0054515
             147	        0.446196	        0.473089	      0.00541753
             148	         0.48416	        0.473163	      0.00538144
             149	         0.56668	        0.473791	       0.0053818
             150	        0.618861	        0.474758	      0.00543212
             151	        0.450548	        0.474598	      0.00539851
             152	        0.469546	        0.474565	       0.0053631
             153	        0.478355	        0.474589	       0.0053281
             154	        0.470046	         0.47456	      0.00529359
             155	        0.449108	        0.474396	      0.00526198
             156	        0.405011	        0.473951	      0.00524701
             157	        0.389133	        0.473411	      0.00524133
             158	        0.425997	        0.473111	      0.00521674
             159	        0.477038	        0.473135	      0.00518399
             160	        0.513859	         0.47339	      0.00515784
             161	        0.450354	        0.473247	      0.00512778
             162	        0.445942	        0.473078	       0.0050989
             163	        0.410006	        0.472691	      0.00508228
             164	        0.505414	        0.472891	       0.0050552
             165	        0.476549	        0.472913	      0.00502462
             166	        0.426753	        0.472635	      0.00500204
             167	        0.428558	        0.472371	      0.00497904
             168	        0.385369	        0.471853	      0.00497626
             169	        0.508089	        0.472067	      0.00495144
             170	        0.617728	        0.472924	      0.00499589
             171	        0.442307	        0.472745	      0.00496989
             172	         0.45667	        0.472652	      0.00494187
             173	        0.396208	         0.47221	      0.00493302
             174	        0.475737	         0.47223	      0.00490471
             175	        0.534443	        0.472586	      0.00488955
             176	        0.491584	        0.472694	      0.00486296
             177	        0.490459	        0.472794	      0.00483652
             178	        0.490355	        0.472893	      0.00481036
             179	        0.444133	        0.472732	      0.00478617
             180	        0.650451	        0.473719	      0.00486035
             181	        0.581131	        0.474313	      0.00486959
             182	        0.442471	        0.474138	      0.00484597
             183	        0.562803	        0.474622	      0.00484365
             184	        0.520744	        0.474873	      0.00482381
             185	        0.619485	        0.475655	      0.00486066
             186	        0.370247	        0.475088	      0.00486745
             187	        0.433201	        0.474864	      0.00484657
             188	        0.402076	        0.474477	      0.00483623
             189	        0.462462	        0.474413	      0.00481106
             190	        0.443586	        0.474251	      0.00478847
             191	        0.566359	        0.474733	      0.00478762
             192	        0.548541	        0.475118	       0.0047781
             193	        0.537793	        0.475442	      0.00476436
             194	        0.374848	        0.474924	      0.00476794
             195	        0.478917	        0.474944	      0.00474353
             196	        0.582884	        0.475495	      0.00475119
             197	        0.431135	         0.47527	      0.00473241
             198	        0.554738	        0.475671	      0.00472549
             199	        0.593546	        0.476264	      0.00473873
             200	        0.439746	        0.476081	      0.00471855
