#     BLOCK:   ACTUAL_M:     M_AVE:       ERROR:
               1	         0.00796	         0.00796	               0
               2	         0.03264	          0.0203	       0.0087257
               3	         0.00496	       0.0151867	      0.00716029
               4	           4e-05	          0.0114	      0.00629233
               5	         0.00268	        0.009656	      0.00527001
               6	         0.01388	         0.01036	      0.00443845
               7	         0.01724	       0.0113429	      0.00391169
               8	         0.02092	         0.01254	      0.00360126
               9	         0.02016	       0.0133867	      0.00329915
              10	          0.0126	        0.013308	      0.00297017
              11	         0.00652	       0.0126909	      0.00276352
              12	         0.00012	       0.0116433	      0.00272455
              13	         0.02228	       0.0124615	      0.00263497
              14	         0.03424	       0.0140171	      0.00286944
              15	         0.00516	       0.0134267	      0.00273822
              16	         0.03544	       0.0148025	      0.00289215
              17	          0.0428	       0.0164494	      0.00315629
              18	         0.00464	       0.0157933	      0.00304837
              19	         0.02096	       0.0160653	      0.00290003
              20	          0.0334	        0.016932	      0.00288164
              21	         0.02568	       0.0173486	      0.00277437
              22	         0.01268	       0.0171364	      0.00265636
              23	         0.02392	       0.0174313	      0.00255719
              24	         0.03276	         0.01807	      0.00252914
              25	         0.00936	       0.0177216	      0.00245186
              26	         0.00624	         0.01728	      0.00239699
              27	          0.0088	       0.0169659	       0.0023287
              28	         0.00056	         0.01638	      0.00231807
              29	          0.0144	       0.0163117	      0.00223915
              30	          0.0066	        0.015988	      0.00218778
              31	         0.03416	       0.0165742	      0.00219434
              32	         0.00648	       0.0162587	      0.00214832
              33	         0.00276	       0.0158497	       0.0021218
              34	        -0.00184	       0.0153294	      0.00212223
              35	         0.01464	       0.0153097	      0.00206168
              36	         0.01924	       0.0154189	       0.0020073
              37	         0.00864	       0.0152357	       0.0019614
              38	         0.02984	         0.01562	      0.00194707
              39	         0.01812	       0.0156841	       0.0018982
              40	         0.01768	        0.015734	       0.0018514
              41	           0.029	       0.0160576	       0.0018343
              42	         0.02556	       0.0162838	      0.00180452
              43	         0.02524	       0.0164921	      0.00177454
              44	         0.00932	       0.0163291	      0.00174168
              45	         0.01388	       0.0162747	      0.00170382
              46	         0.01228	       0.0161878	        0.001669
              47	         0.00968	       0.0160494	      0.00163922
              48	         0.00456	         0.01581	      0.00162245
              49	         0.01208	       0.0157339	      0.00159112
              50	          0.0354	       0.0161272	      0.00160718
              51	         0.02772	       0.0163545	      0.00159166
              52	         0.02008	       0.0164262	      0.00156266
              53	         0.01516	       0.0164023	      0.00153336
              54	         0.02848	       0.0166259	      0.00152119
              55	          0.0066	       0.0164436	      0.00150442
              56	         0.01712	       0.0164557	       0.0014776
              57	         0.02224	       0.0165572	      0.00145516
              58	         0.02872	       0.0167669	       0.0014451
              59	         0.00568	        0.016579	      0.00143277
              60	         0.00568	       0.0163973	      0.00142036
              61	         0.03108	        0.016638	      0.00141732
              62	          0.0332	       0.0169052	      0.00141941
              63	          0.0122	       0.0168305	      0.00139885
              64	         0.02328	       0.0169312	      0.00138062
              65	        -0.00312	       0.0166228	      0.00139341
              66	         0.03216	       0.0168582	      0.00139204
              67	         0.01036	       0.0167612	      0.00137464
              68	          0.0096	       0.0166559	      0.00135845
              69	         0.01048	       0.0165664	      0.00134171
              70	         0.02956	        0.016752	      0.00133532
              71	         0.00748	       0.0166214	      0.00132289
              72	         0.00696	       0.0164872	       0.0013113
              73	         0.01052	       0.0164055	      0.00129588
              74	          0.0148	       0.0163838	      0.00127855
              75	         0.01896	       0.0164181	      0.00126197
              76	         0.00456	       0.0162621	      0.00125497
              77	         0.00564	       0.0161242	      0.00124623
              78	         0.02616	       0.0162528	      0.00123688
              79	         0.02324	       0.0163413	      0.00122438
              80	         0.01716	       0.0163515	      0.00120912
              81	         0.01356	        0.016317	      0.00119468
              82	          0.0126	       0.0162717	      0.00118097
              83	        -0.01104	       0.0159427	      0.00121172
              84	         0.00844	       0.0158533	      0.00120058
              85	         0.01992	       0.0159012	      0.00118741
              86	         0.01136	       0.0158484	      0.00117478
              87	         0.02068	       0.0159039	      0.00116258
              88	         0.00656	       0.0157977	      0.00115421
              89	         0.00568	        0.015684	      0.00114683
              90	         0.01188	       0.0156418	      0.00113486
              91	         0.00928	       0.0155719	      0.00112454
              92	         0.02308	       0.0156535	      0.00111528
              93	          0.0116	       0.0156099	      0.00110414
              94	         0.03068	       0.0157702	      0.00110397
              95	         0.00068	       0.0156114	      0.00110372
              96	          0.0306	       0.0157675	      0.00110321
              97	          0.0154	       0.0157637	      0.00109184
              98	         0.00544	       0.0156584	      0.00108577
              99	         0.00092	       0.0155095	      0.00108496
             100	         0.01008	       0.0154552	      0.00107547
             101	         0.01336	       0.0154345	      0.00106502
             102	         0.02648	       0.0155427	      0.00106007
             103	         0.00436	       0.0154342	      0.00105532
             104	         0.02656	       0.0155412	      0.00105058
             105	         0.02692	       0.0156495	      0.00104615
             106	         0.01896	       0.0156808	      0.00103675
             107	         0.00736	        0.015603	      0.00102997
             108	          0.0244	       0.0156844	      0.00102365
             109	         0.01444	        0.015673	      0.00101432
             110	         0.01508	       0.0156676	      0.00100512
             111	         0.01204	        0.015635	     0.000996594
             112	         0.01636	       0.0156414	     0.000987717
             113	         -0.0044	       0.0154641	     0.000994772
             114	        -0.00816	       0.0152568	       0.0010074
             115	          0.0166	       0.0152685	     0.000998707
             116	         0.01436	       0.0152607	     0.000990128
             117	           0.012	       0.0152328	     0.000982058
             118	         0.01188	       0.0152044	     0.000974146
             119	         0.03692	       0.0153869	     0.000982903
             120	         0.03332	       0.0155363	     0.000986008
             121	         0.02052	       0.0155775	     0.000978719
             122	        -0.02044	       0.0152823	      0.00101425
             123	         0.02436	       0.0153561	      0.00100868
             124	         0.04128	       0.0155652	      0.00102198
             125	         0.03936	       0.0157555	      0.00103138
             126	         0.01572	       0.0157552	       0.0010232
             127	         0.01632	       0.0157597	      0.00101515
             128	         0.01332	       0.0157406	       0.0010074
             129	         0.03272	       0.0158722	      0.00100815
             130	          0.0058	       0.0157948	      0.00100337
             131	         0.01372	       0.0157789	     0.000995835
             132	         0.02284	       0.0158324	     0.000989727
             133	         0.05336	       0.0161146	      0.00102171
             134	          0.0136	       0.0160958	      0.00101426
             135	         0.01304	       0.0160732	        0.001007
             136	         0.03956	       0.0162459	       0.0010143
             137	         0.01004	       0.0162006	      0.00100791
             138	        -0.00372	       0.0160562	      0.00101089
             139	         0.02472	       0.0161186	      0.00100553
             140	         0.00748	       0.0160569	      0.00100024
             141	         0.01792	       0.0160701	     0.000993235
             142	         0.00964	       0.0160248	     0.000987273
             143	         0.00556	       0.0159516	     0.000983077
             144	         0.01296	       0.0159308	      0.00097647
             145	         0.02516	       0.0159945	     0.000971807
             146	         0.02068	       0.0160266	     0.000965681
             147	         0.01492	        0.016019	     0.000959141
             148	          0.0188	       0.0160378	     0.000952844
             149	         0.02292	        0.016084	     0.000947568
             150	         0.01296	       0.0160632	      0.00094148
             151	         0.00024	       0.0159584	     0.000941059
             152	          0.0076	       0.0159034	     0.000936473
             153	          0.0206	       0.0159341	     0.000930855
             154	         0.00824	       0.0158842	      0.00092615
             155	         0.01652	       0.0158883	     0.000920184
             156	         0.01448	       0.0158792	      0.00091433
             157	        -0.00156	       0.0157682	     0.000915229
             158	         0.03988	       0.0159208	     0.000922071
             159	          0.0058	       0.0158571	     0.000918466
             160	         0.02208	        0.015896	     0.000913549
             161	         0.00548	       0.0158313	     0.000910163
             162	           0.027	       0.0159002	     0.000907152
             163	         0.01292	        0.015882	     0.000901771
             164	         0.01732	       0.0158907	     0.000896315
             165	        -0.00688	       0.0157527	     0.000901444
             166	         0.00528	       0.0156896	     0.000898219
             167	         0.02884	       0.0157684	     0.000896285
             168	          0.0134	       0.0157543	     0.000891061
             169	         0.01868	       0.0157716	     0.000885957
             170	         0.00588	       0.0157134	     0.000882654
             171	         0.03392	       0.0158199	      0.00088389
             172	           0.009	       0.0157802	      0.00087964
             173	         0.01184	       0.0157575	      0.00087485
             174	         0.04744	       0.0159395	     0.000888569
             175	         0.00864	       0.0158978	      0.00088447
             176	         0.00312	       0.0158252	     0.000882419
             177	         0.02172	       0.0158585	     0.000878062
             178	          0.0162	       0.0158604	     0.000873131
             179	         0.02688	        0.015922	     0.000870421
             180	          0.0104	       0.0158913	     0.000866126
             181	          0.0166	       0.0158952	      0.00086135
             182	         0.02864	       0.0159653	     0.000859459
             183	          -0.003	       0.0158616	     0.000860988
             184	         0.03692	       0.0159761	     0.000863881
             185	         0.00932	       0.0159401	     0.000859961
             186	         0.01332	        0.015926	     0.000855453
             187	         0.02852	       0.0159934	     0.000853525
             188	          0.0256	       0.0160445	     0.000850513
             189	          0.0216	       0.0160739	     0.000846521
             190	         0.01168	       0.0160507	     0.000842381
             191	          0.0108	       0.0160232	     0.000838419
             192	         0.01276	       0.0160062	     0.000834225
             193	        -0.00348	       0.0159053	      0.00083599
             194	         0.01152	       0.0158827	     0.000831986
             195	         0.03924	       0.0160025	     0.000836298
             196	         0.01064	       0.0159751	     0.000832478
             197	         0.00648	       0.0159269	     0.000829647
             198	         0.00784	       0.0158861	     0.000826461
             199	         0.01336	       0.0158734	     0.000822406
             200	         0.01172	       0.0158526	     0.000818556
