#     BLOCK:   ACTUAL_M:     M_AVE:       ERROR:
           1	      -0.108	      -0.108	           0
           2	     0.01044	    -0.04878	   0.0418749
           3	     0.05336	  -0.0147333	   0.0393969
           4	      0.1246	      0.0201	   0.0422266
           5	     0.04068	    0.024216	   0.0339813
           6	     -0.0432	     0.01298	   0.0301181
           7	     0.11116	   0.0270057	   0.0288974
           8	      0.0314	    0.027555	   0.0252904
           9	     0.04704	     0.02972	   0.0225729
          10	     0.04468	    0.031216	   0.0203651
          11	      0.0306	     0.03116	   0.0185138
          12	    -0.02692	     0.02632	   0.0175923
          13	    -0.05952	   0.0197169	   0.0174342
          14	    -0.03372	      0.0159	   0.0166015
          15	     0.00752	   0.0153413	   0.0155041
          16	     0.01196	     0.01513	   0.0145366
          17	     0.00116	   0.0143082	   0.0137047
          18	      0.0094	   0.0140356	    0.012946
          19	    -0.02768	     0.01184	   0.0124494
          20	     0.09128	    0.015812	   0.0124445
          21	     -0.1024	   0.0101829	   0.0130631
          22	    -0.08516	  0.00584909	   0.0131686
          23	     0.12204	   0.0109009	   0.0135304
          24	    -0.02512	      0.0094	   0.0130496
          25	     0.04236	   0.0107184	   0.0125941
          26	    -0.03068	  0.00912615	   0.0122099
          27	      -0.015	  0.00823259	   0.0117903
          28	     0.06868	   0.0103914	   0.0115652
          29	     0.03716	   0.0113145	   0.0112032
          30	     -0.0328	    0.009844	   0.0109258
          31	     0.06428	      0.0116	   0.0107136
          32	     0.03016	     0.01218	   0.0103944
          33	    -0.04512	   0.0104436	   0.0102235
          34	     0.00192	   0.0101929	  0.00992585
          35	     0.08452	   0.0123166	  0.00986681
          36	     0.00636	   0.0121511	  0.00959412
          37	     0.12152	    0.015107	  0.00977958
          38	    -0.04792	   0.0134484	  0.00966185
          39	      0.0676	   0.0148369	  0.00951336
          40	     0.09724	    0.016897	  0.00949595
          41	     0.05284	   0.0177737	  0.00930472
          42	     0.07736	   0.0191924	   0.0091907
          43	     0.10108	   0.0210967	  0.00917214
          44	     0.04136	   0.0215573	  0.00897524
          45	    -0.04316	   0.0201191	  0.00889026
          46	     0.05272	   0.0208278	   0.0087252
          47	     0.00224	   0.0204323	  0.00854852
          48	    -0.03196	   0.0193408	  0.00843982
          49	      0.0366	   0.0196931	  0.00827492
          50	     0.13488	   0.0219968	    0.008424
          51	     0.00892	   0.0217404	  0.00826273
          52	     0.00456	     0.02141	  0.00811043
          53	     0.03456	   0.0216581	   0.0079612
          54	       0.122	   0.0235163	   0.0080277
          55	     0.11732	   0.0252218	  0.00806088
          56	    -0.01208	   0.0245557	  0.00794441
          57	     -0.1296	   0.0218512	  0.00825254
          58	    -0.03436	   0.0208821	  0.00816697
          59	    -0.09012	   0.0190007	   0.0082424
          60	     0.08724	    0.020138	  0.00818311
          61	    -0.10624	   0.0180662	  0.00830709
          62	    -0.02404	   0.0173871	  0.00820082
          63	    -0.02096	   0.0167784	   0.0080932
          64	     -0.0538	   0.0156756	  0.00804153
          65	    -0.07096	   0.0143428	  0.00802751
          66	     -0.0206	   0.0138133	  0.00792332
          67	     0.02708	   0.0140113	  0.00780754
          68	     0.03116	   0.0142635	  0.00769679
          69	    -0.03624	   0.0135316	  0.00761997
          70	       -0.04	   0.0127669	  0.00754939
          71	     0.00396	   0.0126428	  0.00744408
          72	      0.0068	   0.0125617	  0.00734113
          73	     0.01384	   0.0125792	  0.00724059
          74	    -0.03604	   0.0119222	  0.00717249
          75	     0.00476	   0.0118267	  0.00707749
          76	    -0.03864	   0.0111626	  0.00701545
          77	    -0.03416	    0.010574	  0.00694899
          78	    -0.05024	  0.00979436	   0.0069035
          79	    -0.05516	  0.00897215	   0.0068649
          80	     0.03936	    0.009352	  0.00678959
          81	     -0.0874	  0.00815753	  0.00681002
          82	    -0.04812	  0.00747122	  0.00676147
          83	    -0.03368	  0.00697542	  0.00669816
          84	      0.0344	   0.0073019	  0.00662637
          85	     0.03632	  0.00764329	   0.0065572
          86	     0.12256	  0.00897953	  0.00661571
          87	    -0.11124	   0.0075977	  0.00668242
          88	    -0.06336	  0.00679136	  0.00665495
          89	     0.02988	  0.00705079	  0.00658523
          90	     0.09636	  0.00804311	  0.00658641
          91	     0.02012	  0.00817582	  0.00651536
          92	      0.0002	  0.00808913	  0.00644512
          93	     -0.0018	   0.0079828	   0.0063767
          94	    -0.01684	  0.00771872	  0.00631432
          95	     0.02848	  0.00793726	  0.00625164
          96	     0.03252	  0.00819333	  0.00619176
          97	     0.00236	   0.0081332	  0.00612822
          98	    -0.05168	  0.00752286	    0.006096
          99	     -0.1682	  0.00574788	  0.00628753
         100	    -0.07784	    0.004912	  0.00627997
