#     BLOCK:   ACTUAL_TE:    TE_AVE:      ERROR:
           1	   -0.359576	   -0.359576	           0
           2	    -0.36112	   -0.360348	 0.000545886
           3	   -0.358504	   -0.359733	 0.000619934
           4	   -0.357728	   -0.359232	 0.000636145
           5	   -0.357768	   -0.358939	 0.000572347
           6	   -0.362504	   -0.359533	 0.000722252
           7	    -0.36128	   -0.359783	 0.000660772
           8	   -0.357536	   -0.359502	 0.000635065
           9	   -0.359472	   -0.359499	 0.000564511
          10	   -0.358464	   -0.359395	 0.000517455
          11	   -0.359528	   -0.359407	 0.000470554
          12	   -0.360816	   -0.359525	 0.000445745
          13	   -0.360184	   -0.359575	 0.000414332
          14	   -0.361752	   -0.359731	 0.000412877
          15	   -0.360584	   -0.359788	  0.00038925
          16	   -0.359832	   -0.359791	 0.000364932
          17	   -0.358816	   -0.359733	 0.000347938
          18	   -0.360056	   -0.359751	  0.00032907
          19	   -0.360112	    -0.35977	 0.000312298
          20	   -0.358088	   -0.359686	   0.0003078
          21	   -0.359128	   -0.359659	 0.000294288
          22	    -0.35916	   -0.359637	 0.000281785
          23	   -0.361576	   -0.359721	 0.000281866
          24	   -0.359904	   -0.359729	 0.000270225
          25	     -0.3606	   -0.359764	 0.000261654
          26	   -0.362168	   -0.359856	 0.000267435
          27	   -0.357096	   -0.359754	 0.000276376
          28	    -0.35864	   -0.359714	 0.000269353
          29	   -0.359024	    -0.35969	 0.000261114
          30	   -0.358768	   -0.359659	 0.000254213
          31	   -0.358024	   -0.359607	 0.000251427
          32	   -0.357472	    -0.35954	 0.000252265
          33	   -0.360768	   -0.359577	  0.00024735
          34	   -0.358824	   -0.359555	 0.000241065
          35	   -0.358392	   -0.359522	 0.000236457
          36	   -0.358464	   -0.359492	 0.000231707
          37	    -0.35828	    -0.35946	  0.00022775
          38	   -0.360784	   -0.359495	 0.000224407
          39	     -0.3598	   -0.359502	  0.00021879
          40	   -0.357304	   -0.359447	 0.000220115
          41	   -0.361104	   -0.359488	 0.000218423
          42	   -0.361824	   -0.359543	 0.000220191
          43	   -0.361632	   -0.359592	 0.000220362
          44	   -0.354752	   -0.359482	 0.000241252
          45	   -0.358784	   -0.359466	 0.000236389
          46	   -0.358664	   -0.359449	 0.000231893
          47	   -0.359768	   -0.359456	 0.000227058
          48	   -0.358464	   -0.359435	 0.000223266
          49	   -0.357912	   -0.359404	 0.000220863
          50	   -0.361184	    -0.35944	 0.000219296
          51	    -0.35908	   -0.359433	 0.000215109
          52	   -0.360016	   -0.359444	 0.000211265
          53	   -0.358304	   -0.359422	  0.00020837
          54	    -0.35644	   -0.359367	 0.000211704
          55	    -0.35988	   -0.359376	  0.00020806
          56	   -0.358168	   -0.359355	 0.000205461
          57	   -0.362608	   -0.359412	 0.000209633
          58	    -0.35592	   -0.359352	  0.00021449
          59	   -0.356712	   -0.359307	 0.000215471
          60	   -0.360304	   -0.359324	 0.000212519
          61	   -0.360032	   -0.359335	 0.000209352
          62	   -0.360808	   -0.359359	 0.000207319
          63	   -0.359936	   -0.359368	 0.000204231
          64	   -0.359624	   -0.359372	 0.000201079
          65	    -0.36164	   -0.359407	 0.000200989
          66	   -0.361568	    -0.35944	 0.000200593
          67	   -0.358672	   -0.359428	 0.000197926
          68	   -0.361824	   -0.359464	 0.000198126
          69	   -0.359168	   -0.359459	 0.000195301
          70	   -0.357472	   -0.359431	 0.000194564
          71	   -0.358408	   -0.359416	 0.000192356
          72	     -0.3594	   -0.359416	 0.000189684
          73	   -0.359536	   -0.359418	 0.000187093
          74	    -0.36096	   -0.359439	 0.000185722
          75	   -0.358264	   -0.359423	 0.000183905
          76	   -0.358184	   -0.359407	 0.000182206
          77	   -0.355608	   -0.359357	 0.000186399
          78	   -0.361224	   -0.359381	 0.000185539
          79	   -0.358232	   -0.359367	  0.00018376
          80	    -0.35644	    -0.35933	 0.000185069
          81	    -0.36276	   -0.359373	 0.000187566
          82	   -0.359128	    -0.35937	 0.000185302
          83	    -0.35896	   -0.359365	 0.000183135
          84	    -0.35972	   -0.359369	 0.000181004
          85	    -0.35956	   -0.359371	 0.000178888
          86	   -0.360288	   -0.359382	 0.000177126
          87	   -0.360648	   -0.359396	 0.000175687
          88	   -0.358344	   -0.359384	 0.000174097
          89	   -0.360336	   -0.359395	 0.000172469
          90	    -0.35768	   -0.359376	 0.000171602
          91	   -0.358224	   -0.359363	 0.000170183
          92	   -0.358624	   -0.359355	 0.000168522
          93	   -0.360968	   -0.359373	   0.0001676
          94	   -0.358624	   -0.359365	 0.000166006
          95	   -0.359112	   -0.359362	  0.00016428
          96	   -0.359008	   -0.359358	  0.00016261
          97	   -0.356768	   -0.359332	 0.000163112
          98	   -0.358464	   -0.359323	 0.000161688
          99	   -0.359232	   -0.359322	 0.000160057
         100	   -0.359016	   -0.359319	 0.000158486
