#     BLOCK:   ACTUAL_CV:    CV_AVE:      ERROR:
           1	    0.100031	    0.100031	           0
           2	   0.0994611	   0.0997459	 0.000201447
           3	    0.100757	    0.100083	  0.00030628
           4	    0.101281	    0.100383	 0.000346471
           5	   0.0995484	    0.100216	 0.000314794
           6	    0.100756	    0.100306	 0.000274906
           7	    0.100459	    0.100328	 0.000236505
           8	    0.100298	    0.100324	  0.00020697
           9	    0.100355	    0.100327	 0.000184002
          10	    0.100945	    0.100389	 0.000175659
          11	    0.102641	    0.100594	 0.000252172
          12	   0.0999771	    0.100542	 0.000236338
          13	   0.0998161	    0.100487	 0.000224667
          14	    0.102323	    0.100618	  0.00024393
          15	    0.101556	     0.10068	 0.000235545
          16	    0.102054	    0.100766	 0.000235959
          17	    0.100536	    0.100753	 0.000222468
          18	   0.0995729	    0.100687	 0.000219552
          19	     0.10044	    0.100674	  0.00020838
          20	    0.100555	    0.100668	 0.000198046
          21	    0.102624	    0.100761	 0.000209378
          22	   0.0987669	    0.100671	 0.000218607
          23	    0.100441	    0.100661	  0.00020933
          24	    0.101835	     0.10071	  0.00020625
          25	   0.0995076	    0.100662	 0.000203527
          26	     0.10058	    0.100658	 0.000195723
          27	    0.100592	    0.100656	  0.00018849
          28	    0.100578	    0.100653	 0.000181779
          29	    0.101374	    0.100678	 0.000177201
          30	    0.100636	    0.100677	   0.0001713
          31	     0.10216	    0.100724	 0.000172328
          32	    0.100857	    0.100729	 0.000166993
          33	   0.0995865	    0.100694	  0.00016548
          34	   0.0995192	    0.100659	  0.00016418
          35	    0.101857	    0.100694	 0.000163015
          36	    0.104092	    0.100788	 0.000183802
          37	    0.100591	    0.100783	 0.000178912
          38	   0.0971622	    0.100687	 0.000197954
          39	    0.101527	    0.100709	 0.000194046
          40	   0.0988747	    0.100663	 0.000194537
          41	    0.100151	    0.100651	 0.000190193
          42	   0.0991974	    0.100616	 0.000188786
          43	    0.101131	    0.100628	 0.000184775
          44	    0.104924	    0.100726	  0.00020475
          45	    0.101351	     0.10074	 0.000200671
          46	    0.101545	    0.100757	 0.000197072
          47	   0.0987826	    0.100715	 0.000197305
          48	   0.0998977	    0.100698	 0.000193928
          49	   0.0998734	    0.100681	 0.000190699
          50	   0.0976633	    0.100621	 0.000196204
          51	    0.101569	    0.100639	 0.000193236
          52	   0.0998464	    0.100624	  0.00019012
          53	   0.0994938	    0.100603	 0.000187726
          54	   0.0967196	    0.100531	 0.000197543
          55	   0.0965239	    0.100458	  0.00020695
          56	    0.100922	    0.100466	 0.000203421
          57	    0.101172	    0.100479	 0.000200228
          58	   0.0998468	    0.100468	 0.000197072
          59	    0.100564	    0.100469	 0.000193738
          60	     0.10418	    0.100531	 0.000200136
          61	   0.0974187	     0.10048	 0.000203256
          62	    0.101405	    0.100495	 0.000200524
          63	    0.100392	    0.100494	 0.000197347
          64	    0.100107	    0.100488	 0.000194356
          65	   0.0989922	    0.100465	 0.000192723
          66	    0.102985	    0.100503	  0.00019355
          67	   0.0990766	    0.100481	 0.000191828
          68	   0.0985579	    0.100453	 0.000191082
          69	    0.102656	    0.100485	 0.000190962
          70	   0.0997403	    0.100474	  0.00018853
          71	     0.10063	    0.100477	 0.000185887
          72	    0.102746	    0.100508	  0.00018596
          73	   0.0990972	    0.100489	 0.000184414
          74	     0.10119	    0.100498	 0.000182165
          75	    0.100124	    0.100493	 0.000179805
          76	   0.0992578	    0.100477	 0.000178172
          77	   0.0987918	    0.100455	 0.000177197
          78	    0.100739	    0.100459	 0.000174963
          79	    0.100848	    0.100464	 0.000172818
          80	     0.10111	    0.100472	 0.000170846
          81	    0.101101	     0.10048	 0.000168913
          82	   0.0987725	    0.100459	 0.000168131
          83	    0.100431	    0.100458	 0.000166106
          84	    0.102356	    0.100481	 0.000165658
          85	   0.0998435	    0.100474	 0.000163879
          86	   0.0960852	    0.100422	 0.000169732
          87	   0.0978376	    0.100393	 0.000170361
          88	    0.100328	    0.100392	 0.000168427
          89	   0.0998701	    0.100386	 0.000166637
          90	   0.0999821	    0.100382	 0.000164846
          91	   0.0996996	    0.100374	 0.000163204
          92	    0.100736	    0.100378	 0.000161478
          93	   0.0993291	    0.100367	 0.000160135
          94	     0.10065	     0.10037	  0.00015846
          95	   0.0992816	    0.100358	 0.000157205
          96	    0.100283	    0.100358	  0.00015557
          97	    0.100837	    0.100363	 0.000154044
          98	   0.0993102	    0.100352	 0.000152846
          99	     0.10302	    0.100379	  0.00015366
         100	    0.100451	    0.100379	 0.000152126
