#     BLOCK:   ACTUAL_X:     X_AVE:       ERROR:
           1	      1.4779	      1.4779	           0
           2	     1.44153	     1.45972	   0.0128577
           3	     1.41732	     1.44558	   0.0143755
           4	     1.44258	     1.44483	   0.0108012
           5	     1.46421	     1.44871	  0.00931004
           6	     1.47838	     1.45365	  0.00897588
           7	     1.41682	     1.44839	  0.00910614
           8	     1.46205	      1.4501	  0.00812636
           9	     1.43047	     1.44792	  0.00751025
          10	     1.52445	     1.45557	  0.00991946
          11	     1.46631	     1.45655	  0.00906564
          12	     1.41018	     1.45268	   0.0090965
          13	     1.45108	     1.45256	   0.0083976
          14	     1.42015	     1.45024	  0.00811053
          15	     1.46916	     1.45151	  0.00766726
          16	     1.47697	      1.4531	  0.00735137
          17	     1.46341	      1.4537	  0.00694394
          18	     1.41061	     1.45131	  0.00695865
          19	     1.44332	     1.45089	   0.0066051
          20	     1.44527	     1.45061	  0.00628082
          21	     1.43276	     1.44976	  0.00603895
          22	     1.42047	     1.44843	  0.00590941
          23	     1.49709	     1.45054	  0.00601932
          24	     1.50499	     1.45281	  0.00618132
          25	     1.44096	     1.45234	  0.00595221
          26	     1.43977	     1.45185	  0.00574288
          27	     1.46216	     1.45224	  0.00554284
          28	     1.46142	     1.45256	  0.00535458
          29	     1.39247	     1.45049	  0.00555651
          30	     1.40611	     1.44901	  0.00556477
          31	     1.43264	     1.44848	  0.00541026
          32	     1.49543	     1.44995	  0.00543643
          33	     1.45333	     1.45005	  0.00527265
          34	     1.45447	     1.45018	  0.00511917
          35	     1.46613	     1.45064	  0.00499315
          36	     1.45304	     1.45071	   0.0048549
          37	      1.4302	     1.45015	  0.00475522
          38	     1.47153	     1.45071	  0.00466324
          39	     1.44701	     1.45062	  0.00454464
          40	     1.47221	     1.45116	  0.00446297
          41	     1.43856	     1.45085	  0.00436468
          42	     1.47014	     1.45131	  0.00428485
          43	     1.45165	     1.45132	  0.00418521
          44	      1.4666	     1.45167	  0.00410448
          45	     1.44303	     1.45147	  0.00401775
          46	     1.36558	     1.44961	   0.0043427
          47	     1.46398	     1.44991	  0.00426105
          48	      1.5077	     1.45112	  0.00433901
          49	      1.4822	     1.45175	  0.00429659
          50	     1.41624	     1.45104	  0.00426896
          51	     1.41863	     1.45041	   0.0042323
          52	     1.40534	     1.44954	  0.00423873
          53	     1.39175	     1.44845	  0.00429669
          54	     1.45672	      1.4486	  0.00421985
          55	     1.47248	     1.44904	   0.0041654
          56	     1.48878	     1.44975	  0.00415105
          57	     1.41275	      1.4491	  0.00412864
          58	     1.41576	     1.44852	  0.00409727
          59	     1.39457	     1.44761	  0.00412859
          60	     1.43336	     1.44737	   0.0040666
          61	     1.42332	     1.44698	    0.004019
          62	      1.4644	     1.44726	    0.003964
          63	     1.39643	     1.44645	  0.00398232
          64	     1.42576	     1.44613	  0.00393319
          65	     1.47807	     1.44662	  0.00390327
          66	     1.43303	     1.44641	  0.00384956
          67	       1.426	     1.44611	  0.00380413
          68	     1.37355	     1.44504	  0.00389498
          69	      1.4645	     1.44532	  0.00384872
          70	     1.41605	      1.4449	  0.00381639
          71	     1.45259	     1.44501	  0.00376417
          72	     1.49502	     1.44571	  0.00377543
          73	     1.44645	     1.44572	  0.00372373
          74	     1.45306	     1.44582	  0.00367473
          75	     1.43063	     1.44561	  0.00363131
          76	     1.38418	     1.44481	   0.0036724
          77	     1.44433	      1.4448	  0.00362472
          78	     1.46066	       1.445	  0.00358394
          79	     1.46113	     1.44521	  0.00354438
          80	     1.49137	     1.44578	  0.00354674
          81	     1.47938	      1.4462	  0.00352711
          82	     1.38111	      1.4454	  0.00357229
          83	     1.43061	     1.44523	  0.00353369
          84	     1.44401	     1.44521	  0.00349166
          85	     1.44946	     1.44526	  0.00345094
          86	     1.45201	     1.44534	   0.0034117
          87	      1.4982	     1.44595	  0.00342615
          88	     1.44727	     1.44596	  0.00338725
          89	     1.46045	     1.44613	   0.0033531
          90	     1.43599	     1.44601	  0.00331773
          91	     1.46186	     1.44619	  0.00328584
          92	     1.48334	     1.44659	  0.00327485
          93	     1.42852	      1.4464	   0.0032454
          94	     1.41325	     1.44604	  0.00322997
          95	     1.41169	     1.44568	  0.00321616
          96	     1.40799	     1.44529	  0.00320653
          97	     1.39357	     1.44476	   0.0032175
          98	     1.41443	     1.44445	  0.00319952
          99	     1.42706	     1.44427	  0.00317201
         100	     1.46405	     1.44447	  0.00314645
