#     BLOCK:   ACTUAL_M:     M_AVE:       ERROR:
           1	     0.99794	     0.99794	           0
           2	    0.578508	    0.788224	    0.148292
           3	   -0.999948	    0.192167	    0.496618
           4	   -0.999944	   -0.105861	     0.45315
           5	   -0.999556	     -0.2846	    0.396205
           6	   -0.999996	   -0.403833	    0.347649
           7	    -0.98058	   -0.486225	    0.307594
           8	          -1	   -0.550447	    0.275767
           9	   -0.999868	   -0.600383	    0.249607
          10	   -0.999956	    -0.64034	    0.227822
          11	   -0.999868	   -0.673024	    0.209442
          12	   -0.994444	   -0.699809	    0.193694
          13	   -0.999904	   -0.722894	    0.180165
          14	   -0.999928	   -0.742682	    0.168379
          15	   -0.998696	   -0.759749	    0.158016
          16	   -0.999932	   -0.774761	    0.148852
          17	   -0.998212	   -0.787905	    0.140675
          18	    -0.99996	   -0.799686	    0.133352
          19	   -0.992428	    -0.80983	    0.126719
          20	     -0.9999	   -0.819334	    0.120739
          21	   -0.999996	   -0.827937	    0.115295
          22	   -0.999164	    -0.83572	    0.110317
          23	    -0.99942	   -0.842837	     0.10575
          24	          -1	   -0.849386	    0.101546
          25	   -0.999868	   -0.855405	   0.0976625
          26	   -0.999624	   -0.860952	   0.0940637
          27	   -0.999948	     -0.8661	   0.0907206
          28	   -0.359896	   -0.848021	   0.0892637
          29	    0.999736	   -0.784305	    0.106525
          30	      0.9999	   -0.724832	    0.118419
          31	    0.998372	   -0.669245	    0.126977
          32	    0.993952	    -0.61727	    0.133222
          33	    0.997008	   -0.568352	    0.137874
          34	    0.363072	   -0.540957	    0.136513
          35	   -0.390536	    -0.53666	     0.13268
          36	    0.999892	   -0.493978	    0.135687
          37	    0.994456	    -0.45375	    0.137854
          38	    0.999612	   -0.415503	    0.139431
          39	    0.999988	   -0.379209	      0.1405
          40	    0.999968	   -0.344729	    0.141155
          41	    0.999744	   -0.311937	     0.14147
          42	    0.321064	   -0.296866	    0.138902
          43	   -0.996932	   -0.313146	    0.136622
          44	   -0.975128	   -0.328191	    0.134343
          45	   -0.999868	   -0.343118	    0.132184
          46	   -0.980044	   -0.356964	    0.130034
          47	   -0.999984	   -0.370645	    0.127985
          48	   -0.999984	   -0.383756	    0.125988
          49	   -0.999944	   -0.396332	    0.124043
          50	   -0.999952	   -0.408404	    0.122148
          51	   -0.579852	   -0.411766	      0.1198
          52	    0.984132	   -0.384921	    0.120466
          53	    0.991552	    -0.35895	     0.12096
          54	   -0.870608	   -0.368425	    0.119091
          55	   -0.998608	   -0.379883	    0.117475
          56	    0.401492	    -0.36593	    0.116203
          57	           1	   -0.341966	    0.116609
          58	    0.999844	   -0.318832	    0.116871
          59	    0.987792	   -0.296686	     0.11697
          60	    0.999828	   -0.275077	    0.116999
          61	    0.967848	   -0.254701	    0.116842
          62	    0.999924	   -0.234465	    0.116696
          63	     0.99888	   -0.214888	    0.116475
          64	    0.453412	   -0.204446	    0.115122
          65	    -0.99954	   -0.216678	    0.113999
          66	   -0.862832	   -0.226469	    0.112691
          67	    -0.83456	   -0.235545	    0.111374
          68	   -0.999892	   -0.246785	    0.110302
          69	   -0.999976	   -0.257701	    0.109242
          70	    -0.98432	   -0.268081	    0.108174
          71	   -0.999812	   -0.278387	     0.10714
          72	   -0.999948	   -0.288409	     0.10612
          73	    -0.99978	   -0.298154	    0.105112
          74	   -0.999924	   -0.307637	    0.104119
          75	    -0.99954	   -0.316862	    0.103138
          76	    0.540656	   -0.305579	    0.102397
          77	    0.944556	   -0.289344	    0.102346
          78	   -0.995896	   -0.298402	    0.101434
          79	   -0.999904	   -0.307282	    0.100538
          80	     -0.9977	   -0.315912	   0.0996507
          81	     -0.9995	   -0.324352	   0.0987772
          82	   -0.100048	   -0.321616	   0.0976105
          83	   -0.991908	   -0.329692	   0.0967679
          84	    0.481164	   -0.320039	   0.0960962
          85	    0.879128	   -0.305931	   0.0959957
          86	   -0.697244	   -0.310481	   0.0949872
          87	   -0.998452	   -0.318389	    0.094224
          88	    -0.99158	   -0.326039	   0.0934633
          89	   -0.999824	   -0.333609	   0.0927192
          90	   -0.007616	   -0.329987	   0.0917598
          91	     0.99996	   -0.315372	   0.0919079
          92	    0.122988	   -0.310608	   0.0910323
          93	   -0.993576	   -0.317951	   0.0903492
          94	   -0.999968	   -0.325207	   0.0896789
          95	   -0.998836	   -0.332298	   0.0890148
          96	   -0.994288	   -0.339193	   0.0883543
          97	   -0.999636	   -0.346002	   0.0877053
          98	   -0.860008	   -0.351247	   0.0869671
          99	     0.99794	   -0.337619	   0.0871499
         100	    0.999988	   -0.324243	   0.0872989
