#     BLOCK:   ACTUAL_M:     M_AVE:       ERROR:
               1	          0.0266	          0.0266	               0
               2	         0.07152	         0.04906	       0.0158816
               3	          0.0542	       0.0507733	       0.0106798
               4	         0.05644	         0.05219	      0.00810324
               5	         0.06792	        0.055336	      0.00706695
               6	          0.0384	       0.0525133	      0.00642817
               7	          0.0718	       0.0552686	      0.00607169
               8	           0.058	         0.05561	      0.00532232
               9	         0.03508	       0.0533289	      0.00519685
              10	         0.00488	        0.048484	      0.00655755
              11	         0.02344	       0.0462073	      0.00634434
              12	         0.04888	         0.04643	      0.00581956
              13	          0.0052	       0.0432585	      0.00617594
              14	         0.01928	       0.0415457	      0.00596757
              15	          0.0656	       0.0431493	      0.00578118
              16	         0.02156	          0.0418	       0.0055751
              17	         0.06728	       0.0432988	       0.0054449
              18	         0.01428	       0.0416867	      0.00537578
              19	         0.02264	       0.0406842	      0.00518547
              20	         0.01616	        0.039458	       0.0050691
              21	        -0.02824	       0.0362343	      0.00576232
              22	        -0.01452	       0.0339273	       0.0059443
              23	         0.04432	       0.0343791	        0.005703
              24	          0.0238	       0.0339383	      0.00548239
              25	         0.04444	       0.0343584	      0.00527916
              26	          0.0214	         0.03386	      0.00509959
              27	         0.02908	        0.033683	      0.00491379
              28	         0.07192	       0.0350486	       0.0049244
              29	           0.026	       0.0347366	      0.00476447
              30	         0.04244	       0.0349933	      0.00461257
              31	         0.07452	       0.0362684	      0.00463666
              32	         0.04648	       0.0365875	      0.00450273
              33	          0.0212	       0.0361212	      0.00439036
              34	         0.03212	       0.0360035	      0.00426281
              35	         0.06216	       0.0367509	      0.00420601
              36	         0.03296	       0.0366456	       0.0040905
              37	         0.10116	       0.0383892	      0.00433567
              38	        -0.01972	         0.03686	      0.00448314
              39	         0.05728	       0.0373836	      0.00439866
              40	         0.03484	         0.03732	      0.00428915
              41	          0.0752	       0.0382439	      0.00428289
              42	          0.0822	       0.0392905	      0.00430689
              43	         0.04068	       0.0393228	      0.00420685
              44	         0.03816	       0.0392964	      0.00411132
              45	         0.03096	       0.0391111	      0.00402413
              46	         0.06268	       0.0396235	      0.00396914
              47	         0.04332	       0.0397021	      0.00388546
              48	           0.029	       0.0394792	      0.00381091
              49	         0.05112	       0.0397167	      0.00374053
              50	         0.05468	        0.040016	      0.00367767
              51	         0.03732	       0.0399631	      0.00360594
              52	         0.02928	       0.0397577	      0.00354245
              53	         0.03224	       0.0396158	      0.00347845
              54	         0.00896	       0.0390481	      0.00346005
              55	          0.0766	       0.0397309	      0.00346384
              56	          0.0678	       0.0402321	      0.00343806
              57	        -0.02084	       0.0391607	      0.00354077
              58	         0.01756	       0.0387883	      0.00349925
              59	         0.00708	       0.0382508	      0.00348097
              60	         0.02528	       0.0380347	      0.00342966
              61	         0.01884	         0.03772	      0.00338784
              62	          0.0426	       0.0377987	      0.00333411
              63	         0.01444	       0.0374279	      0.00330174
              64	         0.04796	       0.0375925	      0.00325425
              65	         0.01068	       0.0371785	      0.00323041
              66	         0.03268	       0.0371103	      0.00318219
              67	        -0.00064	       0.0365469	      0.00318418
              68	         0.03608	         0.03654	      0.00313736
              69	        -0.00268	       0.0359716	      0.00314296
              70	          0.0412	       0.0360463	      0.00309895
              71	         0.02436	       0.0358817	      0.00305967
              72	           0.052	       0.0361056	      0.00302535
              73	         0.06108	       0.0364477	      0.00300319
              74	            0.02	       0.0362254	      0.00297082
              75	         0.07064	       0.0366843	      0.00296644
              76	         0.06748	       0.0370895	      0.00295495
              77	         0.03572	       0.0370717	      0.00291663
              78	         0.01608	       0.0368026	      0.00289162
              79	         0.06904	       0.0372106	      0.00288367
              80	         0.07116	        0.037635	      0.00287868
              81	         0.03656	       0.0376217	      0.00284317
              82	         0.01048	       0.0372907	       0.0028277
              83	         0.03472	       0.0372598	       0.0027938
              84	           0.068	       0.0376257	      0.00278441
              85	         0.00588	       0.0372522	      0.00277658
              86	         0.04556	       0.0373488	      0.00274598
              87	          0.0194	       0.0371425	      0.00272215
              88	        -0.00072	       0.0367123	      0.00272501
              89	         0.06592	       0.0370404	      0.00271408
              90	         0.04252	       0.0371013	      0.00268461
              91	         0.03008	       0.0370242	      0.00265622
              92	         0.01852	        0.036823	      0.00263495
              93	         0.02992	       0.0367488	      0.00260766
              94	         0.02904	       0.0366668	      0.00258121
              95	         0.08956	       0.0372236	       0.0026134
              96	         0.05128	         0.03737	      0.00259027
              97	          0.0398	       0.0373951	      0.00256369
              98	         0.05904	       0.0376159	      0.00254703
              99	        -0.00796	       0.0371556	      0.00256256
             100	         0.04076	       0.0371916	      0.00253719
             101	            0.02	       0.0370214	      0.00251778
             102	          0.0442	       0.0370918	      0.00249407
             103	         0.03424	       0.0370641	      0.00247001
             104	         0.04372	       0.0371281	      0.00244709
             105	         0.03852	       0.0371413	      0.00242382
             106	        -0.01088	       0.0366883	      0.00244293
             107	         0.04104	        0.036729	      0.00242043
             108	        -0.00124	       0.0363774	      0.00242342
             109	         0.03216	       0.0363387	       0.0024015
             110	        -0.00052	       0.0360036	      0.00240293
             111	         0.01888	       0.0358494	      0.00238623
             112	         0.05476	       0.0360182	      0.00237089
             113	         0.00304	       0.0357264	       0.0023678
             114	         0.02656	        0.035646	      0.00234839
             115	         0.04688	       0.0357437	         0.00233
             116	         0.03776	        0.035761	      0.00230998
             117	         0.03964	       0.0357942	      0.00229048
             118	          0.0098	       0.0355739	      0.00228164
             119	         0.03876	       0.0356007	      0.00226262
             120	        -0.01268	       0.0351983	      0.00227926
             121	        -0.00172	       0.0348932	      0.00228075
             122	         0.00464	       0.0346452	      0.00227549
             123	         0.04428	       0.0347236	      0.00225834
             124	          0.0646	       0.0349645	      0.00225295
             125	           0.051	       0.0350928	      0.00223857
             126	           0.026	       0.0350206	      0.00222197
             127	          0.0326	       0.0350016	      0.00220455
             128	          0.0428	       0.0350625	      0.00218817
             129	          0.0664	       0.0353054	      0.00218465
             130	         0.04544	       0.0353834	      0.00216924
             131	         0.01248	       0.0352085	      0.00215971
             132	         0.00688	       0.0349939	      0.00215399
             133	          0.0478	       0.0350902	      0.00213994
             134	         0.02848	       0.0350409	      0.00212454
             135	         0.04624	       0.0351239	      0.00211042
             136	         0.05608	       0.0352779	      0.00210052
             137	         0.02852	       0.0352286	      0.00208577
             138	         0.01084	       0.0350519	      0.00207813
             139	         0.03748	       0.0350694	      0.00206325
             140	         0.04584	       0.0351463	      0.00204995
             141	         0.02472	       0.0350723	      0.00203674
             142	         0.01296	       0.0349166	      0.00202835
             143	         0.04056	       0.0349561	      0.00201455
             144	         0.09604	       0.0353803	      0.00204473
             145	         0.04148	       0.0354223	      0.00203106
             146	         0.06596	       0.0356315	      0.00202789
             147	         0.03448	       0.0356237	      0.00201411
             148	          0.0678	       0.0358411	       0.0020122
             149	         0.07636	        0.036113	      0.00201699
             150	         0.03764	       0.0361232	      0.00200357
             151	           0.028	       0.0360694	      0.00199102
             152	         0.03892	       0.0360882	      0.00197801
             153	         0.02492	       0.0360152	      0.00196643
             154	         0.03432	       0.0360042	      0.00195369
             155	         0.05088	       0.0361001	      0.00194344
             156	         0.02408	       0.0360231	      0.00193251
             157	         0.01988	       0.0359203	      0.00192293
             158	         0.01536	       0.0357901	      0.00191516
             159	         0.01552	       0.0356626	      0.00190735
             160	         0.01088	       0.0355077	      0.00190171
             161	          0.0016	       0.0352971	      0.00190153
             162	         0.05804	       0.0354375	      0.00189496
             163	          0.0764	       0.0356888	      0.00189993
             164	         0.03176	       0.0356649	       0.0018885
             165	         0.04592	        0.035727	      0.00187807
             166	         0.06732	       0.0359173	      0.00187638
             167	         0.02252	       0.0358371	      0.00186686
             168	         0.03072	       0.0358067	      0.00185599
             169	         0.03452	       0.0357991	      0.00184503
             170	         0.03816	       0.0358129	      0.00183422
             171	         0.05184	       0.0359067	      0.00182589
             172	         0.04336	         0.03595	      0.00181579
             173	        -0.00048	       0.0357394	      0.00181746
             174	         0.03024	       0.0357078	      0.00180729
             175	         0.05108	       0.0357957	       0.0017991
             176	         0.04264	       0.0358345	       0.0017893
             177	         0.02844	       0.0357928	      0.00177968
             178	         0.04336	       0.0358353	      0.00177018
             179	         0.07548	       0.0360568	       0.0017741
             180	         0.04252	       0.0360927	       0.0017646
             181	          0.0756	       0.0363109	       0.0017683
             182	         0.06592	       0.0364736	      0.00176605
             183	         0.03968	       0.0364911	      0.00175649
             184	         0.03728	       0.0364954	      0.00174695
             185	          0.0144	        0.036376	      0.00174159
             186	          0.0398	       0.0363944	      0.00173232
             187	         0.01732	       0.0362924	      0.00172606
             188	         0.01432	       0.0361755	      0.00172083
             189	          0.0514	       0.0362561	      0.00171361
             190	         0.00176	       0.0360745	      0.00171418
             191	         0.07636	       0.0362854	      0.00171813
             192	         0.01648	       0.0361823	      0.00171228
             193	          0.0972	       0.0364984	      0.00173235
             194	        -0.00452	        0.036287	      0.00173627
             195	         0.03264	       0.0362683	      0.00172747
             196	         0.02276	       0.0361994	      0.00172003
             197	         0.01632	       0.0360985	      0.00171425
             198	         0.06272	       0.0362329	      0.00171086
             199	         0.07492	       0.0364273	      0.00171327
             200	         0.01324	       0.0363114	      0.00170863
