#     BLOCK:   ACTUAL_X:     X_AVE:       ERROR:
           1	    0.811362	    0.811362	           0
           2	     0.99337	    0.902366	   0.0643495
           3	    0.755673	    0.853468	   0.0586034
           4	    0.694786	    0.813798	   0.0557866
           5	    0.802833	    0.811605	   0.0446723
           6	    0.813292	    0.811886	   0.0372278
           7	    0.803767	    0.810726	   0.0319276
           8	    0.932763	    0.825981	   0.0313699
           9	    0.808685	    0.824059	   0.0279432
          10	    0.754335	    0.817086	   0.0260042
          11	    0.871564	    0.822039	   0.0241072
          12	    0.941852	    0.832023	   0.0240773
          13	    0.722646	     0.82361	   0.0236496
          14	    0.808591	    0.822537	   0.0219846
          15	    0.855035	    0.824704	   0.0206255
          16	    0.834553	    0.825319	   0.0193456
          17	    0.874521	    0.828213	   0.0184228
          18	    0.924047	    0.833537	   0.0181523
          19	    0.856436	    0.834743	   0.0172369
          20	    0.872996	    0.836655	   0.0164808
          21	    0.959533	    0.842507	   0.0167025
          22	    0.847969	    0.842755	   0.0159451
          23	    0.774599	    0.839792	   0.0155248
          24	    0.892794	       0.842	   0.0150342
          25	     0.85351	     0.84246	   0.0144399
          26	    0.917603	     0.84535	   0.0141707
          27	    0.799844	    0.843665	   0.0137458
          28	    0.852763	     0.84399	   0.0132587
          29	    0.799844	    0.842468	   0.0128886
          30	    0.917074	    0.844955	   0.0126966
          31	    0.834833	    0.844628	   0.0122912
          32	    0.786272	    0.842804	   0.0120417
          33	    0.980265	     0.84697	   0.0123763
          34	    0.821572	    0.846223	   0.0120348
          35	    0.845603	    0.846205	    0.011691
          36	    0.839035	    0.846006	   0.0113679
          37	    0.810179	    0.845038	   0.0111018
          38	    0.846475	    0.845076	   0.0108097
          39	     0.91337	    0.846827	   0.0106735
          40	    0.913619	    0.848496	   0.0105364
          41	     0.82207	    0.847852	   0.0102991
          42	    0.875393	    0.848508	   0.0100748
          43	    0.916389	    0.850086	  0.00996339
          44	    0.986802	    0.853193	     0.01021
          45	    0.921276	    0.854706	   0.0100945
          46	    0.835175	    0.854282	  0.00988402
          47	    0.768809	    0.852463	   0.0098396
          48	    0.881058	    0.853059	  0.00965262
          49	    0.928436	    0.854597	  0.00957742
          50	    0.962459	    0.856755	  0.00962576
          51	    0.926755	    0.858127	  0.00953437
          52	    0.986708	      0.8606	  0.00966635
          53	    0.739113	    0.858308	  0.00975196
          54	     0.92828	    0.859603	  0.00965707
          55	     0.87172	    0.859824	    0.009484
          56	    0.785152	     0.85849	  0.00940791
          57	    0.749946	    0.856586	  0.00943362
          58	    0.885012	    0.857076	   0.0092837
          59	    0.832685	    0.856663	  0.00913555
          60	    0.836794	    0.856332	  0.00898929
          61	    0.834086	    0.855967	  0.00884932
          62	    0.975938	    0.857902	  0.00891563
          63	    0.748078	    0.856159	  0.00894292
          64	    0.842864	    0.855951	  0.00880559
          65	    0.788763	    0.854917	  0.00873058
          66	    0.864187	    0.855058	  0.00859943
          67	    0.861105	    0.855148	  0.00847155
          68	    0.871844	    0.855393	  0.00835053
          69	    0.944062	    0.856679	   0.0083278
          70	    0.807222	    0.855972	  0.00823875
          71	    0.734257	    0.854258	  0.00829915
          72	    0.773105	    0.853131	  0.00826006
          73	    0.913121	    0.853952	  0.00818769
          74	    0.795798	    0.853166	  0.00811467
          75	    0.786179	    0.852273	  0.00805548
          76	    0.792187	    0.851483	  0.00798819
          77	    0.791969	     0.85071	  0.00792175
          78	    0.809245	    0.850178	  0.00783801
          79	    0.811268	    0.849686	  0.00775425
          80	    0.896934	    0.850276	  0.00767978
          81	    0.769245	    0.849276	  0.00764985
          82	    0.934911	     0.85032	  0.00762751
          83	    0.940918	    0.851412	  0.00761331
          84	    0.838163	    0.851254	  0.00752431
          85	    0.825556	    0.850952	  0.00744186
          86	     0.85158	    0.850959	  0.00735533
          87	    0.837696	    0.850807	  0.00727237
          88	    0.777245	    0.849971	  0.00723761
          89	    0.774755	    0.849126	  0.00720546
          90	    0.960093	    0.850358	  0.00723012
          91	     0.93849	    0.851327	  0.00721524
          92	    0.825494	    0.851046	  0.00714228
          93	    0.940047	    0.852003	  0.00712931
          94	    0.952156	    0.853069	  0.00713263
          95	    0.783658	    0.852338	  0.00709487
          96	    0.902724	    0.852863	  0.00704036
          97	    0.892233	    0.853269	  0.00697947
          98	    0.870257	    0.853442	   0.0069104
          99	     0.84414	    0.853348	  0.00684124
         100	    0.779549	     0.85261	  0.00681251
