#     BLOCK:   ACTUAL_X:     X_AVE:       ERROR:
           1	    0.774564	    0.774564	           0
           2	    0.844073	    0.809319	   0.0245752
           3	    0.696147	    0.771595	   0.0348877
           4	    0.643663	    0.739612	   0.0381029
           5	    0.730344	    0.737758	   0.0305273
           6	    0.710593	    0.733231	    0.025773
           7	    0.708425	    0.729687	   0.0223334
           8	    0.818901	    0.740839	   0.0221517
           9	    0.715516	    0.738025	   0.0198683
          10	    0.663267	    0.730549	   0.0192365
          11	    0.758271	     0.73307	   0.0176521
          12	       0.816	     0.73998	   0.0174816
          13	    0.657582	    0.733642	   0.0172477
          14	    0.725685	    0.733074	   0.0160251
          15	    0.728879	    0.732794	   0.0149592
          16	    0.727912	    0.732489	   0.0140273
          17	    0.814095	    0.737289	   0.0139995
          18	    0.817231	    0.741731	   0.0139084
          19	    0.770491	    0.743244	   0.0132585
          20	    0.749919	    0.743578	   0.0125998
          21	    0.830212	    0.747703	   0.0126571
          22	    0.759912	    0.748258	    0.012094
          23	    0.683634	    0.745449	   0.0118901
          24	    0.788894	    0.747259	   0.0115316
          25	    0.743531	     0.74711	   0.0110713
          26	    0.835897	    0.750525	   0.0111597
          27	    0.706227	    0.748884	   0.0108663
          28	    0.731692	     0.74827	   0.0104956
          29	    0.739663	    0.747973	   0.0101379
          30	    0.777201	    0.748947	  0.00984665
          31	    0.796864	    0.750493	  0.00964957
          32	    0.713875	    0.749349	  0.00941563
          33	    0.879678	    0.753298	  0.00992407
          34	    0.733392	    0.752713	  0.00964944
          35	    0.698462	    0.751163	  0.00949743
          36	    0.741626	    0.750898	   0.0092373
          37	    0.738022	     0.75055	   0.0089942
          38	    0.737553	    0.750208	  0.00876401
          39	    0.862154	    0.753078	  0.00899708
          40	    0.797451	    0.754188	  0.00884028
          41	    0.786608	    0.754978	  0.00865995
          42	    0.809875	    0.756285	  0.00855184
          43	    0.853832	    0.758554	   0.0086486
          44	    0.853597	    0.760714	  0.00871762
          45	    0.797363	    0.761528	  0.00856185
          46	    0.739487	    0.761049	  0.00838912
          47	    0.703531	    0.759825	  0.00829941
          48	    0.759443	    0.759817	  0.00812651
          49	    0.821216	     0.76107	  0.00805669
          50	    0.801289	    0.761875	  0.00793561
          51	    0.844103	    0.763487	  0.00794211
          52	    0.890842	    0.765936	  0.00815827
          53	    0.683956	     0.76439	  0.00814965
          54	    0.821158	    0.765441	  0.00806625
          55	     0.77515	    0.765617	  0.00792153
          56	    0.700777	    0.764459	  0.00786424
          57	    0.667634	    0.762761	   0.0079076
          58	    0.764952	    0.762799	  0.00777135
          59	    0.726154	    0.762177	  0.00766441
          60	    0.729319	     0.76163	  0.00755621
          61	    0.745289	    0.761362	  0.00743709
          62	     0.88885	    0.763418	  0.00759608
          63	    0.679238	    0.762082	  0.00759212
          64	     0.77556	    0.762293	  0.00747642
          65	    0.677861	    0.760994	  0.00747338
          66	    0.706608	     0.76017	  0.00740544
          67	    0.803223	    0.760812	  0.00732274
          68	    0.770637	    0.760957	  0.00721647
          69	    0.823824	    0.761868	  0.00716917
          70	    0.713289	    0.761174	  0.00710027
          71	    0.661245	    0.759766	  0.00713839
          72	    0.693597	    0.758847	  0.00709816
          73	    0.775766	    0.759079	  0.00700471
          74	    0.721143	    0.758566	  0.00692879
          75	    0.737582	    0.758287	  0.00684205
          76	    0.690549	    0.757395	  0.00680982
          77	    0.692952	    0.756558	  0.00677262
          78	    0.695355	    0.755774	  0.00673109
          79	    0.752615	    0.755734	  0.00664601
          80	    0.798769	    0.756272	  0.00658467
          81	    0.742447	    0.756101	  0.00650559
          82	    0.834256	    0.757054	  0.00649569
          83	    0.779897	    0.757329	  0.00642326
          84	    0.770256	    0.757483	  0.00634864
          85	    0.759355	    0.757505	  0.00627398
          86	    0.738256	    0.757282	  0.00620502
          87	    0.742711	    0.757114	  0.00613596
          88	    0.695473	    0.756414	  0.00610608
          89	    0.699634	    0.755776	  0.00607071
          90	    0.833201	    0.756636	  0.00606391
          91	    0.810432	    0.757227	  0.00602602
          92	    0.728322	    0.756913	  0.00596871
          93	    0.806359	    0.757445	  0.00592816
          94	    0.845421	     0.75838	  0.00593852
          95	    0.704059	    0.757809	  0.00590347
          96	    0.752821	    0.757757	   0.0058422
          97	    0.806388	    0.758258	  0.00580345
          98	    0.816352	    0.758851	  0.00577442
          99	    0.755868	    0.758821	  0.00571618
         100	    0.654183	    0.757774	  0.00575399
