#     BLOCK:   ACTUAL_M:     M_AVE:       ERROR:
           1	    -0.02156	    -0.02156	           0
           2	    -0.02016	    -0.02086	 0.000494975
           3	     -0.0132	  -0.0183067	  0.00211074
           4	     -0.0238	    -0.01968	  0.00198005
           5	      0.0006	   -0.015624	  0.00395855
           6	    -0.01268	  -0.0151333	  0.00332906
           7	    -0.01352	  -0.0149029	  0.00286145
           8	    -0.03616	    -0.01756	  0.00352799
           9	    -0.03216	  -0.0191822	  0.00348907
          10	    -0.02504	   -0.019768	  0.00318896
          11	     -0.0204	  -0.0198255	  0.00289957
          12	    -0.02228	    -0.02003	  0.00266515
          13	    -0.03092	  -0.0208677	  0.00258844
          14	    -0.01816	  -0.0206743	  0.00241076
          15	     -0.0242	  -0.0209093	  0.00226148
          16	    -0.03544	  -0.0218175	  0.00229525
          17	     0.00148	  -0.0204471	  0.00253658
          18	    -0.04124	  -0.0216022	  0.00264565
          19	    -0.02292	  -0.0216716	  0.00250732
          20	    -0.02328	   -0.021752	  0.00238324
          21	    -0.03884	  -0.0225657	  0.00240466
          22	    -0.05852	     -0.0242	  0.00279609
          23	     0.00164	  -0.0230765	  0.00289144
          24	    -0.01444	  -0.0227167	  0.00279326
          25	    -0.01368	  -0.0223552	  0.00270482
          26	    -0.03016	  -0.0226554	  0.00261739
          27	    -0.02312	  -0.0226726	  0.00252051
          28	     -0.0032	  -0.0219771	  0.00252461
          29	    -0.02824	  -0.0221931	  0.00244677
          30	    -0.01356	  -0.0219053	  0.00238208
          31	     0.02444	  -0.0204103	  0.00273442
          32	     -0.0036	   -0.019885	  0.00269896
          33	    -0.01532	  -0.0197467	  0.00262072
          34	    -0.01704	  -0.0196671	  0.00254485
          35	    -0.03512	  -0.0201086	  0.00251014
          36	    -0.01928	  -0.0200856	  0.00244052
          37	     0.03408	  -0.0186216	  0.00277916
          38	    -0.05192	  -0.0194979	  0.00284081
          39	    -0.01136	  -0.0192892	  0.00277562
          40	    -0.01876	   -0.019276	  0.00270627
          41	     0.00576	  -0.0186654	  0.00270827
          42	      -4e-05	  -0.0182219	  0.00267985
          43	    -0.02196	  -0.0183088	  0.00261894
          44	     -0.0264	  -0.0184927	  0.00256587
          45	     0.00212	  -0.0180347	  0.00254941
          46	    -0.00172	    -0.01768	  0.00251853
          47	    -0.02044	  -0.0177387	  0.00246563
          48	    -0.04784	  -0.0183658	  0.00249274
          49	     -0.0076	  -0.0181461	  0.00245153
          50	    -0.02536	  -0.0182904	  0.00240674
          51	     -0.0268	  -0.0184573	  0.00236533
          52	     -0.0204	  -0.0184946	  0.00232014
          53	    -0.02936	  -0.0186996	   0.0022854
          54	    -0.01392	  -0.0186111	  0.00224479
          55	    -0.00636	  -0.0183884	    0.002215
          56	    -0.02052	  -0.0184264	  0.00217577
          57	     -0.0536	  -0.0190435	  0.00222339
          58	    -0.03884	  -0.0193848	   0.0022111
          59	    -0.03544	  -0.0196569	   0.0021903
          60	    -0.03072	  -0.0198413	  0.00216154
          61	    -0.02448	  -0.0199174	  0.00212744
          62	    -0.04996	  -0.0204019	   0.0021476
          63	      -0.036	  -0.0206495	  0.00212774
          64	    -0.01716	   -0.020595	  0.00209519
          65	    -0.02032	  -0.0205908	  0.00206296
          66	    -0.03212	  -0.0207655	  0.00203909
          67	    -0.03804	  -0.0210233	  0.00202489
          68	    -0.01312	  -0.0209071	  0.00199844
          69	    -0.02244	  -0.0209293	   0.0019696
          70	    -0.01768	  -0.0208829	  0.00194201
          71	    -0.04556	  -0.0212304	  0.00194552
          72	    -0.01008	  -0.0210756	  0.00192465
          73	     -0.0136	  -0.0209732	  0.00190101
          74	    -0.03008	  -0.0210962	   0.0018793
          75	    -0.00228	  -0.0208453	  0.00187091
          76	    -0.01464	  -0.0207637	  0.00184807
          77	    -0.02172	  -0.0207761	  0.00182411
          78	    -0.02252	  -0.0207985	  0.00180086
          79	    -0.00144	  -0.0205534	  0.00179466
          80	    -0.01456	  -0.0204785	  0.00177379
          81	    -0.01152	  -0.0203679	  0.00175534
          82	    -0.02512	  -0.0204259	  0.00173489
          83	     -0.0434	  -0.0207027	  0.00173593
          84	     -0.0028	  -0.0204895	  0.00172829
          85	    -0.01852	  -0.0204664	  0.00170812
          86	    -0.03376	  -0.0206209	  0.00169524
          87	    -0.03152	  -0.0207462	  0.00168037
          88	    -0.04148	  -0.0209818	  0.00167771
          89	    -0.02456	   -0.021022	  0.00165934
          90	    -0.00556	  -0.0208502	  0.00164978
          91	    -0.02904	  -0.0209402	   0.0016341
          92	     -0.0102	  -0.0208235	   0.0016205
          93	    -0.02472	  -0.0208654	  0.00160362
          94	    -0.03516	  -0.0210174	  0.00159375
          95	    -0.01556	    -0.02096	  0.00157801
          96	    -0.04128	  -0.0211717	  0.00157571
          97	    -0.03652	  -0.0213299	  0.00156739
          98	    -0.03248	  -0.0214437	  0.00155552
          99	    -0.04892	  -0.0217212	  0.00156437
         100	     -0.0344	   -0.021848	  0.00155385
