#     BLOCK:   ACTUAL_TE:    TE_AVE:      ERROR:
           1	   -0.784168	   -0.784168	           0
           2	   -0.769084	   -0.776626	    0.005333
           3	   -0.785177	   -0.779476	  0.00424928
           4	   -0.764842	   -0.775818	  0.00449389
           5	   -0.780915	   -0.776837	  0.00370895
           6	   -0.781062	   -0.777541	  0.00315693
           7	   -0.779705	   -0.777851	  0.00272102
           8	   -0.765878	   -0.776354	  0.00276198
           9	   -0.763921	   -0.774972	  0.00277918
          10	   -0.776253	     -0.7751	  0.00250421
          11	   -0.771429	   -0.774767	   0.0022987
          12	   -0.784519	   -0.775579	  0.00224621
          13	   -0.780182	   -0.775933	  0.00210114
          14	   -0.770275	   -0.775529	  0.00198955
          15	   -0.768454	   -0.775058	    0.001912
          16	    -0.78358	    -0.77559	  0.00186522
          17	   -0.778931	   -0.775787	  0.00176583
          18	   -0.771248	   -0.775535	  0.00168563
          19	   -0.771178	   -0.775305	  0.00161243
          20	   -0.782139	   -0.775647	   0.0015676
          21	   -0.788023	   -0.776236	   0.0015999
          22	   -0.782306	   -0.776512	  0.00155078
          23	    -0.76778	   -0.776133	  0.00152912
          24	   -0.782094	   -0.776381	  0.00148545
          25	   -0.779889	   -0.776521	  0.00143264
          26	   -0.777672	   -0.776566	  0.00137822
          27	    -0.78122	   -0.776738	  0.00133792
          28	   -0.769544	   -0.776481	  0.00131457
          29	   -0.782488	   -0.776688	  0.00128546
          30	   -0.762173	   -0.776204	  0.00133056
          31	   -0.760337	   -0.775692	  0.00138259
          32	   -0.786097	   -0.776018	  0.00137708
          33	   -0.773286	   -0.775935	  0.00133784
          34	   -0.766941	    -0.77567	  0.00132438
          35	   -0.791251	   -0.776115	   0.0013593
          36	    -0.79013	   -0.776505	  0.00137616
          37	   -0.773699	   -0.776429	  0.00134105
          38	   -0.785434	   -0.776666	  0.00132653
          39	   -0.773118	   -0.776575	  0.00129564
          40	   -0.770492	   -0.776423	  0.00127214
          41	    -0.77004	   -0.776267	   0.0012506
          42	   -0.783841	   -0.776447	  0.00123376
          43	    -0.78012	   -0.776533	  0.00120802
          44	   -0.755331	   -0.776051	  0.00127304
          45	   -0.782874	   -0.776203	  0.00125375
          46	   -0.759608	   -0.775842	  0.00127734
          47	   -0.786035	   -0.776059	  0.00126844
          48	   -0.770288	   -0.775939	   0.0012477
          49	   -0.752428	   -0.775459	  0.00131125
          50	   -0.774588	   -0.775441	  0.00128514
          51	   -0.781138	   -0.775553	  0.00126479
          52	   -0.776994	   -0.775581	  0.00124077
          53	   -0.763976	   -0.775362	  0.00123652
          54	   -0.793241	   -0.775693	  0.00125717
          55	   -0.783193	   -0.775829	  0.00124169
          56	   -0.785397	      -0.776	  0.00123121
          57	   -0.767723	   -0.775855	  0.00121814
          58	    -0.76893	   -0.775735	  0.00120298
          59	   -0.782622	   -0.775852	  0.00118824
          60	   -0.782476	   -0.775963	  0.00117355
          61	   -0.769275	   -0.775853	  0.00115942
          62	   -0.789638	   -0.776075	  0.00116185
          63	   -0.794188	   -0.776363	  0.00117844
          64	   -0.762209	   -0.776142	   0.0011806
          65	   -0.771419	   -0.776069	  0.00116467
          66	   -0.775412	   -0.776059	  0.00114706
          67	   -0.771716	   -0.775994	  0.00113177
          68	   -0.767485	   -0.775869	  0.00112203
          69	   -0.779614	   -0.775923	  0.00110708
          70	   -0.773346	   -0.775887	  0.00109187
          71	   -0.773623	   -0.775855	  0.00107696
          72	   -0.783789	   -0.775965	  0.00106762
          73	   -0.777778	    -0.77599	  0.00105329
          74	   -0.771602	    -0.77593	  0.00104072
          75	   -0.781478	   -0.776004	  0.00102947
          76	   -0.775629	   -0.775999	  0.00101594
          77	    -0.78459	   -0.776111	  0.00100885
          78	   -0.783786	   -0.776209	  0.00100071
          79	   -0.783867	   -0.776306	 0.000992722
          80	   -0.765852	   -0.776176	 0.000988876
          81	   -0.780182	   -0.776225	 0.000977904
          82	   -0.771979	   -0.776173	 0.000967349
          83	   -0.773333	   -0.776139	 0.000956299
          84	   -0.774671	   -0.776122	 0.000945074
          85	   -0.778245	   -0.776147	 0.000934286
          86	   -0.768889	   -0.776062	 0.000927226
          87	   -0.772789	   -0.776025	 0.000917331
          88	    -0.77273	   -0.775987	 0.000907671
          89	   -0.786862	   -0.776109	  0.00090566
          90	   -0.782084	   -0.776176	 0.000898027
          91	   -0.774015	   -0.776152	 0.000888472
          92	   -0.777353	   -0.776165	  0.00087891
          93	   -0.783326	   -0.776242	 0.000872826
          94	   -0.769766	   -0.776173	 0.000866255
          95	   -0.785517	   -0.776272	 0.000862702
          96	   -0.769475	   -0.776201	 0.000856615
          97	   -0.781834	   -0.776259	 0.000849751
          98	   -0.780587	   -0.776303	 0.000842227
          99	   -0.791858	    -0.77646	  0.00084825
         100	   -0.775621	   -0.776452	 0.000839809
