#     BLOCK:   ACTUAL_TE:    TE_AVE:      ERROR:
               1	       -0.650672	       -0.650672	               0
               2	       -0.653752	       -0.652212	      0.00108894
               3	       -0.649368	       -0.651264	      0.00106121
               4	        -0.64752	       -0.650328	      0.00113602
               5	         -0.6494	       -0.650142	     0.000923851
               6	       -0.648536	       -0.649875	      0.00080774
               7	       -0.651312	        -0.65008	     0.000717973
               8	         -0.6494	       -0.649995	     0.000633238
               9	       -0.650416	       -0.650042	     0.000564603
              10	       -0.650704	       -0.650108	     0.000512012
              11	       -0.650952	       -0.650185	     0.000471179
              12	       -0.650624	       -0.650221	     0.000433334
              13	        -0.64984	       -0.650192	     0.000400992
              14	       -0.653728	       -0.650445	     0.000444837
              15	       -0.649104	       -0.650355	     0.000424064
              16	       -0.649568	       -0.650306	     0.000400404
              17	       -0.649152	       -0.650238	     0.000382562
              18	        -0.64632	        -0.65002	      0.00041868
              19	       -0.652384	       -0.650145	     0.000414713
              20	       -0.645896	       -0.649932	     0.000445077
              21	        -0.65108	       -0.649987	     0.000427224
              22	       -0.648968	       -0.649941	     0.000410308
              23	       -0.650912	       -0.649983	     0.000394636
              24	       -0.651216	       -0.650034	     0.000381523
              25	       -0.651016	       -0.650074	     0.000368277
              26	        -0.65348	       -0.650205	     0.000376697
              27	       -0.646552	       -0.650069	     0.000386274
              28	       -0.649776	       -0.650059	      0.00037262
              29	       -0.651136	       -0.650096	     0.000361618
              30	       -0.649032	       -0.650061	     0.000351299
              31	        -0.64608	       -0.649932	     0.000362675
              32	       -0.651424	       -0.649979	     0.000354325
              33	       -0.647936	       -0.649917	     0.000348953
              34	       -0.649856	       -0.649915	     0.000338694
              35	        -0.65444	       -0.650044	      0.00035283
              36	       -0.650088	       -0.650046	     0.000343032
              37	       -0.649616	       -0.650034	     0.000333957
              38	       -0.645832	       -0.649923	     0.000342987
              39	       -0.648488	       -0.649887	     0.000336161
              40	       -0.647432	       -0.649825	     0.000333311
              41	        -0.65168	        -0.64987	     0.000328237
              42	       -0.653744	       -0.649963	     0.000333127
              43	       -0.652136	       -0.650013	     0.000329192
              44	       -0.651952	       -0.650057	     0.000324646
              45	       -0.645904	       -0.649965	     0.000330291
              46	       -0.650656	        -0.64998	     0.000323452
              47	       -0.649824	       -0.649977	     0.000316587
              48	       -0.650864	       -0.649995	     0.000310531
              49	       -0.651184	       -0.650019	      0.00030514
              50	       -0.653528	        -0.65009	     0.000306999
              51	       -0.649544	       -0.650079	     0.000301166
              52	       -0.650664	        -0.65009	     0.000295584
              53	       -0.649808	       -0.650085	     0.000290055
              54	        -0.64728	       -0.650033	     0.000289297
              55	       -0.652128	       -0.650071	     0.000286534
              56	       -0.649888	       -0.650068	     0.000281436
              57	       -0.651576	       -0.650094	      0.00027774
              58	        -0.64804	       -0.650059	       0.0002752
              59	        -0.65028	       -0.650063	     0.000270561
              60	       -0.650944	       -0.650077	     0.000266451
              61	       -0.649536	       -0.650068	      0.00026223
              62	       -0.651352	       -0.650089	     0.000258817
              63	       -0.652224	       -0.650123	     0.000256917
              64	       -0.651368	       -0.650142	     0.000253639
              65	        -0.64824	       -0.650113	     0.000251419
              66	       -0.647304	       -0.650071	     0.000251187
              67	       -0.650184	       -0.650072	     0.000247443
              68	       -0.649008	       -0.650057	     0.000244299
              69	       -0.653824	       -0.650111	     0.000246785
              70	       -0.650656	       -0.650119	     0.000243382
              71	       -0.648256	       -0.650093	     0.000241364
              72	       -0.650528	       -0.650099	     0.000238088
              73	       -0.653208	       -0.650141	     0.000238605
              74	       -0.650472	       -0.650146	     0.000235423
              75	       -0.645672	       -0.650086	     0.000239722
              76	         -0.6508	       -0.650096	     0.000236752
              77	       -0.651832	       -0.650118	     0.000234748
              78	       -0.650208	       -0.650119	     0.000231742
              79	        -0.64776	       -0.650089	     0.000230725
              80	       -0.650544	       -0.650095	      0.00022791
              81	       -0.650928	       -0.650105	     0.000225329
              82	       -0.648424	       -0.650085	     0.000223512
              83	       -0.649264	       -0.650075	     0.000221037
              84	        -0.65048	        -0.65008	     0.000218459
              85	       -0.649448	       -0.650072	     0.000216015
              86	       -0.648224	       -0.650051	      0.00021457
              87	       -0.652552	        -0.65008	     0.000214021
              88	        -0.64676	       -0.650042	     0.000214887
              89	       -0.653456	        -0.65008	      0.00021587
              90	       -0.648744	       -0.650065	     0.000213981
              91	        -0.64764	       -0.650039	     0.000213283
              92	       -0.651392	       -0.650053	     0.000211471
              93	       -0.649832	       -0.650051	     0.000209211
              94	        -0.65244	       -0.650077	     0.000208523
              95	       -0.650248	       -0.650078	     0.000206336
              96	       -0.648544	       -0.650062	     0.000204805
              97	        -0.64848	       -0.650046	     0.000203342
              98	       -0.651896	       -0.650065	     0.000202141
              99	        -0.65464	       -0.650111	     0.000205314
             100	       -0.652232	       -0.650132	     0.000204354
             101	       -0.652824	       -0.650159	     0.000204061
             102	        -0.64928	        -0.65015	     0.000202242
             103	       -0.648632	       -0.650136	     0.000200815
             104	       -0.650048	       -0.650135	     0.000198886
             105	       -0.652064	       -0.650153	     0.000197838
             106	       -0.646912	       -0.650123	     0.000198321
             107	       -0.650328	       -0.650124	     0.000196477
             108	       -0.650448	       -0.650127	      0.00019468
             109	       -0.649512	       -0.650122	     0.000192976
             110	       -0.649584	       -0.650117	     0.000191284
             111	       -0.648016	       -0.650098	     0.000190495
             112	       -0.648272	       -0.650082	      0.00018949
             113	       -0.651056	        -0.65009	     0.000188009
             114	       -0.649664	       -0.650087	     0.000186397
             115	       -0.647936	       -0.650068	     0.000185712
             116	       -0.646224	       -0.650035	     0.000187044
             117	       -0.648664	       -0.650023	     0.000185812
             118	       -0.651048	       -0.650032	      0.00018444
             119	       -0.650216	       -0.650033	     0.000182897
             120	       -0.647344	       -0.650011	     0.000182741
             121	       -0.648976	       -0.650002	      0.00018143
             122	       -0.652776	       -0.650025	     0.000181362
             123	       -0.648712	       -0.650014	     0.000180202
             124	       -0.648568	       -0.650003	     0.000179125
             125	        -0.65088	        -0.65001	      0.00017783
             126	       -0.650984	       -0.650017	     0.000176587
             127	       -0.647648	       -0.649999	     0.000176179
             128	       -0.650624	       -0.650004	      0.00017487
             129	        -0.64892	       -0.649995	     0.000173716
             130	        -0.64896	       -0.649987	     0.000172563
             131	         -0.6508	       -0.649994	     0.000171357
             132	       -0.649648	       -0.649991	     0.000170079
             133	       -0.651344	       -0.650001	     0.000169104
             134	       -0.645216	       -0.649965	     0.000171571
             135	       -0.649056	       -0.649959	     0.000170432
             136	       -0.648448	       -0.649948	      0.00016954
             137	       -0.651864	       -0.649962	     0.000168879
             138	       -0.650208	       -0.649963	     0.000167665
             139	       -0.650544	       -0.649967	     0.000166511
             140	       -0.650288	        -0.64997	     0.000165337
             141	         -0.6512	       -0.649978	     0.000164394
             142	        -0.65016	        -0.64998	     0.000163242
             143	       -0.646144	       -0.649953	     0.000164289
             144	       -0.650312	       -0.649955	     0.000163167
             145	       -0.650968	       -0.649962	     0.000162191
             146	       -0.654664	       -0.649995	     0.000164246
             147	         -0.6432	       -0.649948	     0.000169508
             148	       -0.650336	       -0.649951	     0.000168383
             149	       -0.646368	       -0.649927	     0.000168961
             150	       -0.649136	       -0.649922	     0.000167917
             151	       -0.645728	       -0.649894	     0.000169086
             152	       -0.648496	       -0.649885	     0.000168224
             153	       -0.651576	       -0.649896	     0.000167487
             154	        -0.64548	       -0.649867	     0.000168836
             155	       -0.650744	       -0.649873	     0.000167841
             156	       -0.650424	       -0.649876	     0.000166803
             157	        -0.64392	       -0.649838	         0.00017
             158	       -0.648832	       -0.649832	     0.000169043
             159	       -0.646272	        -0.64981	     0.000169456
             160	       -0.653144	        -0.64983	     0.000169674
             161	       -0.648376	       -0.649821	      0.00016886
             162	        -0.64788	       -0.649809	     0.000168243
             163	       -0.650784	       -0.649815	     0.000167317
             164	       -0.649568	       -0.649814	     0.000166303
             165	       -0.652168	       -0.649828	     0.000165906
             166	        -0.65196	       -0.649841	     0.000165403
             167	       -0.650616	       -0.649846	     0.000164478
             168	       -0.649928	       -0.649846	       0.0001635
             169	       -0.656744	       -0.649887	     0.000167549
             170	       -0.649696	       -0.649886	     0.000166567
             171	       -0.648008	       -0.649875	     0.000165955
             172	       -0.650864	       -0.649881	      0.00016509
             173	       -0.650152	       -0.649882	     0.000164143
             174	       -0.652144	       -0.649895	     0.000163713
             175	       -0.651688	       -0.649905	     0.000163098
             176	       -0.648688	       -0.649899	     0.000162318
             177	       -0.650864	       -0.649904	     0.000161493
             178	         -0.6534	       -0.649924	     0.000161775
             179	       -0.652344	       -0.649937	     0.000161436
             180	       -0.652848	       -0.649953	     0.000161347
             181	       -0.647112	       -0.649938	     0.000161217
             182	       -0.646592	       -0.649919	     0.000161376
             183	        -0.64992	       -0.649919	     0.000160494
             184	       -0.651256	       -0.649926	     0.000159786
             185	       -0.649776	       -0.649926	     0.000158925
             186	       -0.647664	       -0.649914	     0.000158535
             187	       -0.649384	       -0.649911	     0.000157712
             188	       -0.650584	       -0.649914	     0.000156914
             189	        -0.64896	       -0.649909	     0.000156165
             190	       -0.653624	       -0.649929	     0.000156562
             191	        -0.64832	        -0.64992	     0.000155969
             192	       -0.651968	       -0.649931	     0.000155521
             193	       -0.650808	       -0.649936	     0.000154781
             194	       -0.647344	       -0.649922	     0.000154559
             195	       -0.649624	       -0.649921	     0.000153774
             196	       -0.652248	       -0.649933	     0.000153447
             197	       -0.651592	       -0.649941	     0.000152899
             198	       -0.650368	       -0.649943	     0.000152142
             199	       -0.650312	       -0.649945	     0.000151389
             200	       -0.650904	        -0.64995	     0.000150708
             201	       -0.649176	       -0.649946	     0.000150007
             202	       -0.649912	       -0.649946	     0.000149265
             203	         -0.6532	       -0.649962	     0.000149388
             204	       -0.652896	       -0.649976	     0.000149346
             205	       -0.648944	       -0.649971	     0.000148703
             206	       -0.645872	       -0.649951	     0.000149306
             207	        -0.64992	       -0.649951	     0.000148585
             208	        -0.64656	       -0.649935	     0.000148762
             209	        -0.64984	       -0.649934	     0.000148051
             210	       -0.647672	       -0.649924	     0.000147738
             211	       -0.648976	       -0.649919	     0.000147106
             212	        -0.64864	       -0.649913	     0.000146536
             213	       -0.649408	       -0.649911	     0.000145867
             214	       -0.648304	       -0.649903	     0.000145378
             215	       -0.652176	       -0.649914	     0.000145086
             216	       -0.650192	       -0.649915	      0.00014442
             217	       -0.652464	       -0.649927	     0.000144231
             218	       -0.649824	       -0.649926	      0.00014357
             219	        -0.65276	       -0.649939	     0.000143497
             220	       -0.648024	       -0.649931	     0.000143108
             221	       -0.651984	        -0.64994	     0.000142762
             222	       -0.651984	       -0.649949	     0.000142416
             223	       -0.649216	       -0.649946	     0.000141815
             224	       -0.646776	       -0.649932	     0.000141886
             225	       -0.650416	       -0.649934	     0.000141272
             226	       -0.651088	       -0.649939	     0.000140739
             227	       -0.650624	       -0.649942	     0.000140151
             228	       -0.649312	       -0.649939	     0.000139564
             229	       -0.645296	       -0.649919	      0.00014042
             230	        -0.64944	       -0.649917	     0.000139824
             231	       -0.651016	       -0.649921	       0.0001393
             232	       -0.651032	       -0.649926	     0.000138782
             233	        -0.65224	       -0.649936	     0.000138541
             234	       -0.648392	        -0.64993	     0.000138106
             235	       -0.649968	        -0.64993	     0.000137519
             236	        -0.64876	       -0.649925	     0.000137025
             237	       -0.651616	       -0.649932	     0.000136633
             238	       -0.649904	       -0.649932	     0.000136059
             239	       -0.653288	       -0.649946	     0.000136212
             240	        -0.65092	        -0.64995	     0.000135705
             241	          -0.647	       -0.649938	     0.000135693
             242	       -0.647872	       -0.649929	       0.0001354
             243	       -0.652584	        -0.64994	     0.000135283
             244	       -0.649088	       -0.649937	     0.000134774
             245	       -0.648424	        -0.64993	     0.000134365
             246	       -0.651776	       -0.649938	     0.000134028
             247	       -0.655176	       -0.649959	     0.000135153
             248	       -0.648856	       -0.649955	     0.000134681
             249	       -0.649968	       -0.649955	      0.00013414
             250	       -0.649392	       -0.649952	     0.000133622
             251	       -0.649464	       -0.649951	     0.000133104
             252	       -0.651224	       -0.649956	     0.000132672
             253	       -0.647752	       -0.649947	     0.000132433
             254	        -0.65328	        -0.64996	      0.00013256
             255	       -0.648224	       -0.649953	     0.000132215
             256	       -0.649328	       -0.649951	     0.000131721
             257	       -0.650888	       -0.649954	     0.000131259
             258	       -0.647224	       -0.649944	     0.000131176
             259	       -0.653048	       -0.649956	     0.000131216
             260	        -0.64904	       -0.649952	     0.000130759
             261	       -0.648272	       -0.649946	     0.000130416
             262	       -0.647264	       -0.649936	      0.00013032
             263	       -0.651816	       -0.649943	      0.00013002
             264	        -0.64776	       -0.649934	      0.00012979
             265	       -0.647248	       -0.649924	     0.000129696
             266	       -0.652328	       -0.649933	     0.000129523
             267	       -0.651496	       -0.649939	      0.00012917
             268	        -0.65116	       -0.649944	     0.000128768
             269	        -0.65216	       -0.649952	     0.000128552
             270	       -0.652224	        -0.64996	     0.000128351
             271	        -0.65052	       -0.649963	     0.000127894
             272	       -0.650656	       -0.649965	      0.00012745
             273	       -0.649136	       -0.649962	     0.000127019
             274	       -0.648064	       -0.649955	     0.000126744
             275	       -0.648936	       -0.649951	     0.000126337
             276	       -0.645008	       -0.649933	     0.000127143
             277	       -0.648184	       -0.649927	     0.000126841
             278	       -0.649144	       -0.649924	     0.000126416
             279	       -0.646544	       -0.649912	     0.000126542
             280	       -0.650272	       -0.649914	     0.000126097
             281	       -0.648208	       -0.649907	     0.000125794
             282	       -0.650752	        -0.64991	     0.000125383
             283	       -0.647728	       -0.649903	     0.000125177
             284	       -0.650728	       -0.649906	      0.00012477
             285	       -0.649064	       -0.649903	     0.000124367
             286	         -0.6528	       -0.649913	     0.000124344
             287	       -0.648952	       -0.649909	     0.000123956
             288	       -0.649072	       -0.649907	      0.00012356
             289	       -0.650632	       -0.649909	     0.000123158
             290	       -0.651104	       -0.649913	     0.000122802
             291	       -0.645672	       -0.649899	     0.000123242
             292	       -0.649064	       -0.649896	     0.000122853
             293	        -0.65356	       -0.649908	     0.000123069
             294	       -0.655128	       -0.649926	     0.000123924
             295	       -0.649176	       -0.649923	      0.00012353
             296	          -0.655	       -0.649941	     0.000124298
             297	       -0.651168	       -0.649945	     0.000123948
             298	         -0.6468	       -0.649934	      0.00012398
             299	       -0.650728	       -0.649937	     0.000123594
             300	         -0.6468	       -0.649926	     0.000123623
             301	       -0.650576	       -0.649929	     0.000123232
             302	       -0.647512	       -0.649921	     0.000123083
             303	       -0.650024	       -0.649921	     0.000122677
             304	       -0.647792	       -0.649914	     0.000122474
             305	        -0.64924	       -0.649912	     0.000122092
             306	       -0.651056	       -0.649915	      0.00012175
             307	       -0.653968	       -0.649929	     0.000122067
             308	       -0.651608	       -0.649934	     0.000121792
             309	       -0.649032	       -0.649931	     0.000121433
             310	       -0.650272	       -0.649932	     0.000121047
             311	       -0.648696	       -0.649928	     0.000120723
             312	       -0.650064	       -0.649929	     0.000120336
             313	       -0.651064	       -0.649932	     0.000120007
             314	       -0.647656	       -0.649925	     0.000119843
             315	        -0.65196	       -0.649932	     0.000119637
             316	       -0.651248	       -0.649936	     0.000119331
             317	        -0.64976	       -0.649935	     0.000118956
             318	       -0.651144	       -0.649939	     0.000118642
             319	         -0.6468	       -0.649929	     0.000118678
             320	        -0.64984	       -0.649929	     0.000118307
             321	         -0.6498	       -0.649928	     0.000117939
             322	       -0.649808	       -0.649928	     0.000117574
             323	       -0.647664	       -0.649921	     0.000117418
             324	       -0.649456	        -0.64992	     0.000117065
             325	       -0.649072	       -0.649917	     0.000116733
             326	        -0.65396	       -0.649929	     0.000117032
             327	       -0.649232	       -0.649927	     0.000116694
             328	       -0.649096	       -0.649925	     0.000116366
             329	       -0.652424	       -0.649932	      0.00011626
             330	       -0.650128	       -0.649933	     0.000115909
             331	       -0.648864	        -0.64993	     0.000115604
             332	       -0.655344	       -0.649946	       0.0001164
             333	       -0.649296	       -0.649944	     0.000116067
             334	       -0.651128	       -0.649948	     0.000115773
             335	        -0.64848	       -0.649943	     0.000115511
             336	       -0.649384	       -0.649942	     0.000115179
             337	       -0.649416	        -0.64994	     0.000114848
             338	       -0.648472	       -0.649936	      0.00011459
             339	       -0.645504	       -0.649923	     0.000114995
             340	       -0.650368	       -0.649924	     0.000114665
             341	        -0.65296	       -0.649933	     0.000114673
             342	       -0.650112	       -0.649933	     0.000114339
             343	       -0.649824	       -0.649933	     0.000114006
             344	       -0.652912	       -0.649942	     0.000114003
             345	         -0.6502	       -0.649942	     0.000113675
             346	       -0.648736	       -0.649939	       0.0001134
             347	       -0.648776	       -0.649936	     0.000113123
             348	       -0.647928	        -0.64993	     0.000112945
             349	       -0.651128	       -0.649933	     0.000112674
             350	       -0.650176	       -0.649934	     0.000112354
             351	       -0.652328	       -0.649941	      0.00011224
             352	       -0.651448	       -0.649945	     0.000112003
             353	       -0.649424	       -0.649944	     0.000111696
             354	       -0.653128	       -0.649953	     0.000111742
             355	          -0.647	       -0.649944	     0.000111736
             356	        -0.65152	       -0.649949	      0.00011151
             357	       -0.647208	       -0.649941	     0.000111462
             358	       -0.645416	       -0.649928	     0.000111865
             359	       -0.649936	       -0.649928	     0.000111553
             360	       -0.649096	       -0.649926	     0.000111267
             361	       -0.647368	       -0.649919	     0.000111184
             362	       -0.650048	       -0.649919	     0.000110878
             363	        -0.64384	       -0.649903	      0.00011183
             364	       -0.651352	       -0.649907	     0.000111594
             365	        -0.65092	       -0.649909	     0.000111322
             366	       -0.648784	       -0.649906	     0.000111061
             367	       -0.652504	       -0.649913	     0.000110983
             368	       -0.649792	       -0.649913	     0.000110682
             369	       -0.651296	       -0.649917	     0.000110446
             370	       -0.648152	       -0.649912	      0.00011025
             371	       -0.651808	       -0.649917	     0.000110071
             372	       -0.647792	       -0.649911	     0.000109924
             373	       -0.654192	       -0.649923	     0.000110226
             374	       -0.645376	       -0.649911	       0.0001106
             375	        -0.64844	       -0.649907	     0.000110375
             376	       -0.647216	         -0.6499	     0.000110313
             377	        -0.65172	       -0.649904	     0.000110126
             378	       -0.651736	       -0.649909	     0.000109941
             379	       -0.650576	       -0.649911	     0.000109665
             380	       -0.649656	        -0.64991	     0.000109378
             381	       -0.648376	       -0.649906	     0.000109166
             382	        -0.64956	       -0.649905	     0.000108884
             383	         -0.6488	       -0.649903	     0.000108637
             384	       -0.651032	       -0.649906	     0.000108394
             385	       -0.654912	       -0.649919	      0.00010889
             386	        -0.64992	       -0.649919	     0.000108608
             387	       -0.652728	       -0.649926	      0.00010857
             388	       -0.650944	       -0.649928	     0.000108322
             389	        -0.64972	       -0.649928	     0.000108044
             390	       -0.647632	       -0.649922	     0.000107928
             391	       -0.650496	       -0.649923	     0.000107662
             392	       -0.648368	       -0.649919	      0.00010746
             393	       -0.648032	       -0.649915	     0.000107294
             394	        -0.64924	       -0.649913	     0.000107035
             395	        -0.64852	       -0.649909	     0.000106822
             396	       -0.651816	       -0.649914	     0.000106661
             397	       -0.646496	       -0.649906	     0.000106739
             398	       -0.651656	        -0.64991	     0.000106562
             399	       -0.649312	       -0.649909	     0.000106305
             400	       -0.649312	       -0.649907	      0.00010605
             401	       -0.648984	       -0.649905	      0.00010581
             402	       -0.648816	       -0.649902	     0.000105582
             403	       -0.651512	       -0.649906	     0.000105395
             404	       -0.650936	       -0.649909	     0.000105165
             405	       -0.650088	       -0.649909	     0.000104907
             406	       -0.650832	       -0.649911	     0.000104673
             407	       -0.646344	       -0.649903	     0.000104782
             408	       -0.652184	       -0.649908	     0.000104674
             409	       -0.649984	       -0.649908	     0.000104419
             410	       -0.647656	       -0.649903	     0.000104308
             411	        -0.65472	       -0.649915	     0.000104711
             412	       -0.647024	       -0.649908	     0.000104691
             413	        -0.64888	       -0.649905	     0.000104468
             414	       -0.649032	       -0.649903	     0.000104237
             415	        -0.64948	       -0.649902	      0.00010399
             416	       -0.651256	       -0.649905	     0.000103791
             417	       -0.649296	       -0.649904	     0.000103553
             418	       -0.647632	       -0.649898	     0.000103447
             419	        -0.64996	       -0.649898	     0.000103201
             420	       -0.647576	       -0.649893	     0.000103103
             421	       -0.649312	       -0.649892	     0.000102867
             422	       -0.650328	       -0.649893	     0.000102629
             423	       -0.648584	       -0.649889	     0.000102433
             424	       -0.648632	       -0.649886	     0.000102234
             425	       -0.649712	       -0.649886	     0.000101994
             426	       -0.651224	       -0.649889	     0.000101803
             427	       -0.652464	       -0.649895	     0.000101743
             428	       -0.651744	         -0.6499	     0.000101597
             429	       -0.650752	       -0.649902	      0.00010138
             430	       -0.648536	       -0.649898	     0.000101194
             431	       -0.650896	       -0.649901	     0.000100985
             432	        -0.64772	       -0.649896	     0.000100878
             433	       -0.649152	       -0.649894	     0.000100659
             434	        -0.65016	       -0.649895	     0.000100429
             435	       -0.650224	       -0.649895	     0.000100201
             436	          -0.651	       -0.649898	     0.000100004
             437	       -0.649656	       -0.649897	     9.97762e-05
             438	       -0.649008	       -0.649895	     9.95691e-05
             439	       -0.646104	       -0.649887	     9.97161e-05
             440	        -0.64924	       -0.649885	     9.95003e-05
             441	       -0.648272	       -0.649881	     9.93419e-05
             442	       -0.651584	       -0.649885	     9.91918e-05
             443	       -0.647656	        -0.64988	     9.90954e-05
             444	       -0.649528	        -0.64988	     9.88754e-05
             445	        -0.65056	       -0.649881	     9.86651e-05
             446	       -0.645912	       -0.649872	     9.88444e-05
             447	       -0.647616	       -0.649867	      9.8752e-05
             448	       -0.649648	       -0.649867	     9.85328e-05
             449	       -0.646448	       -0.649859	     9.86071e-05
             450	       -0.648712	       -0.649856	     9.84209e-05
             451	       -0.649664	       -0.649856	     9.82036e-05
             452	       -0.651112	       -0.649859	     9.80256e-05
             453	       -0.652648	       -0.649865	     9.80024e-05
             454	       -0.650912	       -0.649867	     9.78137e-05
             455	       -0.647392	       -0.649862	     9.77499e-05
             456	       -0.650088	       -0.649862	     9.75368e-05
             457	       -0.648168	       -0.649859	     9.73938e-05
             458	       -0.647976	       -0.649854	     9.72678e-05
             459	       -0.651504	       -0.649858	     9.71223e-05
             460	       -0.648936	       -0.649856	     9.69318e-05
             461	       -0.653112	       -0.649863	     9.69785e-05
             462	       -0.650496	       -0.649865	     9.67783e-05
             463	       -0.647472	       -0.649859	     9.67071e-05
             464	       -0.649456	       -0.649858	     9.65026e-05
             465	       -0.642568	       -0.649843	     9.75604e-05
             466	       -0.651032	       -0.649845	     9.73844e-05
             467	       -0.650672	       -0.649847	     9.71919e-05
             468	        -0.65264	       -0.649853	     9.71673e-05
             469	       -0.647896	       -0.649849	     9.70497e-05
             470	       -0.654336	       -0.649858	     9.73116e-05
             471	       -0.648448	       -0.649855	     9.71511e-05
             472	        -0.65348	       -0.649863	     9.72483e-05
             473	       -0.647912	       -0.649859	     9.71301e-05
             474	       -0.650352	        -0.64986	     9.69308e-05
             475	       -0.651304	       -0.649863	     9.67744e-05
             476	        -0.64864	       -0.649861	     9.66052e-05
             477	         -0.6496	        -0.64986	     9.64042e-05
             478	       -0.650016	        -0.64986	     9.62031e-05
             479	       -0.648296	       -0.649857	     9.60576e-05
             480	        -0.65008	       -0.649858	     9.58586e-05
             481	           -0.65	       -0.649858	     9.56598e-05
             482	         -0.6504	       -0.649859	      9.5468e-05
             483	       -0.648784	       -0.649857	     9.52962e-05
             484	       -0.650416	       -0.649858	     9.51064e-05
             485	       -0.647024	       -0.649852	     9.50896e-05
             486	       -0.652424	       -0.649857	     9.50411e-05
             487	         -0.6494	       -0.649856	     9.48506e-05
             488	        -0.65244	       -0.649862	     9.48038e-05
             489	         -0.6488	        -0.64986	     9.46348e-05
             490	       -0.654664	       -0.649869	     9.49483e-05
             491	       -0.651104	       -0.649872	     9.47882e-05
             492	       -0.649464	       -0.649871	     9.45992e-05
             493	       -0.651488	       -0.649874	     9.44641e-05
             494	       -0.652456	       -0.649879	     9.44174e-05
             495	       -0.649688	       -0.649879	     9.42274e-05
             496	       -0.650112	        -0.64988	     9.40386e-05
             497	           -0.65	        -0.64988	     9.38497e-05
             498	       -0.652584	       -0.649885	     9.38182e-05
             499	       -0.648528	       -0.649883	     9.36696e-05
             500	       -0.650624	       -0.649884	      9.3494e-05
