#     BLOCK:   ACTUAL_X:     X_AVE:       ERROR:
               1	        0.677589	        0.677589	               0
               2	        0.706548	        0.692068	       0.0102385
               3	        0.617726	        0.667288	       0.0213538
               4	        0.573452	        0.643829	       0.0258695
               5	        0.641918	        0.643447	       0.0206984
               6	        0.646356	        0.643932	       0.0172544
               7	        0.630932	        0.642074	       0.0148891
               8	        0.705342	        0.649983	       0.0149818
               9	         0.65326	        0.650347	       0.0133216
              10	        0.605753	        0.645888	       0.0127139
              11	        0.649589	        0.646224	       0.0115625
              12	        0.704164	        0.651053	       0.0115633
              13	        0.610849	         0.64796	       0.0110796
              14	        0.611342	        0.645344	       0.0105924
              15	        0.666959	        0.646785	      0.00998379
              16	        0.664329	        0.647882	      0.00941982
              17	        0.731562	        0.652804	         0.01007
              18	        0.723726	        0.656744	       0.0102525
              19	        0.714137	        0.659765	       0.0101481
              20	         0.66137	        0.659845	        0.009641
              21	        0.727178	        0.663052	      0.00970043
              22	        0.664329	         0.66311	      0.00925968
              23	        0.636247	        0.661942	      0.00893044
              24	        0.667699	        0.662182	      0.00856156
              25	        0.634493	        0.661074	      0.00829042
              26	        0.760986	        0.664917	       0.0088173
              27	        0.623315	        0.663376	      0.00862431
              28	         0.64989	        0.662894	      0.00832973
              29	        0.638384	        0.662049	      0.00808527
              30	        0.716384	         0.66386	      0.00801605
              31	        0.680521	        0.664398	      0.00777546
              32	        0.641863	        0.663693	       0.0075643
              33	        0.826548	        0.668628	      0.00879883
              34	        0.656795	         0.66828	      0.00854692
              35	        0.639781	        0.667466	      0.00834142
              36	        0.655836	        0.667143	      0.00811597
              37	        0.682055	        0.667546	      0.00790662
              38	        0.676384	        0.667779	      0.00770197
              39	        0.771096	        0.670428	      0.00794704
              40	        0.692192	        0.670972	      0.00776696
              41	        0.712027	        0.671973	       0.0076418
              42	        0.727452	        0.673294	      0.00757316
              43	        0.723973	        0.674473	      0.00748818
              44	         0.74189	        0.676005	      0.00747311
              45	        0.736027	        0.677339	      0.00742512
              46	        0.669452	        0.677167	      0.00726569
              47	        0.619699	        0.675945	      0.00721325
              48	        0.669863	        0.675818	      0.00706409
              49	        0.707644	        0.676467	      0.00694972
              50	        0.722822	        0.677395	      0.00687228
              51	        0.726356	        0.678355	      0.00680426
              52	        0.732959	        0.679405	      0.00675395
              53	        0.600849	        0.677922	       0.0067872
              54	        0.742137	        0.679112	      0.00676489
              55	        0.697068	        0.679438	      0.00664976
              56	        0.645973	        0.678841	      0.00655781
              57	        0.630164	        0.677987	      0.00649813
              58	        0.681534	        0.678048	      0.00638638
              59	        0.640192	        0.677406	      0.00631028
              60	        0.639589	        0.676776	      0.00623651
              61	        0.656877	         0.67645	       0.0061428
              62	        0.791808	         0.67831	      0.00631923
              63	        0.595014	        0.676988	      0.00635574
              64	        0.686795	        0.677141	      0.00625827
              65	        0.604658	        0.676026	      0.00626056
              66	        0.623479	         0.67523	      0.00621612
              67	        0.686466	        0.675398	       0.0061256
              68	         0.68726	        0.675572	        0.006038
              69	         0.71874	        0.676198	      0.00598282
              70	        0.635315	        0.675614	      0.00592579
              71	        0.609945	        0.674689	      0.00591407
              72	        0.640274	        0.674211	      0.00585121
              73	        0.689041	        0.674414	      0.00577458
              74	        0.655644	         0.67416	      0.00570212
              75	         0.66263	        0.674007	      0.00562816
              76	        0.644219	        0.673615	      0.00556773
              77	        0.615068	        0.672854	       0.0055471
              78	        0.602548	        0.671953	      0.00554873
              79	        0.684466	        0.672111	      0.00548076
              80	        0.717452	        0.672678	      0.00544147
              81	        0.667836	        0.672618	      0.00537462
              82	        0.730082	        0.673319	      0.00535457
              83	        0.706164	        0.673715	      0.00530466
              84	        0.694548	        0.673963	       0.0052473
              85	        0.692904	        0.674186	       0.0051903
              86	        0.661425	        0.674037	      0.00513207
              87	         0.67811	        0.674084	      0.00507329
              88	        0.607726	         0.67333	      0.00507137
              89	         0.61011	         0.67262	      0.00506389
              90	        0.760384	        0.673595	      0.00510066
              91	        0.710082	        0.673996	      0.00506034
              92	           0.664	        0.673887	       0.0050065
              93	        0.725562	        0.674443	      0.00498341
              94	        0.732219	        0.675057	      0.00496815
              95	        0.636411	        0.674651	      0.00493248
              96	        0.676219	        0.674667	      0.00488113
              97	        0.706438	        0.674994	      0.00484179
              98	        0.741753	        0.675676	      0.00484006
              99	        0.676192	        0.675681	      0.00479118
             100	        0.595041	        0.674875	      0.00481065
             101	        0.757808	        0.675696	      0.00483259
             102	        0.605945	        0.675012	      0.00483335
             103	        0.690466	        0.675162	      0.00478875
             104	        0.683178	        0.675239	      0.00474333
             105	        0.579836	         0.67433	      0.00478439
             106	        0.636301	        0.673972	      0.00475268
             107	        0.640164	        0.673656	      0.00471876
             108	        0.634384	        0.673292	      0.00468905
             109	        0.645288	        0.673035	      0.00465307
             110	        0.694137	        0.673227	      0.00461472
             111	        0.734384	        0.673778	      0.00460592
             112	        0.641699	        0.673491	      0.00457369
             113	        0.706959	        0.673788	       0.0045428
             114	        0.683014	        0.673869	      0.00450367
             115	        0.660767	        0.673755	      0.00446595
             116	        0.706932	        0.674041	      0.00443659
             117	        0.714247	        0.674384	      0.00441196
             118	        0.711644	          0.6747	      0.00438586
             119	        0.665342	        0.674621	      0.00434971
             120	        0.640575	        0.674338	       0.0043227
             121	         0.63811	        0.674038	      0.00429733
             122	        0.737397	        0.674558	      0.00429338
             123	        0.811863	        0.675674	       0.0044012
             124	        0.636685	        0.675359	      0.00437693
             125	        0.682849	        0.675419	      0.00434232
             126	        0.686219	        0.675505	       0.0043087
             127	        0.664986	        0.675422	      0.00427557
             128	        0.682356	        0.675476	      0.00424251
             129	        0.746822	         0.67603	      0.00424552
             130	        0.631151	        0.675684	      0.00422688
             131	        0.675726	        0.675685	      0.00419461
             132	        0.617068	        0.675241	      0.00418627
             133	        0.693644	        0.675379	      0.00415708
             134	        0.711808	        0.675651	      0.00413494
             135	        0.692082	        0.675773	       0.0041061
             136	        0.610411	        0.675292	      0.00410394
             137	        0.765753	        0.675952	      0.00412676
             138	        0.701863	         0.67614	      0.00410113
             139	        0.643178	        0.675903	      0.00407847
             140	        0.721151	        0.676226	      0.00406213
             141	        0.622493	        0.675845	      0.00405115
             142	        0.685644	        0.675914	      0.00402321
             143	         0.57274	        0.675192	      0.00405926
             144	        0.668438	        0.675146	      0.00403134
             145	        0.695151	        0.675284	      0.00400589
             146	        0.719562	        0.675587	      0.00398992
             147	           0.752	        0.676107	       0.0039965
             148	        0.656904	        0.675977	       0.0039716
             149	        0.668164	        0.675924	      0.00394529
             150	        0.662658	        0.675836	      0.00391998
             151	           0.658	        0.675718	       0.0038958
             152	        0.700301	         0.67588	      0.00387352
             153	        0.681699	        0.675918	      0.00384839
             154	        0.617726	         0.67554	      0.00384191
             155	        0.688055	        0.675621	      0.00381797
             156	        0.619726	        0.675262	      0.00381027
             157	        0.701507	        0.675429	      0.00378967
             158	        0.582027	        0.674838	      0.00381151
             159	        0.679151	        0.674865	      0.00378764
             160	         0.77874	        0.675515	       0.0038192
             161	        0.782247	        0.676177	      0.00385258
             162	        0.756192	        0.676671	      0.00386033
             163	        0.586466	        0.676118	      0.00387611
             164	        0.631151	        0.675844	      0.00386216
             165	        0.688658	        0.675921	      0.00383954
             166	        0.618027	        0.675573	      0.00383221
             167	        0.643507	        0.675381	      0.00381407
             168	        0.726767	        0.675687	      0.00380362
             169	        0.731123	        0.676015	      0.00379523
             170	        0.692712	        0.676113	      0.00377417
             171	        0.637945	         0.67589	       0.0037587
             172	        0.622603	         0.67558	      0.00374959
             173	        0.688438	        0.675654	      0.00372865
             174	        0.641288	        0.675457	      0.00371245
             175	        0.660301	         0.67537	      0.00369225
             176	        0.695123	        0.675482	      0.00367297
             177	        0.668274	        0.675442	      0.00365245
             178	        0.600411	         0.67502	      0.00365617
             179	        0.609507	        0.674654	      0.00365402
             180	        0.641507	         0.67447	      0.00363836
             181	        0.744411	        0.674856	      0.00363872
             182	         0.68474	        0.674911	      0.00361913
             183	        0.639507	        0.674717	      0.00360452
             184	        0.677342	        0.674731	      0.00358496
             185	        0.752137	         0.67515	      0.00358991
             186	        0.709068	        0.675332	      0.00357524
             187	        0.609973	        0.674983	      0.00357317
             188	        0.682904	        0.675025	      0.00355441
             189	        0.748959	        0.675416	      0.00355706
             190	        0.742548	        0.675769	      0.00355585
             191	        0.731233	         0.67606	      0.00354907
             192	        0.650027	        0.675924	      0.00353317
             193	        0.700137	         0.67605	      0.00351709
             194	        0.610712	        0.675713	      0.00351505
             195	        0.728822	        0.675985	      0.00350756
             196	        0.716986	        0.676194	       0.0034959
             197	         0.64589	         0.67604	      0.00348153
             198	        0.740192	        0.676364	      0.00347899
             199	         0.65589	        0.676262	      0.00346303
             200	        0.639808	        0.676079	      0.00345051
