#     BLOCK:   ACTUAL_M:     M_AVE:       ERROR:
           1	     0.05056	     0.05056	           0
           2	      0.0464	     0.04848	  0.00147078
           3	     0.03092	   0.0426267	  0.00487877
           4	     0.06792	     0.04895	  0.00658614
           5	     0.06816	    0.052792	  0.00629049
           6	     0.08364	   0.0579333	  0.00703613
           7	     0.06924	   0.0595486	   0.0062136
           8	       0.048	    0.058105	  0.00560208
           9	     0.05224	   0.0574533	  0.00501739
          10	     0.02204	    0.053912	  0.00562832
          11	     0.05188	   0.0537273	  0.00511969
          12	     0.03536	   0.0521967	  0.00491652
          13	    -0.01176	   0.0472769	  0.00655275
          14	      0.0328	   0.0462429	  0.00616574
          15	     0.01956	    0.044464	  0.00600582
          16	     0.05696	    0.045245	  0.00568101
          17	     0.03636	   0.0447224	  0.00537082
          18	     0.01928	   0.0433089	  0.00525515
          19	      0.0618	   0.0442821	  0.00506787
          20	     0.05592	    0.044864	  0.00484777
          21	     0.07904	   0.0464914	  0.00488246
          22	     0.01448	   0.0450364	  0.00487253
          23	     0.05028	   0.0452643	  0.00466601
          24	      0.0308	   0.0446617	  0.00451035
          25	     0.01924	   0.0436448	  0.00444308
          26	     0.02696	   0.0430031	  0.00431829
          27	     0.00608	   0.0416356	  0.00436952
          28	     0.05616	   0.0421543	  0.00424415
          29	     0.04836	   0.0423683	  0.00410319
          30	     0.00932	   0.0412667	  0.00411164
          31	      0.0448	   0.0413806	  0.00398058
          32	     0.03996	   0.0413362	  0.00385644
          33	     0.04592	   0.0414752	  0.00374207
          34	     0.06536	   0.0421776	  0.00369737
          35	     0.02548	   0.0417006	  0.00362237
          36	      0.0498	   0.0419256	  0.00352873
          37	     0.09488	   0.0433568	  0.00371227
          38	     0.05324	   0.0436168	  0.00362368
          39	     0.00968	   0.0427467	  0.00363374
          40	     0.08048	     0.04369	   0.0036633
          41	     0.04812	    0.043798	  0.00357554
          42	     0.01692	   0.0431581	  0.00354722
          43	     0.01612	   0.0425293	  0.00352001
          44	     0.04736	   0.0426391	  0.00344173
          45	     0.04436	   0.0426773	  0.00336546
          46	     0.05268	   0.0428948	  0.00329931
          47	     0.07148	    0.043503	  0.00328469
          48	     0.06524	   0.0439558	  0.00324733
          49	      0.0262	   0.0435935	  0.00320121
          50	     0.00476	   0.0428168	  0.00323003
          51	     0.03584	     0.04268	  0.00316959
          52	     0.02172	   0.0422769	  0.00313416
          53	     0.00828	   0.0416355	  0.00313998
          54	     0.04412	   0.0416815	  0.00308217
          55	     0.06508	   0.0421069	  0.00305535
          56	     0.08208	   0.0428207	  0.00308305
          57	     0.07752	   0.0434295	  0.00308847
          58	     0.06828	   0.0438579	   0.0030648
          59	     0.03432	   0.0436963	  0.00301711
          60	     0.05024	   0.0438053	   0.0029688
          61	     0.02848	   0.0435541	  0.00293074
          62	     0.05972	   0.0438148	  0.00289505
          63	     0.04828	   0.0438857	  0.00284996
          64	     0.04384	    0.043885	  0.00280543
          65	     0.04728	   0.0439372	  0.00276276
          66	      0.0436	   0.0439321	   0.0027209
          67	     0.06876	   0.0443027	  0.00270541
          68	     0.06592	   0.0446206	  0.00268423
          69	     0.04852	   0.0446771	  0.00264593
          70	     0.05064	   0.0447623	   0.0026095
          71	     0.10616	    0.045627	  0.00271225
          72	     0.04444	   0.0456106	  0.00267463
          73	     0.05032	   0.0456751	  0.00263877
          74	     0.04452	   0.0456595	  0.00260315
          75	     0.02136	   0.0453355	  0.00258853
          76	     0.07496	   0.0457253	  0.00258365
          77	     0.08296	   0.0462088	  0.00259496
          78	       0.017	   0.0458344	  0.00258857
          79	     0.03716	   0.0457246	  0.00255813
          80	     0.02032	    0.045407	  0.00254579
          81	     0.03704	   0.0453037	  0.00251645
          82	     0.02076	   0.0450044	   0.0025035
          83	     0.05836	   0.0451653	   0.0024785
          84	     0.10604	     0.04589	  0.00255275
          85	     0.05208	   0.0459628	  0.00252375
          86	     0.05436	   0.0460605	   0.0024963
          87	     0.06732	   0.0463048	  0.00247953
          88	     0.07468	   0.0466273	  0.00247224
          89	     0.00788	   0.0461919	   0.0024825
          90	     0.05632	   0.0463044	  0.00245746
          91	      0.0922	   0.0468088	  0.00248167
          92	     0.02328	    0.046553	  0.00246784
          93	     0.04664	    0.046554	   0.0024413
          94	     0.03764	   0.0464591	  0.00241717
          95	     0.03664	   0.0463558	  0.00239394
          96	     0.04912	   0.0463846	  0.00236917
          97	       0.019	   0.0461023	  0.00236151
          98	     0.03832	   0.0460229	  0.00233875
          99	     0.02272	   0.0457875	  0.00232694
         100	     0.06388	   0.0459684	  0.00231069
