#     BLOCK:   ACTUAL_TE:    TE_AVE:      ERROR:
               1	       -0.322224	       -0.322224	               0
               2	       -0.321912	       -0.322068	     0.000110309
               3	       -0.322472	       -0.322203	      0.00013228
               4	        -0.32024	       -0.321712	     0.000436358
               5	       -0.320696	       -0.321509	     0.000393565
               6	       -0.322328	       -0.321645	     0.000350855
               7	       -0.325208	       -0.322154	     0.000558989
               8	       -0.325264	       -0.322543	     0.000609463
               9	        -0.32492	       -0.322807	     0.000596231
              10	       -0.324104	       -0.322937	     0.000550532
              11	       -0.324328	       -0.323063	     0.000514806
              12	       -0.324296	       -0.323166	     0.000482046
              13	       -0.323952	       -0.323226	     0.000448741
              14	       -0.325208	       -0.323368	     0.000438442
              15	        -0.32404	       -0.323413	     0.000411495
              16	       -0.325912	       -0.323569	     0.000414363
              17	       -0.324032	       -0.323596	     0.000390883
              18	         -0.3234	       -0.323585	     0.000369319
              19	        -0.32188	       -0.323496	     0.000360623
              20	       -0.322928	       -0.323467	     0.000343707
              21	       -0.326312	       -0.323603	     0.000353028
              22	       -0.322136	       -0.323536	     0.000343218
              23	       -0.320352	       -0.323398	     0.000355118
              24	       -0.323464	         -0.3234	     0.000340332
              25	       -0.325752	       -0.323494	      0.00033947
              26	       -0.320888	       -0.323394	     0.000340894
              27	       -0.324192	       -0.323424	     0.000329546
              28	       -0.322768	         -0.3234	     0.000318608
              29	       -0.324416	       -0.323435	      0.00030954
              30	       -0.326224	       -0.323528	     0.000312869
              31	       -0.322984	       -0.323511	     0.000303269
              32	       -0.325496	       -0.323573	      0.00030007
              33	       -0.325744	       -0.323639	     0.000298103
              34	       -0.321112	       -0.323564	     0.000298454
              35	       -0.325464	       -0.323619	     0.000294821
              36	       -0.323608	       -0.323618	     0.000286632
              37	        -0.32332	        -0.32361	     0.000278998
              38	       -0.321104	       -0.323544	     0.000279342
              39	       -0.323688	       -0.323548	     0.000272204
              40	       -0.325696	       -0.323602	     0.000270645
              41	       -0.325464	       -0.323647	     0.000267828
              42	       -0.325824	       -0.323699	      0.00026642
              43	       -0.325672	       -0.323745	     0.000264146
              44	       -0.323304	       -0.323735	     0.000258333
              45	       -0.323408	       -0.323727	     0.000252694
              46	        -0.32384	        -0.32373	     0.000247213
              47	       -0.322696	       -0.323708	     0.000242929
              48	        -0.32308	       -0.323695	      0.00023822
              49	        -0.32268	       -0.323674	     0.000234257
              50	       -0.325888	       -0.323718	     0.000233719
              51	       -0.325072	       -0.323745	     0.000230639
              52	       -0.322648	       -0.323724	     0.000227166
              53	       -0.325232	       -0.323752	     0.000224655
              54	       -0.322496	       -0.323729	     0.000221696
              55	       -0.323952	       -0.323733	     0.000217702
              56	       -0.321032	       -0.323685	     0.000219093
              57	        -0.32252	       -0.323664	       0.0002162
              58	       -0.323672	       -0.323665	     0.000212473
              59	         -0.3218	       -0.323633	     0.000211208
              60	       -0.323176	       -0.323625	     0.000207826
              61	       -0.323304	        -0.32362	     0.000204485
              62	       -0.325016	       -0.323643	     0.000202423
              63	       -0.323256	       -0.323636	     0.000199303
              64	        -0.32364	       -0.323637	     0.000196189
              65	       -0.325608	       -0.323667	     0.000195501
              66	       -0.323312	       -0.323661	     0.000192613
              67	       -0.321472	       -0.323629	      0.00019249
              68	       -0.323592	       -0.323628	      0.00018966
              69	       -0.323008	       -0.323619	     0.000187124
              70	       -0.324808	       -0.323636	      0.00018522
              71	       -0.321336	       -0.323604	     0.000185423
              72	       -0.324432	       -0.323615	     0.000183204
              73	       -0.325304	       -0.323638	     0.000182149
              74	       -0.323448	       -0.323636	     0.000179706
              75	        -0.32508	       -0.323655	     0.000178338
              76	       -0.322824	       -0.323644	     0.000176327
              77	       -0.322824	       -0.323634	     0.000174358
              78	       -0.323288	       -0.323629	     0.000172179
              79	        -0.32244	       -0.323614	     0.000170656
              80	       -0.322536	       -0.323601	     0.000169054
              81	        -0.32732	       -0.323647	     0.000173091
              82	       -0.323224	       -0.323641	     0.000171057
              83	       -0.323536	        -0.32364	     0.000169001
              84	        -0.32128	       -0.323612	     0.000169308
              85	       -0.325744	       -0.323637	     0.000169164
              86	       -0.325208	       -0.323655	      0.00016818
              87	       -0.324064	        -0.32366	     0.000166313
              88	       -0.324856	       -0.323674	     0.000164977
              89	       -0.321936	       -0.323654	     0.000164275
              90	       -0.322896	       -0.323646	     0.000162665
              91	       -0.322776	       -0.323636	     0.000161158
              92	       -0.323024	       -0.323629	     0.000159544
              93	       -0.324136	       -0.323635	     0.000157921
              94	       -0.323624	       -0.323635	     0.000156241
              95	       -0.324008	       -0.323639	     0.000154646
              96	       -0.322608	       -0.323628	     0.000153407
              97	       -0.323984	       -0.323632	      0.00015187
              98	       -0.322736	       -0.323623	     0.000150595
              99	       -0.324144	       -0.323628	     0.000149166
             100	       -0.321208	       -0.323604	     0.000149624
             101	       -0.323528	       -0.323603	     0.000148144
             102	        -0.32536	        -0.32362	      0.00014769
             103	       -0.322968	       -0.323614	     0.000146392
             104	       -0.321792	       -0.323596	     0.000146029
             105	       -0.322176	       -0.323583	     0.000145263
             106	       -0.324184	       -0.323588	     0.000144003
             107	        -0.32232	       -0.323577	     0.000143145
             108	       -0.324696	       -0.323587	     0.000142194
             109	        -0.32488	       -0.323599	     0.000141383
             110	       -0.322968	       -0.323593	     0.000140214
             111	       -0.322976	       -0.323587	     0.000139061
             112	         -0.3234	       -0.323586	      0.00013783
             113	       -0.323088	       -0.323581	      0.00013668
             114	       -0.325704	         -0.3236	     0.000136744
             115	       -0.321336	        -0.32358	     0.000136965
             116	       -0.321288	       -0.323561	     0.000137202
             117	       -0.323608	       -0.323561	      0.00013603
             118	       -0.326088	       -0.323582	     0.000136552
             119	        -0.32448	        -0.32359	     0.000135613
             120	       -0.321848	       -0.323575	     0.000135258
             121	       -0.322096	       -0.323563	     0.000134691
             122	        -0.32364	       -0.323564	     0.000133589
             123	       -0.326176	       -0.323585	      0.00013418
             124	       -0.322608	       -0.323577	     0.000133329
             125	       -0.321288	       -0.323559	     0.000133514
             126	        -0.32536	       -0.323573	     0.000133218
             127	       -0.320456	       -0.323549	     0.000134411
             128	       -0.324912	       -0.323559	     0.000133782
             129	         -0.3234	       -0.323558	     0.000132751
             130	       -0.323136	       -0.323555	     0.000131769
             131	        -0.32124	       -0.323537	     0.000131943
             132	       -0.324816	       -0.323547	     0.000131299
             133	       -0.324744	       -0.323556	      0.00013062
             134	         -0.3218	       -0.323543	       0.0001303
             135	       -0.319856	       -0.323515	     0.000132166
             136	       -0.324192	        -0.32352	     0.000131288
             137	       -0.323976	       -0.323524	     0.000130372
             138	       -0.325264	       -0.323536	     0.000130035
             139	       -0.322704	        -0.32353	     0.000129238
             140	       -0.324536	       -0.323537	     0.000128514
             141	        -0.32464	       -0.323545	      0.00012784
             142	        -0.32172	       -0.323532	     0.000127584
             143	        -0.32508	       -0.323543	      0.00012715
             144	       -0.320728	       -0.323524	     0.000127762
             145	       -0.322912	        -0.32352	      0.00012695
             146	       -0.326128	       -0.323537	     0.000127332
             147	       -0.324904	       -0.323547	     0.000126804
             148	        -0.32256	        -0.32354	     0.000126123
             149	       -0.324376	       -0.323546	     0.000125401
             150	       -0.323296	       -0.323544	     0.000124576
             151	        -0.32276	       -0.323539	     0.000123859
             152	       -0.326856	       -0.323561	     0.000124952
             153	       -0.323176	       -0.323558	     0.000124161
             154	       -0.319936	       -0.323535	     0.000125563
             155	       -0.324208	       -0.323539	     0.000124828
             156	       -0.325632	       -0.323552	     0.000124746
             157	       -0.321992	       -0.323542	     0.000124347
             158	        -0.32508	       -0.323552	      0.00012394
             159	       -0.323576	       -0.323552	     0.000123161
             160	       -0.322176	       -0.323544	     0.000122691
             161	       -0.322584	       -0.323538	     0.000122074
             162	       -0.322408	       -0.323531	     0.000121519
             163	       -0.321976	       -0.323521	     0.000121148
             164	       -0.323888	       -0.323523	     0.000120429
             165	       -0.326144	       -0.323539	     0.000120742
             166	       -0.323064	       -0.323536	     0.000120049
             167	       -0.323768	       -0.323538	     0.000119338
             168	       -0.322416	       -0.323531	     0.000118814
             169	       -0.323296	        -0.32353	     0.000118119
             170	        -0.32368	       -0.323531	     0.000117428
             171	       -0.325464	       -0.323542	     0.000117284
             172	       -0.325328	       -0.323552	     0.000117061
             173	       -0.324832	        -0.32356	     0.000116618
             174	       -0.323976	       -0.323562	     0.000115972
             175	       -0.323872	       -0.323564	     0.000115323
             176	       -0.320736	       -0.323548	     0.000115782
             177	       -0.322768	       -0.323543	     0.000115211
             178	        -0.32052	       -0.323526	      0.00011581
             179	       -0.325176	       -0.323536	     0.000115529
             180	       -0.321968	       -0.323527	     0.000115215
             181	       -0.320816	       -0.323512	     0.000115547
             182	        -0.32432	       -0.323516	     0.000114998
             183	       -0.321896	       -0.323508	      0.00011471
             184	       -0.324352	       -0.323512	     0.000114178
             185	        -0.32192	       -0.323504	     0.000113885
             186	        -0.32216	       -0.323496	     0.000113501
             187	       -0.322936	       -0.323493	     0.000112934
             188	       -0.323304	       -0.323492	     0.000112338
             189	       -0.324576	       -0.323498	      0.00011189
             190	       -0.324688	       -0.323504	     0.000111476
             191	        -0.32484	       -0.323511	     0.000111111
             192	       -0.321888	       -0.323503	     0.000110854
             193	       -0.327232	       -0.323522	     0.000111951
             194	          -0.323	       -0.323519	     0.000111406
             195	       -0.323888	       -0.323521	     0.000110851
             196	       -0.322144	       -0.323514	     0.000110508
             197	       -0.322136	       -0.323507	     0.000110168
             198	       -0.324352	       -0.323512	     0.000109694
             199	       -0.323328	       -0.323511	     0.000109147
             200	       -0.321944	       -0.323503	     0.000108882
             201	         -0.3258	       -0.323514	     0.000108938
             202	         -0.3232	       -0.323513	      0.00010841
             203	       -0.321224	       -0.323501	     0.000108461
             204	       -0.324472	       -0.323506	     0.000108033
             205	       -0.323336	       -0.323505	      0.00010751
             206	       -0.320864	       -0.323493	      0.00010775
             207	       -0.324432	       -0.323497	     0.000107325
             208	       -0.321688	       -0.323488	      0.00010716
             209	        -0.32372	       -0.323489	     0.000106653
             210	        -0.32384	       -0.323491	     0.000106159
             211	        -0.32044	       -0.323477	     0.000106636
             212	       -0.323296	       -0.323476	     0.000106136
             213	       -0.320472	       -0.323462	     0.000106571
             214	       -0.323936	       -0.323464	     0.000106096
             215	       -0.323256	       -0.323463	     0.000105607
             216	       -0.323592	       -0.323464	      0.00010512
             217	        -0.32248	       -0.323459	     0.000104733
             218	       -0.324184	       -0.323462	     0.000104305
             219	       -0.324872	       -0.323469	     0.000104027
             220	       -0.324248	       -0.323472	     0.000103615
             221	        -0.32376	       -0.323474	     0.000103154
             222	       -0.324592	       -0.323479	     0.000102812
             223	       -0.323584	       -0.323479	     0.000102352
             224	       -0.321976	       -0.323472	     0.000102115
             225	       -0.322176	       -0.323467	     0.000101824
             226	       -0.322224	       -0.323461	     0.000101522
             227	        -0.32484	       -0.323467	     0.000101256
             228	       -0.321248	       -0.323458	     0.000101279
             229	          -0.319	       -0.323438	      0.00010269
             230	       -0.322376	       -0.323433	     0.000102347
             231	       -0.322224	       -0.323428	     0.000102038
             232	        -0.32436	       -0.323432	     0.000101677
             233	       -0.322288	       -0.323427	     0.000101359
             234	       -0.322832	       -0.323425	     0.000100958
             235	       -0.326392	       -0.323437	     0.000101315
             236	         -0.3254	       -0.323446	     0.000101226
             237	       -0.323456	       -0.323446	     0.000100799
             238	       -0.322712	       -0.323443	     0.000100423
             239	       -0.325296	        -0.32345	     0.000100302
             240	       -0.324864	       -0.323456	     0.000100056
             241	        -0.32376	       -0.323458	     9.96492e-05
             242	       -0.325088	       -0.323464	     9.94649e-05
             243	        -0.32112	       -0.323455	     9.95223e-05
             244	       -0.324968	       -0.323461	     9.93075e-05
             245	       -0.322552	       -0.323457	     9.89714e-05
             246	       -0.324528	       -0.323462	     9.86648e-05
             247	       -0.323544	       -0.323462	     9.82659e-05
             248	       -0.324088	       -0.323464	     9.79021e-05
             249	        -0.32256	       -0.323461	     9.75763e-05
             250	        -0.32432	       -0.323464	     9.72465e-05
             251	       -0.324688	       -0.323469	     9.69812e-05
             252	       -0.323816	        -0.32347	     9.66061e-05
             253	       -0.322912	       -0.323468	     9.62495e-05
             254	        -0.32384	        -0.32347	     9.58817e-05
             255	       -0.321704	       -0.323463	     9.57554e-05
             256	       -0.319872	       -0.323449	     9.64032e-05
             257	       -0.319936	       -0.323435	     9.69922e-05
             258	       -0.323128	       -0.323434	     9.66236e-05
             259	       -0.324752	       -0.323439	     9.63844e-05
             260	       -0.319168	       -0.323423	     9.74035e-05
             261	       -0.323344	       -0.323422	     9.70308e-05
             262	        -0.32204	       -0.323417	     9.68037e-05
             263	       -0.325192	       -0.323424	     9.66706e-05
             264	       -0.325072	        -0.32343	     9.65059e-05
             265	       -0.323008	       -0.323428	     9.61548e-05
             266	          -0.323	       -0.323427	     9.58068e-05
             267	       -0.323688	       -0.323428	      9.5453e-05
             268	        -0.32388	       -0.323429	     9.51117e-05
             269	       -0.324296	       -0.323433	     9.48127e-05
             270	        -0.32644	       -0.323444	     9.51136e-05
             271	       -0.322584	       -0.323441	     9.48155e-05
             272	       -0.327248	       -0.323455	     9.54946e-05
             273	       -0.322272	        -0.32345	      9.5243e-05
             274	       -0.325064	       -0.323456	     9.50773e-05
             275	       -0.323784	       -0.323457	      9.4739e-05
             276	        -0.32388	       -0.323459	     9.44081e-05
             277	       -0.323888	        -0.32346	       9.408e-05
             278	       -0.323536	       -0.323461	      9.3742e-05
             279	       -0.324256	       -0.323464	     9.34493e-05
             280	       -0.323688	       -0.323464	      9.3119e-05
             281	       -0.324824	       -0.323469	     9.29133e-05
             282	        -0.32668	       -0.323481	     9.32788e-05
             283	       -0.323224	        -0.32348	     9.29536e-05
             284	         -0.3252	       -0.323486	     9.28234e-05
             285	        -0.32664	       -0.323497	     9.31552e-05
             286	       -0.325864	       -0.323505	     9.31965e-05
             287	       -0.320896	       -0.323496	     9.33141e-05
             288	       -0.321968	       -0.323491	     9.31408e-05
             289	       -0.319168	       -0.323476	     9.40118e-05
             290	       -0.321752	        -0.32347	     9.38754e-05
             291	       -0.322624	       -0.323467	     9.35978e-05
             292	       -0.324568	       -0.323471	     9.33531e-05
             293	       -0.322744	       -0.323468	     9.30675e-05
             294	       -0.323616	       -0.323469	     9.27523e-05
             295	       -0.325784	       -0.323477	     9.27693e-05
             296	       -0.324352	       -0.323479	     9.25031e-05
             297	       -0.324264	       -0.323482	     9.22293e-05
             298	       -0.323168	       -0.323481	     9.19258e-05
             299	         -0.3256	       -0.323488	     9.18911e-05
             300	       -0.323368	       -0.323488	     9.15857e-05
             301	        -0.32436	       -0.323491	     9.13273e-05
             302	       -0.324312	       -0.323493	     9.10654e-05
             303	       -0.323032	       -0.323492	     9.07775e-05
             304	       -0.321696	       -0.323486	     9.06709e-05
             305	       -0.324224	       -0.323488	     9.04059e-05
             306	          -0.323	       -0.323487	     9.01246e-05
             307	       -0.323544	       -0.323487	     8.98312e-05
             308	       -0.325032	       -0.323492	     8.96795e-05
             309	       -0.320832	       -0.323483	     8.98015e-05
             310	       -0.323632	       -0.323484	     8.95131e-05
             311	        -0.32264	       -0.323481	     8.92664e-05
             312	       -0.323304	       -0.323481	     8.89821e-05
             313	       -0.324624	       -0.323484	     8.87727e-05
             314	       -0.322152	        -0.32348	     8.85914e-05
             315	       -0.322264	       -0.323476	     8.83942e-05
             316	        -0.32068	       -0.323467	     8.85562e-05
             317	          -0.322	       -0.323463	     8.83977e-05
             318	       -0.325256	       -0.323468	     8.82995e-05
             319	       -0.322584	       -0.323466	     8.80662e-05
             320	       -0.323808	       -0.323467	     8.77975e-05
             321	       -0.320992	       -0.323459	     8.78617e-05
             322	       -0.322968	       -0.323457	     8.76021e-05
             323	         -0.3234	       -0.323457	     8.73311e-05
             324	        -0.32272	       -0.323455	     8.70912e-05
             325	       -0.323096	       -0.323454	     8.68302e-05
             326	       -0.324048	       -0.323456	      8.6583e-05
             327	       -0.324688	       -0.323459	     8.64002e-05
             328	       -0.322968	       -0.323458	     8.61497e-05
             329	       -0.322848	       -0.323456	     8.59078e-05
             330	        -0.32212	       -0.323452	     8.57428e-05
             331	        -0.32156	       -0.323446	     8.56741e-05
             332	       -0.323456	       -0.323446	     8.54161e-05
             333	       -0.323224	       -0.323446	     8.51622e-05
             334	       -0.324008	       -0.323447	     8.49238e-05
             335	       -0.323976	       -0.323449	      8.4685e-05
             336	       -0.324744	       -0.323453	     8.45206e-05
             337	       -0.325008	       -0.323457	     8.43957e-05
             338	        -0.32348	       -0.323457	     8.41461e-05
             339	       -0.324736	       -0.323461	     8.39823e-05
             340	       -0.323904	       -0.323462	     8.37454e-05
             341	       -0.324336	       -0.323465	      8.3539e-05
             342	       -0.322872	       -0.323463	     8.33127e-05
             343	       -0.324816	       -0.323467	     8.31631e-05
             344	       -0.324544	        -0.32347	     8.29802e-05
             345	       -0.321824	       -0.323466	     8.28768e-05
             346	        -0.32448	       -0.323469	     8.26891e-05
             347	       -0.322904	       -0.323467	     8.24669e-05
             348	       -0.323752	       -0.323468	     8.22339e-05
             349	       -0.325744	       -0.323474	     8.22566e-05
             350	       -0.323912	       -0.323476	      8.2031e-05
             351	       -0.322984	       -0.323474	     8.18093e-05
             352	        -0.32172	       -0.323469	     8.17285e-05
             353	       -0.324016	       -0.323471	     8.15117e-05
             354	       -0.323632	       -0.323471	     8.12827e-05
             355	       -0.325632	       -0.323477	     8.12813e-05
             356	       -0.323456	       -0.323477	      8.1053e-05
             357	       -0.324768	       -0.323481	     8.09066e-05
             358	       -0.323552	       -0.323481	     8.06808e-05
             359	       -0.320256	       -0.323472	     8.09547e-05
             360	         -0.3236	       -0.323472	     8.07306e-05
             361	       -0.323624	       -0.323473	      8.0508e-05
             362	       -0.323312	       -0.323472	     8.02869e-05
             363	       -0.323064	       -0.323471	     8.00736e-05
             364	       -0.323104	        -0.32347	     7.98599e-05
             365	        -0.32116	       -0.323464	     7.98916e-05
             366	       -0.323504	       -0.323464	     7.96734e-05
             367	          -0.323	       -0.323463	     7.94663e-05
             368	       -0.322424	        -0.32346	     7.93005e-05
             369	       -0.322784	       -0.323458	     7.91067e-05
             370	       -0.323352	       -0.323458	     7.88934e-05
             371	        -0.32484	       -0.323461	     7.87687e-05
             372	        -0.32376	       -0.323462	      7.8561e-05
             373	       -0.327032	       -0.323472	     7.89312e-05
             374	       -0.327008	       -0.323481	     7.92844e-05
             375	       -0.325512	       -0.323487	     7.92577e-05
             376	       -0.324096	       -0.323488	     7.90635e-05
             377	       -0.323448	       -0.323488	     7.88538e-05
             378	       -0.321696	       -0.323484	     7.87876e-05
             379	       -0.324128	       -0.323485	     7.85981e-05
             380	       -0.320912	       -0.323478	     7.86824e-05
             381	       -0.324168	        -0.32348	     7.84967e-05
             382	       -0.321608	       -0.323475	     7.84441e-05
             383	       -0.323752	       -0.323476	     7.82426e-05
             384	       -0.322296	       -0.323473	     7.80992e-05
             385	        -0.32388	       -0.323474	     7.79035e-05
             386	       -0.322168	       -0.323471	     7.77751e-05
             387	       -0.322112	       -0.323467	     7.76533e-05
             388	       -0.324488	        -0.32347	     7.74977e-05
             389	        -0.32344	        -0.32347	     7.72986e-05
             390	       -0.323512	        -0.32347	     7.71004e-05
             391	       -0.321856	       -0.323466	     7.70136e-05
             392	       -0.322104	       -0.323462	     7.68955e-05
             393	       -0.323008	       -0.323461	     7.67085e-05
             394	       -0.321904	       -0.323457	     7.66155e-05
             395	       -0.323608	       -0.323457	     7.64225e-05
             396	        -0.32188	       -0.323454	     7.63333e-05
             397	       -0.322312	       -0.323451	     7.61952e-05
             398	        -0.32248	       -0.323448	     7.60427e-05
             399	         -0.3222	       -0.323445	     7.59165e-05
             400	       -0.322528	       -0.323443	     7.57613e-05
             401	       -0.323896	       -0.323444	     7.55808e-05
             402	       -0.320984	       -0.323438	     7.56401e-05
             403	         -0.3228	       -0.323436	     7.54689e-05
             404	       -0.324136	       -0.323438	      7.5302e-05
             405	       -0.325256	       -0.323442	     7.52498e-05
             406	       -0.323296	       -0.323442	     7.50653e-05
             407	       -0.324728	       -0.323445	     7.49473e-05
             408	       -0.323456	       -0.323445	     7.47636e-05
             409	       -0.324424	       -0.323448	     7.46191e-05
             410	        -0.32132	       -0.323442	     7.46174e-05
             411	       -0.322384	        -0.32344	     7.44802e-05
             412	       -0.323752	       -0.323441	     7.43033e-05
             413	       -0.324576	       -0.323443	     7.41742e-05
             414	       -0.323768	       -0.323444	     7.39992e-05
             415	       -0.323144	       -0.323443	     7.38244e-05
             416	       -0.322864	       -0.323442	     7.36601e-05
             417	        -0.32504	       -0.323446	     7.35831e-05
             418	       -0.320976	        -0.32344	     7.36439e-05
             419	       -0.322368	       -0.323437	     7.35126e-05
             420	       -0.322872	       -0.323436	     7.33499e-05
             421	       -0.321632	       -0.323432	     7.33007e-05
             422	        -0.31976	       -0.323423	     7.36416e-05
             423	       -0.322752	       -0.323422	     7.34846e-05
             424	       -0.325432	       -0.323426	     7.34641e-05
             425	       -0.323056	       -0.323425	     7.32964e-05
             426	       -0.324696	       -0.323428	      7.3185e-05
             427	       -0.323464	       -0.323428	     7.30137e-05
             428	       -0.322032	       -0.323425	     7.29159e-05
             429	       -0.324264	       -0.323427	     7.27722e-05
             430	       -0.324864	        -0.32343	     7.26796e-05
             431	       -0.323408	        -0.32343	      7.2511e-05
             432	       -0.326608	       -0.323438	     7.27153e-05
             433	       -0.323208	       -0.323437	     7.25493e-05
             434	       -0.322624	       -0.323435	     7.24063e-05
             435	        -0.32528	        -0.32344	     7.23639e-05
             436	       -0.322824	       -0.323438	     7.22117e-05
             437	        -0.32084	       -0.323432	     7.22908e-05
             438	       -0.324592	       -0.323435	     7.21743e-05
             439	       -0.324184	       -0.323437	       7.203e-05
             440	       -0.324352	       -0.323439	     7.18964e-05
             441	       -0.322768	       -0.323437	     7.17494e-05
             442	       -0.323592	       -0.323438	     7.15879e-05
             443	       -0.323912	       -0.323439	     7.14344e-05
             444	       -0.323568	       -0.323439	     7.12741e-05
             445	       -0.324952	       -0.323442	      7.1195e-05
             446	       -0.325736	       -0.323447	     7.12208e-05
             447	       -0.321096	       -0.323442	     7.12555e-05
             448	         -0.3242	       -0.323444	     7.11165e-05
             449	       -0.323592	       -0.323444	     7.09589e-05
             450	       -0.322104	       -0.323441	     7.08637e-05
             451	       -0.322672	        -0.32344	     7.07271e-05
             452	       -0.321408	       -0.323435	     7.07133e-05
             453	       -0.323872	       -0.323436	     7.05638e-05
             454	       -0.324928	       -0.323439	     7.04848e-05
             455	       -0.323808	        -0.32344	     7.03346e-05
             456	       -0.324136	       -0.323442	     7.01969e-05
             457	       -0.324504	       -0.323444	     7.00818e-05
             458	         -0.3218	        -0.32344	     7.00206e-05
             459	       -0.325288	       -0.323444	     6.99837e-05
             460	       -0.321864	       -0.323441	     6.99158e-05
             461	       -0.323672	       -0.323441	     6.97659e-05
             462	        -0.32228	       -0.323439	     6.96602e-05
             463	        -0.32336	       -0.323439	       6.951e-05
             464	       -0.321136	       -0.323434	     6.95371e-05
             465	        -0.32264	       -0.323432	     6.94085e-05
             466	       -0.323936	       -0.323433	      6.9268e-05
             467	       -0.325712	       -0.323438	     6.92913e-05
             468	       -0.322112	       -0.323435	     6.92012e-05
             469	       -0.323752	       -0.323436	     6.90569e-05
             470	       -0.321856	       -0.323433	     6.89918e-05
             471	       -0.322552	       -0.323431	     6.88706e-05
             472	         -0.3232	        -0.32343	     6.87264e-05
             473	       -0.322488	       -0.323428	       6.861e-05
             474	       -0.322032	       -0.323425	     6.85284e-05
             475	       -0.324192	       -0.323427	     6.84032e-05
             476	       -0.324512	       -0.323429	     6.82974e-05
             477	       -0.323936	        -0.32343	     6.81625e-05
             478	         -0.3238	       -0.323431	     6.80243e-05
             479	       -0.321096	       -0.323426	     6.80567e-05
             480	        -0.32116	       -0.323421	     6.80785e-05
             481	       -0.322016	       -0.323418	     6.79996e-05
             482	        -0.32196	       -0.323415	     6.79258e-05
             483	       -0.323512	       -0.323416	     6.77855e-05
             484	       -0.322992	       -0.323415	     6.76511e-05
             485	       -0.324312	       -0.323417	     6.75369e-05
             486	       -0.323656	       -0.323417	     6.73997e-05
             487	       -0.321152	       -0.323412	     6.74216e-05
             488	       -0.325912	       -0.323418	     6.74778e-05
             489	       -0.321936	       -0.323415	     6.74077e-05
             490	       -0.320768	       -0.323409	     6.74862e-05
             491	       -0.322136	       -0.323407	     6.73986e-05
             492	       -0.322176	       -0.323404	      6.7308e-05
             493	       -0.322848	       -0.323403	     6.71809e-05
             494	       -0.320888	       -0.323398	     6.72375e-05
             495	        -0.32276	       -0.323397	      6.7114e-05
             496	       -0.325376	       -0.323401	     6.70972e-05
             497	       -0.327024	       -0.323408	     6.73572e-05
             498	       -0.321688	       -0.323404	     6.73104e-05
             499	       -0.320576	       -0.323399	     6.74137e-05
             500	       -0.324824	       -0.323402	     6.73391e-05
