#     BLOCK:   ACTUAL_TE:    TE_AVE:      ERROR:
               1	       -0.438152	       -0.438152	               0
               2	       -0.438312	       -0.438232	     5.65685e-05
               3	       -0.437248	       -0.437904	     0.000270453
               4	       -0.434696	       -0.437102	     0.000723565
               5	       -0.435632	       -0.436808	     0.000635782
               6	       -0.440344	       -0.437397	     0.000755073
               7	       -0.437992	       -0.437482	     0.000651967
               8	         -0.4368	       -0.437397	     0.000576022
               9	       -0.436976	        -0.43735	     0.000513916
              10	       -0.438704	       -0.437486	     0.000480024
              11	       -0.437112	       -0.437452	     0.000437585
              12	       -0.438856	       -0.437569	     0.000416476
              13	        -0.43712	       -0.437534	     0.000385866
              14	       -0.439128	       -0.437648	     0.000374723
              15	        -0.43868	       -0.437717	     0.000356001
              16	       -0.436912	       -0.437667	     0.000337286
              17	         -0.4376	       -0.437663	     0.000317468
              18	        -0.43804	       -0.437684	     0.000300523
              19	       -0.439904	         -0.4378	     0.000306588
              20	        -0.43536	       -0.437678	     0.000314605
              21	       -0.435544	       -0.437577	     0.000315615
              22	       -0.438648	       -0.437625	     0.000305002
              23	       -0.440712	        -0.43776	     0.000319904
              24	       -0.439648	       -0.437838	     0.000316103
              25	        -0.43952	       -0.437906	     0.000310533
              26	        -0.44032	       -0.437998	     0.000312166
              27	       -0.436904	       -0.437958	     0.000303224
              28	       -0.436744	       -0.437915	     0.000295478
              29	       -0.438304	       -0.437928	     0.000285594
              30	       -0.437696	        -0.43792	     0.000276179
              31	       -0.436168	       -0.437864	     0.000272993
              32	        -0.44044	       -0.437944	     0.000276078
              33	       -0.439248	       -0.437984	     0.000270524
              34	       -0.435816	        -0.43792	     0.000269976
              35	       -0.435944	       -0.437864	     0.000268101
              36	       -0.437184	       -0.437845	     0.000261317
              37	       -0.437728	       -0.437842	     0.000254274
              38	       -0.438896	       -0.437869	     0.000249092
              39	       -0.437912	        -0.43787	     0.000242707
              40	        -0.43492	       -0.437797	     0.000247594
              41	       -0.438632	       -0.437817	     0.000242392
              42	       -0.440856	       -0.437889	     0.000247185
              43	       -0.441552	       -0.437975	     0.000255691
              44	       -0.432672	       -0.437854	     0.000276827
              45	        -0.43708	       -0.437837	     0.000271209
              46	         -0.4388	       -0.437858	      0.00026612
              47	        -0.43828	       -0.437867	      0.00026061
              48	        -0.43612	        -0.43783	     0.000257708
              49	         -0.4366	       -0.437805	     0.000253669
              50	        -0.43948	       -0.437839	     0.000250798
              51	       -0.437672	       -0.437835	     0.000245901
              52	       -0.438792	       -0.437854	      0.00024186
              53	       -0.434728	       -0.437795	     0.000244381
              54	       -0.435464	       -0.437752	     0.000243638
              55	       -0.437488	       -0.437747	     0.000239255
              56	       -0.438208	       -0.437755	     0.000235125
              57	       -0.440984	       -0.437812	     0.000237725
              58	        -0.43512	       -0.437765	     0.000238114
              59	       -0.435464	       -0.437726	     0.000237251
              60	       -0.438496	       -0.437739	     0.000233644
              61	       -0.439296	       -0.437765	     0.000231203
              62	       -0.439264	       -0.437789	     0.000228735
              63	       -0.435136	       -0.437747	     0.000228948
              64	       -0.438088	       -0.437752	     0.000225433
              65	       -0.440872	         -0.4378	     0.000227017
              66	       -0.437856	       -0.437801	     0.000223579
              67	       -0.431976	       -0.437714	     0.000236542
              68	        -0.44036	       -0.437753	     0.000236242
              69	       -0.437088	       -0.437743	     0.000233015
              70	       -0.435728	       -0.437715	     0.000231458
              71	         -0.4364	       -0.437696	     0.000228937
              72	       -0.437344	       -0.437691	      0.00022581
              73	        -0.43708	       -0.437683	     0.000222871
              74	       -0.438512	       -0.437694	     0.000220141
              75	       -0.439408	       -0.437717	     0.000218389
              76	       -0.439168	       -0.437736	     0.000216349
              77	       -0.435408	       -0.437706	     0.000215641
              78	       -0.440456	       -0.437741	      0.00021574
              79	       -0.438232	       -0.437747	     0.000213099
              80	       -0.436984	       -0.437738	     0.000210648
              81	       -0.437624	       -0.437736	     0.000208052
              82	       -0.435472	       -0.437709	     0.000207339
              83	       -0.436992	         -0.4377	     0.000205021
              84	       -0.437088	       -0.437693	      0.00020271
              85	       -0.439512	       -0.437714	     0.000201452
              86	        -0.43788	       -0.437716	     0.000199118
              87	       -0.438632	       -0.437727	     0.000197108
              88	        -0.43652	       -0.437713	     0.000195344
              89	       -0.439992	       -0.437738	     0.000194821
              90	        -0.43872	       -0.437749	     0.000192961
              91	       -0.437864	       -0.437751	     0.000190845
              92	       -0.435928	       -0.437731	     0.000189796
              93	       -0.439632	       -0.437751	     0.000188853
              94	       -0.439672	       -0.437772	     0.000187946
              95	        -0.44056	       -0.437801	     0.000188245
              96	       -0.437496	       -0.437798	     0.000186311
              97	       -0.435264	       -0.437772	     0.000186213
              98	       -0.438112	       -0.437775	     0.000184345
              99	       -0.438104	       -0.437779	     0.000182513
             100	       -0.438072	       -0.437781	     0.000180711
             101	       -0.440448	       -0.437808	      0.00018084
             102	       -0.439808	       -0.437827	     0.000180128
             103	        -0.43776	       -0.437827	      0.00017838
             104	       -0.434272	       -0.437793	      0.00017991
             105	        -0.43884	       -0.437803	     0.000178473
             106	       -0.438168	       -0.437806	     0.000176822
             107	       -0.434352	       -0.437774	     0.000178092
             108	       -0.439504	        -0.43779	     0.000177162
             109	       -0.436064	       -0.437774	     0.000176243
             110	       -0.438928	       -0.437784	     0.000174953
             111	       -0.435592	       -0.437765	     0.000174488
             112	       -0.435744	       -0.437747	      0.00017386
             113	       -0.437576	       -0.437745	     0.000172328
             114	       -0.438688	       -0.437753	     0.000171015
             115	       -0.438472	        -0.43776	     0.000169642
             116	       -0.437656	       -0.437759	     0.000168182
             117	         -0.4398	       -0.437776	     0.000167647
             118	       -0.436584	       -0.437766	      0.00016653
             119	       -0.436536	       -0.437756	     0.000165451
             120	       -0.436992	       -0.437749	     0.000164195
             121	       -0.437952	       -0.437751	     0.000162846
             122	       -0.437848	       -0.437752	     0.000161514
             123	       -0.437496	        -0.43775	     0.000160214
             124	       -0.436856	       -0.437743	     0.000159084
             125	       -0.438192	       -0.437746	     0.000157852
             126	       -0.438056	       -0.437749	     0.000156618
             127	       -0.438088	       -0.437751	     0.000155408
             128	       -0.439136	       -0.437762	      0.00015457
             129	       -0.440232	       -0.437781	     0.000154553
             130	       -0.437152	       -0.437776	      0.00015344
             131	       -0.439072	       -0.437786	     0.000152587
             132	       -0.435328	       -0.437768	     0.000152563
             133	       -0.438992	       -0.437777	     0.000151693
             134	       -0.437776	       -0.437777	     0.000150561
             135	       -0.436432	       -0.437767	     0.000149775
             136	       -0.438576	       -0.437773	     0.000148792
             137	       -0.436432	       -0.437763	     0.000148028
             138	        -0.43968	       -0.437777	     0.000147605
             139	       -0.437584	       -0.437776	      0.00014655
             140	       -0.439368	       -0.437787	     0.000145944
             141	       -0.438784	       -0.437794	      0.00014508
             142	       -0.434784	       -0.437773	     0.000145599
             143	       -0.438472	       -0.437778	     0.000144663
             144	       -0.437992	       -0.437779	     0.000143666
             145	       -0.436928	       -0.437773	     0.000142795
             146	       -0.440104	       -0.437789	     0.000142706
             147	         -0.4324	       -0.437753	     0.000146369
             148	       -0.438488	       -0.437758	     0.000145464
             149	       -0.436632	        -0.43775	     0.000144684
             150	       -0.437256	       -0.437747	     0.000143757
             151	       -0.440248	       -0.437763	     0.000143756
             152	       -0.436784	       -0.437757	     0.000142955
             153	        -0.43556	       -0.437743	      0.00014274
             154	        -0.44004	       -0.437757	      0.00014259
             155	        -0.43904	       -0.437766	      0.00014191
             156	         -0.4378	       -0.437766	     0.000141001
             157	        -0.43384	       -0.437741	     0.000142303
             158	        -0.43764	        -0.43774	     0.000141403
             159	        -0.44016	       -0.437756	     0.000141331
             160	       -0.437464	       -0.437754	     0.000140459
             161	       -0.435688	       -0.437741	     0.000140171
             162	       -0.438336	       -0.437745	     0.000139354
             163	       -0.437456	       -0.437743	     0.000138511
             164	       -0.440488	        -0.43776	     0.000138674
             165	       -0.437344	       -0.437757	     0.000137856
             166	         -0.4386	       -0.437762	     0.000137119
             167	       -0.437728	       -0.437762	     0.000136298
             168	       -0.435552	       -0.437749	      0.00013612
             169	       -0.437704	       -0.437748	     0.000135315
             170	       -0.437936	        -0.43775	     0.000134524
             171	       -0.436424	       -0.437742	      0.00013396
             172	       -0.439008	       -0.437749	     0.000133383
             173	       -0.441176	       -0.437769	     0.000134075
             174	       -0.438336	       -0.437772	     0.000133344
             175	       -0.439112	        -0.43778	     0.000132802
             176	       -0.436184	       -0.437771	     0.000132356
             177	         -0.4382	       -0.437773	     0.000131631
             178	       -0.438152	       -0.437775	     0.000130909
             179	       -0.438288	       -0.437778	     0.000130209
             180	       -0.436584	       -0.437772	     0.000129654
             181	       -0.436904	       -0.437767	     0.000129026
             182	       -0.435744	       -0.437756	     0.000128795
             183	         -0.4386	        -0.43776	     0.000128174
             184	       -0.436136	       -0.437751	     0.000127781
             185	       -0.437992	       -0.437753	     0.000127097
             186	       -0.436688	       -0.437747	     0.000126543
             187	       -0.435984	       -0.437738	     0.000126217
             188	        -0.43952	       -0.437747	     0.000125901
             189	       -0.441368	       -0.437766	     0.000126684
             190	       -0.437776	       -0.437766	     0.000126017
             191	       -0.438096	       -0.437768	     0.000125369
             192	        -0.43888	       -0.437774	      0.00012485
             193	       -0.440072	       -0.437786	      0.00012477
             194	        -0.44016	       -0.437798	     0.000124725
             195	        -0.43816	         -0.4378	     0.000124099
             196	       -0.438736	       -0.437805	     0.000123558
             197	       -0.438168	       -0.437806	     0.000122945
             198	       -0.440352	       -0.437819	     0.000122994
             199	       -0.443448	       -0.437848	     0.000125586
             200	       -0.438152	       -0.437849	     0.000124968
             201	       -0.435688	       -0.437838	     0.000124808
             202	       -0.441456	       -0.437856	     0.000125468
             203	       -0.439864	       -0.437866	     0.000125239
             204	       -0.444104	       -0.437897	     0.000128304
             205	       -0.434152	       -0.437878	     0.000128972
             206	        -0.43624	       -0.437871	     0.000128591
             207	       -0.435712	        -0.43786	     0.000128392
             208	       -0.440056	       -0.437871	     0.000128208
             209	        -0.43772	        -0.43787	     0.000127596
             210	       -0.437288	       -0.437867	     0.000127019
             211	       -0.439968	       -0.437877	     0.000126806
             212	       -0.434696	       -0.437862	     0.000127093
             213	        -0.43552	       -0.437851	     0.000126971
             214	       -0.435208	       -0.437839	     0.000126977
             215	       -0.439608	       -0.437847	     0.000126653
             216	       -0.436216	       -0.437839	     0.000126291
             217	       -0.437816	       -0.437839	     0.000125709
             218	       -0.440112	        -0.43785	     0.000125564
             219	       -0.438376	       -0.437852	     0.000125014
             220	       -0.440368	       -0.437864	     0.000124968
             221	        -0.43984	       -0.437873	     0.000124722
             222	       -0.437544	       -0.437871	     0.000124169
             223	        -0.43504	       -0.437858	     0.000124259
             224	         -0.4348	       -0.437845	     0.000124452
             225	       -0.439288	       -0.437851	     0.000124064
             226	       -0.438496	       -0.437854	     0.000123548
             227	       -0.439008	       -0.437859	     0.000123108
             228	       -0.438104	        -0.43786	     0.000122573
             229	       -0.436792	       -0.437855	     0.000122127
             230	       -0.436272	       -0.437849	      0.00012179
             231	       -0.438248	        -0.43785	     0.000121275
             232	       -0.435824	       -0.437842	     0.000121066
             233	       -0.438568	       -0.437845	     0.000120587
             234	       -0.438536	       -0.437848	     0.000120107
             235	       -0.440904	       -0.437861	     0.000120298
             236	       -0.439136	       -0.437866	      0.00011991
             237	        -0.43936	       -0.437872	      0.00011957
             238	       -0.435672	       -0.437863	     0.000119424
             239	       -0.439688	       -0.437871	     0.000119168
             240	       -0.439336	       -0.437877	     0.000118828
             241	       -0.441352	       -0.437891	     0.000119207
             242	       -0.438848	       -0.437895	      0.00011878
             243	       -0.436408	       -0.437889	     0.000118448
             244	       -0.438752	       -0.437893	     0.000118016
             245	        -0.43752	       -0.437891	     0.000117544
             246	       -0.436552	       -0.437886	     0.000117192
             247	       -0.438744	       -0.437889	     0.000116769
             248	       -0.436664	       -0.437884	     0.000116403
             249	       -0.436272	       -0.437878	     0.000116115
             250	       -0.438232	       -0.437879	     0.000115659
             251	       -0.436736	       -0.437875	     0.000115288
             252	          -0.437	       -0.437871	     0.000114883
             253	       -0.436952	       -0.437868	     0.000114486
             254	       -0.435216	       -0.437857	      0.00011451
             255	        -0.44012	       -0.437866	     0.000114405
             256	       -0.435616	       -0.437857	     0.000114295
             257	         -0.4376	       -0.437856	     0.000113855
             258	       -0.436752	       -0.437852	     0.000113494
             259	       -0.437552	       -0.437851	     0.000113061
             260	       -0.437352	       -0.437849	     0.000112643
             261	       -0.435416	       -0.437839	     0.000112596
             262	       -0.439904	       -0.437847	     0.000112442
             263	       -0.440768	       -0.437858	     0.000112561
             264	       -0.438088	       -0.437859	     0.000112138
             265	       -0.439512	       -0.437866	     0.000111888
             266	        -0.43832	       -0.437867	     0.000111481
             267	       -0.442096	       -0.437883	     0.000112183
             268	       -0.437664	       -0.437882	     0.000111767
             269	       -0.438112	       -0.437883	     0.000111355
             270	         -0.4396	        -0.43789	     0.000111124
             271	       -0.437608	       -0.437888	     0.000110719
             272	       -0.437232	       -0.437886	     0.000110338
             273	        -0.43864	       -0.437889	     0.000109968
             274	        -0.43968	       -0.437895	     0.000109761
             275	       -0.439016	       -0.437899	     0.000109438
             276	       -0.434872	       -0.437888	     0.000109589
             277	       -0.436584	       -0.437884	     0.000109295
             278	       -0.435912	       -0.437877	     0.000109132
             279	       -0.439424	       -0.437882	     0.000108881
             280	       -0.436976	       -0.437879	     0.000108541
             281	        -0.43536	        -0.43787	     0.000108524
             282	       -0.437624	       -0.437869	     0.000108142
             283	       -0.436216	       -0.437863	     0.000107918
             284	       -0.438936	       -0.437867	     0.000107604
             285	        -0.43752	       -0.437866	     0.000107233
             286	         -0.4376	       -0.437865	     0.000106863
             287	       -0.441408	       -0.437877	     0.000107201
             288	       -0.437704	       -0.437877	      0.00010683
             289	       -0.438304	       -0.437878	     0.000106471
             290	       -0.440736	       -0.437888	     0.000106559
             291	       -0.440608	       -0.437897	     0.000106602
             292	       -0.440608	       -0.437907	      0.00010664
             293	       -0.436736	       -0.437903	     0.000106351
             294	       -0.438704	       -0.437905	     0.000106024
             295	       -0.439768	       -0.437912	     0.000105853
             296	         -0.4366	       -0.437907	     0.000105588
             297	       -0.440512	       -0.437916	     0.000105596
             298	       -0.438864	       -0.437919	     0.000105289
             299	       -0.437888	       -0.437919	     0.000104937
             300	       -0.436912	       -0.437916	     0.000104641
             301	       -0.438552	       -0.437918	     0.000104315
             302	       -0.437296	       -0.437916	      0.00010399
             303	         -0.4372	       -0.437913	     0.000103673
             304	       -0.441416	       -0.437925	     0.000103971
             305	       -0.439592	        -0.43793	     0.000103773
             306	       -0.435616	       -0.437923	     0.000103709
             307	        -0.44064	       -0.437932	     0.000103749
             308	       -0.435376	       -0.437923	     0.000103743
             309	        -0.43464	       -0.437913	      0.00010395
             310	       -0.438032	       -0.437913	     0.000103616
             311	       -0.439112	       -0.437917	     0.000103354
             312	       -0.433472	       -0.437903	        0.000104
             313	       -0.436144	       -0.437897	     0.000103819
             314	       -0.435272	       -0.437889	     0.000103825
             315	       -0.440632	       -0.437897	      0.00010386
             316	        -0.43532	       -0.437889	     0.000103851
             317	        -0.44128	         -0.4379	     0.000104073
             318	       -0.435112	       -0.437891	     0.000104114
             319	       -0.435376	       -0.437883	     0.000104086
             320	       -0.436952	        -0.43788	     0.000103801
             321	       -0.436696	       -0.437877	     0.000103544
             322	        -0.43776	       -0.437876	     0.000103223
             323	       -0.438408	       -0.437878	     0.000102916
             324	       -0.437056	       -0.437876	      0.00010263
             325	       -0.442768	       -0.437891	     0.000103412
             326	        -0.43944	       -0.437895	     0.000103204
             327	       -0.437168	       -0.437893	     0.000102912
             328	         -0.4386	       -0.437895	     0.000102621
             329	       -0.436656	       -0.437892	     0.000102378
             330	       -0.441744	       -0.437903	     0.000102732
             331	       -0.436264	       -0.437898	     0.000102541
             332	       -0.437824	       -0.437898	     0.000102232
             333	       -0.436464	       -0.437894	     0.000102016
             334	       -0.441472	       -0.437904	     0.000102271
             335	       -0.437456	       -0.437903	     0.000101975
             336	       -0.438184	       -0.437904	     0.000101675
             337	       -0.438776	       -0.437906	     0.000101406
             338	       -0.434112	       -0.437895	     0.000101725
             339	       -0.435912	       -0.437889	     0.000101593
             340	       -0.439376	       -0.437894	     0.000101389
             341	       -0.438552	       -0.437896	      0.00010111
             342	         -0.4368	       -0.437893	     0.000100865
             343	       -0.436344	       -0.437888	     0.000100672
             344	       -0.440952	       -0.437897	     0.000100772
             345	       -0.437472	       -0.437896	     0.000100488
             346	       -0.437984	       -0.437896	     0.000100198
             347	       -0.436976	       -0.437893	     9.99439e-05
             348	       -0.438768	       -0.437896	     9.96883e-05
             349	       -0.437976	       -0.437896	     9.94029e-05
             350	       -0.439008	       -0.437899	     9.91697e-05
             351	       -0.439552	       -0.437904	     9.89989e-05
             352	       -0.435552	       -0.437897	     9.89428e-05
             353	       -0.438128	       -0.437898	     9.86647e-05
             354	       -0.437592	       -0.437897	     9.83898e-05
             355	        -0.43676	       -0.437894	     9.81647e-05
             356	       -0.435536	       -0.437887	     9.81122e-05
             357	       -0.437256	       -0.437885	     9.78533e-05
             358	       -0.440568	       -0.437893	     9.78664e-05
             359	       -0.433664	       -0.437881	     9.83002e-05
             360	       -0.436144	       -0.437876	     9.81455e-05
             361	         -0.4364	       -0.437872	     9.79588e-05
             362	       -0.439152	       -0.437876	     9.77519e-05
             363	       -0.439824	       -0.437881	     9.76299e-05
             364	       -0.439408	       -0.437885	     9.74517e-05
             365	       -0.439152	       -0.437889	     9.72465e-05
             366	       -0.437112	       -0.437887	      9.7004e-05
             367	       -0.436896	       -0.437884	     9.67772e-05
             368	       -0.438392	       -0.437885	     9.65241e-05
             369	       -0.434776	       -0.437877	     9.66296e-05
             370	       -0.437808	       -0.437877	     9.63686e-05
             371	       -0.441672	       -0.437887	     9.66503e-05
             372	       -0.435872	       -0.437882	     9.65422e-05
             373	       -0.435752	       -0.437876	      9.6452e-05
             374	       -0.436384	       -0.437872	     9.62765e-05
             375	       -0.433912	       -0.437861	     9.65972e-05
             376	       -0.437144	       -0.437859	     9.63591e-05
             377	       -0.437824	       -0.437859	     9.61035e-05
             378	       -0.437896	       -0.437859	     9.58494e-05
             379	        -0.43716	       -0.437858	     9.56142e-05
             380	       -0.436992	       -0.437855	     9.53897e-05
             381	       -0.440832	       -0.437863	     9.54588e-05
             382	       -0.439896	       -0.437868	     9.53571e-05
             383	       -0.439456	       -0.437873	     9.51982e-05
             384	       -0.438544	       -0.437874	     9.49663e-05
             385	       -0.435744	       -0.437869	     9.48807e-05
             386	       -0.439872	       -0.437874	     9.47768e-05
             387	        -0.44224	       -0.437885	      9.5201e-05
             388	        -0.43596	        -0.43788	     9.50848e-05
             389	       -0.437592	        -0.43788	     9.48433e-05
             390	       -0.437712	       -0.437879	     9.46011e-05
             391	       -0.435056	       -0.437872	     9.46342e-05
             392	       -0.438424	       -0.437873	     9.44033e-05
             393	        -0.43648	        -0.43787	     9.42296e-05
             394	       -0.436352	       -0.437866	     9.40692e-05
             395	       -0.435704	        -0.43786	     9.39901e-05
             396	       -0.435368	       -0.437854	     9.39633e-05
             397	       -0.439848	       -0.437859	     9.38607e-05
             398	       -0.434912	       -0.437852	     9.39165e-05
             399	       -0.438256	       -0.437853	     9.36866e-05
             400	       -0.439104	       -0.437856	     9.35046e-05
             401	       -0.436968	       -0.437854	     9.32976e-05
             402	        -0.44148	       -0.437863	     9.35006e-05
             403	       -0.441584	       -0.437872	     9.37235e-05
             404	       -0.438672	       -0.437874	     9.35124e-05
             405	       -0.438208	       -0.437875	     9.32852e-05
             406	       -0.438328	       -0.437876	     9.30621e-05
             407	       -0.438144	       -0.437877	     9.28357e-05
             408	         -0.4366	       -0.437873	     9.26609e-05
             409	       -0.437736	       -0.437873	      9.2435e-05
             410	       -0.436152	       -0.437869	     9.23048e-05
             411	       -0.439032	       -0.437872	     9.21236e-05
             412	       -0.439856	       -0.437876	     9.20258e-05
             413	        -0.43772	       -0.437876	     9.18037e-05
             414	       -0.440176	       -0.437882	     9.17499e-05
             415	        -0.43496	       -0.437875	     9.17985e-05
             416	       -0.433984	       -0.437865	     9.20531e-05
             417	        -0.43756	       -0.437865	     9.18352e-05
             418	       -0.435728	       -0.437859	     9.17576e-05
             419	       -0.435704	       -0.437854	     9.16827e-05
             420	       -0.434832	       -0.437847	     9.17464e-05
             421	        -0.43648	       -0.437844	     9.15859e-05
             422	       -0.433528	       -0.437834	     9.19381e-05
             423	       -0.440376	        -0.43784	      9.1917e-05
             424	       -0.439544	       -0.437844	     9.17881e-05
             425	       -0.437344	       -0.437842	     9.15797e-05
             426	       -0.437608	       -0.437842	     9.13663e-05
             427	       -0.438704	       -0.437844	     9.11747e-05
             428	       -0.438312	       -0.437845	     9.09682e-05
             429	        -0.43696	       -0.437843	     9.07796e-05
             430	       -0.439976	       -0.437848	     9.07039e-05
             431	         -0.4382	       -0.437849	     9.04971e-05
             432	       -0.439488	       -0.437853	     9.03671e-05
             433	       -0.435328	       -0.437847	     9.03463e-05
             434	        -0.43672	       -0.437844	     9.01754e-05
             435	         -0.4358	       -0.437839	     9.00905e-05
             436	        -0.43656	       -0.437836	     8.99316e-05
             437	       -0.437056	       -0.437835	     8.97436e-05
             438	       -0.439056	       -0.437837	      8.9582e-05
             439	        -0.43708	       -0.437836	     8.93946e-05
             440	       -0.437488	       -0.437835	     8.91949e-05
             441	       -0.433208	       -0.437824	     8.96076e-05
             442	       -0.436416	       -0.437821	     8.94615e-05
             443	       -0.436136	       -0.437817	     8.93404e-05
             444	       -0.438728	        -0.43782	     8.91627e-05
             445	       -0.438056	        -0.43782	     8.89639e-05
             446	       -0.437152	       -0.437819	     8.87771e-05
             447	       -0.437832	       -0.437819	     8.85785e-05
             448	         -0.4372	       -0.437817	     8.83915e-05
             449	       -0.437064	       -0.437816	     8.82106e-05
             450	       -0.441344	       -0.437823	     8.83623e-05
             451	       -0.432952	       -0.437813	     8.88241e-05
             452	       -0.437216	       -0.437811	     8.86374e-05
             453	       -0.438288	       -0.437812	      8.8448e-05
             454	       -0.440376	       -0.437818	     8.84333e-05
             455	       -0.439312	       -0.437821	     8.82998e-05
             456	       -0.439576	       -0.437825	       8.819e-05
             457	       -0.439424	       -0.437829	     8.80664e-05
             458	        -0.44332	       -0.437841	     8.86866e-05
             459	       -0.439488	       -0.437844	      8.8566e-05
             460	       -0.439424	       -0.437848	       8.844e-05
             461	        -0.43796	       -0.437848	     8.82485e-05
             462	       -0.438208	       -0.437849	     8.80609e-05
             463	       -0.438568	        -0.43785	     8.78844e-05
             464	       -0.439584	       -0.437854	     8.77744e-05
             465	       -0.435256	       -0.437848	     8.77633e-05
             466	       -0.439048	       -0.437851	     8.76127e-05
             467	       -0.437776	       -0.437851	     8.74252e-05
             468	       -0.438408	       -0.437852	     8.72465e-05
             469	       -0.438248	       -0.437853	     8.70646e-05
             470	       -0.440792	       -0.437859	     8.71037e-05
             471	       -0.439272	       -0.437862	     8.69704e-05
             472	       -0.436184	       -0.437858	     8.68587e-05
             473	       -0.436208	       -0.437855	     8.67452e-05
             474	       -0.436816	       -0.437853	     8.65899e-05
             475	       -0.439928	       -0.437857	     8.65177e-05
             476	       -0.437848	       -0.437857	     8.63359e-05
             477	       -0.438048	       -0.437858	     8.61559e-05
             478	       -0.438448	       -0.437859	     8.59845e-05
             479	       -0.439288	       -0.437862	     8.58567e-05
             480	       -0.438992	       -0.437864	     8.57101e-05
             481	       -0.437336	       -0.437863	      8.5539e-05
             482	       -0.437424	       -0.437862	     8.53664e-05
             483	       -0.436904	        -0.43786	     8.52127e-05
             484	       -0.437752	        -0.43786	     8.50369e-05
             485	       -0.440432	       -0.437865	     8.50268e-05
             486	       -0.437712	       -0.437865	     8.48524e-05
             487	       -0.438768	       -0.437867	     8.46984e-05
             488	       -0.439544	        -0.43787	     8.45946e-05
             489	       -0.442496	        -0.43788	     8.49489e-05
             490	       -0.434632	       -0.437873	     8.50337e-05
             491	       -0.434456	       -0.437866	     8.51448e-05
             492	        -0.43632	       -0.437863	     8.50297e-05
             493	       -0.436752	       -0.437861	     8.48871e-05
             494	       -0.438464	       -0.437862	      8.4724e-05
             495	        -0.43808	       -0.437862	      8.4554e-05
             496	       -0.437304	       -0.437861	      8.4391e-05
             497	        -0.43832	       -0.437862	     8.42263e-05
             498	       -0.438848	       -0.437864	     8.40804e-05
             499	       -0.439208	       -0.437867	      8.3955e-05
             500	       -0.438384	       -0.437868	     8.37935e-05
