#     BLOCK:   ACTUAL_CV:    CV_AVE:      ERROR:
               1	        0.300951	        0.300951	               0
               2	        0.323365	        0.312158	      0.00792452
               3	         0.33123	        0.318515	       0.0074063
               4	        0.328741	        0.321071	      0.00597965
               5	        0.346647	        0.326187	      0.00661931
               6	        0.335142	        0.327679	      0.00568189
               7	        0.308617	        0.324956	      0.00548409
               8	        0.340619	        0.326914	      0.00513618
               9	        0.322981	        0.326477	      0.00458405
              10	        0.346097	        0.328439	      0.00452609
              11	        0.336117	        0.329137	       0.0041681
              12	        0.360617	         0.33176	      0.00457239
              13	         0.34813	        0.333019	      0.00439063
              14	        0.330832	        0.332863	       0.0040798
              15	          0.3585	        0.334572	      0.00415039
              16	        0.340134	         0.33492	      0.00390552
              17	        0.338803	        0.335148	      0.00368246
              18	        0.338267	        0.335322	      0.00348195
              19	        0.330104	        0.335047	       0.0033095
              20	        0.318752	        0.334232	      0.00324277
              21	        0.341298	        0.334569	      0.00310576
              22	        0.344686	        0.335028	      0.00299844
              23	        0.301295	        0.333562	      0.00320679
              24	        0.332937	        0.333536	      0.00307328
              25	        0.319796	        0.332986	      0.00299908
              26	        0.309107	        0.332068	       0.0030211
              27	        0.312019	        0.331325	      0.00299907
              28	        0.371575	        0.332763	      0.00321808
              29	        0.352963	        0.333459	      0.00318161
              30	        0.333577	        0.333463	      0.00307556
              31	        0.320983	        0.333061	      0.00300258
              32	        0.318484	        0.332605	       0.0029431
              33	        0.340419	        0.332842	      0.00286342
              34	        0.362154	        0.333704	      0.00290609
              35	        0.304117	        0.332859	      0.00294344
              36	        0.380831	        0.334191	      0.00314891
              37	        0.338182	        0.334299	      0.00306565
              38	        0.343687	        0.334546	      0.00299491
              39	        0.304962	        0.333788	      0.00301265
              40	        0.324445	        0.333554	      0.00294638
              41	        0.304765	        0.332852	        0.002957
              42	        0.335615	        0.332918	      0.00288733
              43	        0.326882	        0.332777	      0.00282359
              44	        0.352362	        0.333222	      0.00279428
              45	        0.326912	        0.333082	       0.0027357
              46	        0.325474	        0.332917	      0.00268122
              47	        0.359676	        0.333486	      0.00268395
              48	        0.334743	        0.333512	      0.00262816
              49	        0.312498	        0.333083	      0.00260928
              50	        0.346966	        0.333361	      0.00257182
              51	        0.384126	        0.334357	      0.00270718
              52	        0.345123	        0.334564	      0.00266302
              53	        0.328274	        0.334445	      0.00261542
              54	        0.330995	        0.334381	      0.00256776
              55	        0.285787	        0.333497	      0.00266876
              56	         0.29226	        0.332761	       0.0027208
              57	        0.356039	        0.333169	      0.00270354
              58	        0.333672	        0.333178	      0.00265694
              59	        0.325079	        0.333041	      0.00261545
              60	        0.286739	        0.332269	       0.0026833
              61	        0.333644	        0.332292	       0.0026394
              62	        0.332861	        0.332301	      0.00259685
              63	        0.330039	        0.332265	      0.00255588
              64	        0.315098	        0.331997	      0.00252998
              65	        0.333927	        0.332026	      0.00249123
              66	        0.338411	        0.332123	      0.00245536
              67	        0.332844	        0.332134	      0.00241874
              68	        0.301599	        0.331685	      0.00242449
              69	        0.346136	        0.331894	      0.00239838
              70	        0.310696	        0.331591	      0.00238316
              71	        0.317231	        0.331389	      0.00235816
              72	        0.346538	          0.3316	      0.00233478
              73	        0.326931	        0.331536	      0.00230367
              74	        0.341408	        0.331669	       0.0022764
              75	        0.332804	        0.331684	       0.0022461
              76	         0.30297	        0.331306	      0.00224809
              77	        0.340323	        0.331424	      0.00222194
              78	         0.36962	        0.331913	      0.00224677
              79	          0.3123	        0.331665	      0.00223201
              80	        0.299806	        0.331267	      0.00223935
              81	        0.340033	        0.331375	      0.00221432
              82	        0.305783	        0.331063	       0.0022092
              83	        0.307278	        0.330776	      0.00220109
              84	         0.33299	        0.330803	      0.00217505
              85	         0.32753	        0.330764	       0.0021498
              86	        0.313834	        0.330567	      0.00213379
              87	        0.304088	        0.330263	      0.00213086
              88	        0.341747	        0.330393	      0.00211064
              89	        0.387256	        0.331032	      0.00218148
              90	        0.315391	        0.330859	      0.00216416
              91	        0.351285	        0.331083	      0.00215198
              92	        0.336567	        0.331143	      0.00212942
              93	        0.350329	        0.331349	      0.00211649
              94	        0.310907	        0.331131	      0.00210512
              95	        0.305867	        0.330865	      0.00209969
              96	        0.300059	        0.330545	       0.0021022
              97	         0.34478	        0.330691	      0.00208564
              98	        0.364932	        0.331041	      0.00209342
              99	        0.324057	         0.33097	      0.00207346
             100	        0.337304	        0.331034	       0.0020537
             101	        0.315811	        0.330883	      0.00203888
             102	        0.373413	          0.3313	      0.00206109
             103	        0.336169	        0.331347	      0.00204162
             104	        0.322666	        0.331264	       0.0020237
             105	         0.37557	        0.331686	      0.00204794
             106	        0.355809	        0.331913	      0.00204123
             107	         0.35277	        0.332108	      0.00203144
             108	        0.332749	        0.332114	      0.00201264
             109	        0.340807	        0.332194	      0.00199575
             110	        0.318589	         0.33207	      0.00198144
             111	        0.344761	        0.332184	      0.00196688
             112	          0.3817	        0.332626	      0.00199839
             113	        0.342616	        0.332715	      0.00198266
             114	         0.32925	        0.332684	       0.0019655
             115	        0.327507	        0.332639	      0.00194892
             116	        0.332899	        0.332642	      0.00193212
             117	        0.330868	        0.332627	      0.00191567
             118	        0.311552	        0.332448	      0.00190774
             119	        0.341919	        0.332528	      0.00189337
             120	        0.318658	        0.332412	      0.00188112
             121	        0.334062	        0.332426	      0.00186562
             122	        0.363527	        0.332681	      0.00186766
             123	        0.302068	        0.332432	      0.00186899
             124	         0.33698	        0.332468	      0.00185428
             125	        0.371616	        0.332782	       0.0018657
             126	        0.331645	        0.332772	      0.00185092
             127	        0.302036	         0.33253	       0.0018521
             128	        0.328593	          0.3325	      0.00183788
             129	        0.318765	        0.332393	      0.00182672
             130	        0.344538	        0.332487	      0.00181505
             131	         0.33163	         0.33248	      0.00180121
             132	        0.315484	        0.332351	      0.00179216
             133	        0.310384	        0.332186	      0.00178628
             134	        0.352385	        0.332337	       0.0017793
             135	        0.334063	         0.33235	      0.00176617
             136	        0.295555	        0.332079	      0.00177378
             137	        0.319131	        0.331985	      0.00176335
             138	        0.329782	        0.331969	      0.00175064
             139	        0.338729	        0.332017	      0.00173872
             140	        0.300661	        0.331793	      0.00174067
             141	        0.344288	        0.331882	      0.00173058
             142	        0.371571	        0.332161	      0.00174082
             143	        0.298484	        0.331926	       0.0017445
             144	        0.340166	        0.331983	      0.00173332
             145	        0.354571	        0.332139	      0.00172835
             146	        0.323815	        0.332082	      0.00171746
             147	        0.318577	         0.33199	      0.00170823
             148	         0.33195	         0.33199	      0.00169669
             149	        0.361734	        0.332189	        0.001697
             150	        0.329588	        0.332172	      0.00168578
             151	        0.319833	         0.33209	      0.00167659
             152	        0.334168	        0.332104	      0.00166562
             153	        0.403093	        0.332568	      0.00171814
             154	        0.353806	        0.332706	      0.00171251
             155	        0.332463	        0.332704	      0.00170146
             156	        0.375393	        0.332978	      0.00171242
             157	        0.355222	         0.33312	      0.00170736
             158	        0.329432	        0.333096	      0.00169672
             159	        0.343264	         0.33316	      0.00168725
             160	        0.374181	        0.333417	      0.00169607
             161	        0.336602	        0.333436	      0.00168565
             162	        0.308749	        0.333284	      0.00168212
             163	        0.361668	        0.333458	      0.00168079
             164	        0.325892	        0.333412	      0.00167118
             165	        0.316201	        0.333308	       0.0016643
             166	        0.335292	         0.33332	      0.00165432
             167	        0.315711	        0.333214	      0.00164777
             168	        0.327548	        0.333181	       0.0016383
             169	        0.357085	        0.333322	       0.0016347
             170	        0.328335	        0.333293	      0.00162535
             171	        0.312094	        0.333169	      0.00162057
             172	        0.397825	        0.333545	      0.00165417
             173	        0.377717	          0.3338	       0.0016642
             174	        0.323875	        0.333743	      0.00165561
             175	        0.317707	        0.333651	      0.00164868
             176	        0.323513	        0.333594	      0.00164032
             177	        0.340496	        0.333633	      0.00163152
             178	        0.322232	        0.333569	      0.00162361
             179	        0.381937	        0.333839	      0.00163687
             180	        0.299173	        0.333646	      0.00163907
             181	        0.312824	        0.333531	      0.00163404
             182	         0.34132	        0.333574	      0.00162562
             183	        0.331111	        0.333561	       0.0016168
             184	        0.322879	        0.333502	      0.00160905
             185	        0.304117	        0.333344	      0.00160818
             186	        0.308401	         0.33321	      0.00160511
             187	        0.338897	         0.33324	      0.00159682
             188	        0.333279	         0.33324	      0.00158832
             189	        0.351025	        0.333334	       0.0015827
             190	        0.336213	        0.333349	      0.00157445
             191	        0.319796	        0.333278	       0.0015678
             192	        0.315831	        0.333188	      0.00156227
             193	        0.320115	         0.33312	      0.00155564
             194	        0.323583	        0.333071	       0.0015484
             195	        0.328882	        0.333049	      0.00154061
             196	        0.363151	        0.333203	      0.00154038
             197	        0.345163	        0.333263	      0.00153376
             198	        0.321567	        0.333204	      0.00152715
             199	        0.322789	        0.333152	      0.00152037
             200	        0.377722	        0.333375	      0.00152901
