#     BLOCK:   ACTUAL_M:     M_AVE:       ERROR:
           1	    -0.98092	    -0.98092	           0
           2	     -0.7108	    -0.84586	   0.0955018
           3	      -0.895	    -0.86224	   0.0650574
           4	    -0.93624	    -0.88074	   0.0513561
           5	    -0.99568	   -0.903728	   0.0459427
           6	    -0.87784	   -0.899413	   0.0384876
           7	    -0.53436	   -0.847263	    0.058476
           8	     0.73716	    -0.64921	    0.192197
           9	     0.12116	   -0.563613	    0.188944
          10	    -0.71024	   -0.578276	    0.170617
          11	    -0.97784	     -0.6146	    0.158926
          12	     0.40716	   -0.529453	    0.166941
          13	    -0.34564	   -0.515314	    0.154697
          14	      0.5666	   -0.438034	    0.161802
          15	     0.75356	   -0.358595	    0.169398
          16	     0.43756	   -0.308835	    0.165958
          17	     0.99464	    -0.23216	    0.173004
          18	    -0.14292	   -0.227202	    0.163464
          19	    -0.76132	   -0.255314	    0.157259
          20	    -0.97704	     -0.2914	     0.15348
          21	    -0.79804	   -0.315526	    0.148056
          22	    -0.70452	   -0.333207	    0.142378
          23	    -0.02232	    -0.31969	    0.136828
          24	      -0.097	   -0.310412	    0.131441
          25	    -0.88048	   -0.333214	    0.128146
          26	    -0.99296	   -0.358589	    0.125704
          27	     -0.7074	   -0.371508	    0.121711
          28	    -0.98568	   -0.393443	    0.119324
          29	    -0.82644	   -0.408374	     0.11614
          30	       -0.96	   -0.426761	    0.113715
          31	    -0.91996	   -0.442671	    0.111154
          32	    -0.87976	    -0.45633	    0.108516
          33	    -0.49084	   -0.457376	    0.105233
          34	    -0.32708	   -0.453544	    0.102208
          35	    -0.46688	   -0.453925	   0.0992881
          36	      -0.996	   -0.468982	   0.0976653
          37	    -0.94224	   -0.481773	   0.0958596
          38	    -0.91404	   -0.493148	   0.0940095
          39	     -0.9134	   -0.503924	   0.0922145
          40	    -0.39048	   -0.501088	   0.0899527
          41	    -0.72736	   -0.506607	   0.0879279
          42	    -0.91212	   -0.516262	   0.0863628
          43	     -0.4446	   -0.514595	   0.0843705
          44	     -0.4824	   -0.513864	   0.0824561
          45	    -0.98428	   -0.524317	   0.0812837
          46	    -0.91348	   -0.532777	   0.0799557
          47	     -0.9612	   -0.541893	   0.0787725
          48	     -0.8036	   -0.547345	   0.0773198
          49	    -0.83812	   -0.553279	   0.0759692
          50	     -0.3204	   -0.548622	   0.0745925
          51	    -0.37056	    -0.54513	   0.0732116
          52	    -0.42272	   -0.542776	   0.0718415
          53	       0.777	   -0.517875	    0.074677
          54	    -0.59212	    -0.51925	   0.0733068
          55	    -0.90564	   -0.526275	   0.0723098
          56	      0.7796	   -0.502956	    0.074684
          57	    -0.57256	   -0.504177	   0.0733838
          58	    -0.62832	   -0.506317	   0.0721497
          59	    -0.91572	   -0.513256	   0.0712598
          60	      0.2506	   -0.500525	   0.0712002
          61	     0.33624	   -0.486808	   0.0713422
          62	     0.11256	   -0.477141	   0.0708435
          63	    -0.96532	    -0.48489	   0.0701415
          64	    -0.92876	   -0.491825	   0.0693875
          65	    -0.95996	   -0.499027	   0.0686928
          66	    -0.75452	   -0.502898	    0.067761
          67	    -0.58112	   -0.504066	   0.0667597
          68	      -0.987	   -0.511168	   0.0661546
          69	     -0.8996	   -0.516797	   0.0654349
          70	    -0.39948	   -0.515121	   0.0645216
          71	     -0.4846	   -0.514691	   0.0636143
          72	    -0.89164	   -0.519927	   0.0629458
          73	     -0.9784	   -0.526207	   0.0623961
          74	    -0.94872	   -0.531917	   0.0618136
          75	     -0.8536	   -0.536206	    0.061138
          76	    -0.87848	   -0.540709	   0.0604992
          77	     -0.8356	   -0.544539	   0.0598346
          78	    -0.53584	   -0.544428	   0.0590676
          79	    -0.98472	   -0.550001	   0.0585822
          80	      -0.884	   -0.554176	   0.0579985
          81	    -0.76128	   -0.556733	   0.0573388
          82	     -0.6704	   -0.558119	   0.0566563
          83	    -0.89084	   -0.562128	   0.0561154
          84	    -0.94388	   -0.566672	   0.0556311
          85	    -0.98728	   -0.571621	   0.0551962
          86	     -0.9188	   -0.575658	   0.0547018
          87	     0.87604	   -0.558971	   0.0565608
          88	     0.55648	   -0.546296	   0.0573208
          89	    -0.66312	   -0.547609	   0.0566918
          90	    -0.99484	   -0.552578	   0.0562792
          91	    -0.85232	   -0.555872	   0.0557571
          92	     0.91392	   -0.539896	   0.0573942
          93	     0.61892	   -0.527435	   0.0581139
          94	     0.63936	   -0.515023	   0.0588064
          95	    -0.54652	   -0.515354	   0.0581883
          96	     -0.9792	   -0.520186	   0.0577824
          97	    -0.75168	   -0.522572	    0.057236
          98	    -0.08924	   -0.518151	   0.0568225
          99	      -0.988	   -0.522897	   0.0564464
         100	    -0.99136	   -0.527581	    0.056076
