#     BLOCK:   ACTUAL_X:     X_AVE:       ERROR:
           1	     1.69938	     1.69938	           0
           2	     1.94194	     1.82066	   0.0857579
           3	     1.77381	     1.80504	    0.058577
           4	     1.54514	     1.74007	   0.0713892
           5	     2.00361	     1.79278	   0.0740558
           6	     1.75662	     1.78675	   0.0619579
           7	     1.67291	     1.77049	   0.0551998
           8	     1.59547	     1.74861	   0.0524561
           9	     1.67598	     1.74054	   0.0472444
          10	     1.54587	     1.72107	   0.0463573
          11	     2.17115	     1.76199	   0.0574281
          12	      2.0699	     1.78765	   0.0580925
          13	     1.41641	     1.75909	   0.0602352
          14	     1.81111	     1.76281	   0.0560471
          15	      1.9733	     1.77684	   0.0540389
          16	     1.63109	     1.76773	   0.0514236
          17	     1.80736	     1.77006	   0.0484515
          18	     1.69865	      1.7661	   0.0459218
          19	     1.86647	     1.77138	   0.0438077
          20	     1.96599	     1.78111	   0.0426843
          21	     2.08837	     1.79574	   0.0430865
          22	     1.73216	     1.79285	   0.0412248
          23	     1.55579	     1.78254	   0.0407004
          24	     1.84041	     1.78495	    0.039076
          25	     1.67817	     1.78068	   0.0377456
          26	     1.94025	     1.78682	   0.0367894
          27	     1.56142	     1.77847	   0.0363617
          28	     1.95931	     1.78493	   0.0356321
          29	     1.87607	     1.78807	   0.0345417
          30	     1.89399	      1.7916	   0.0335703
          31	     1.73202	     1.78968	   0.0325423
          32	     2.01984	     1.79687	   0.0323104
          33	      2.0005	     1.80304	   0.0319151
          34	     1.65344	     1.79864	   0.0312783
          35	     1.83342	     1.79964	   0.0304004
          36	     1.66025	     1.79577	   0.0298015
          37	     1.60238	     1.79054	   0.0294508
          38	     1.67968	     1.78762	   0.0288199
          39	     1.66341	     1.78444	   0.0282564
          40	     2.06807	     1.79153	   0.0284258
          41	     1.77125	     1.79103	   0.0277368
          42	     1.73006	     1.78958	   0.0271143
          43	     1.98725	     1.79418	   0.0268706
          44	     1.77792	     1.79381	   0.0262624
          45	     1.75726	       1.793	   0.0256914
          46	      1.6016	     1.78884	   0.0254676
          47	      1.7883	     1.78882	   0.0249257
          48	     1.75995	     1.78822	   0.0244137
          49	     1.81184	      1.7887	   0.0239202
          50	      2.1653	     1.79624	   0.0245991
          51	     2.14034	     1.80298	    0.025025
          52	     1.99744	     1.80672	   0.0248215
          53	     1.33481	     1.79782	    0.025901
          54	     1.83113	     1.79844	   0.0254287
          55	     1.80709	     1.79859	   0.0249669
          56	     1.76064	     1.79792	   0.0245302
          57	     1.80443	     1.79803	   0.0241002
          58	     1.92955	      1.8003	   0.0237911
          59	     1.82021	     1.80064	   0.0233902
          60	     1.64887	     1.79811	   0.0231368
          61	     1.90619	     1.79988	   0.0228252
          62	     2.02711	     1.80354	   0.0227494
          63	     1.59099	     1.80017	   0.0226371
          64	      1.8592	     1.80109	   0.0223022
          65	     1.94144	     1.80325	   0.0220633
          66	     1.85426	     1.80402	   0.0217426
          67	     1.79214	     1.80385	   0.0214188
          68	     1.86021	     1.80467	   0.0211198
          69	     2.18683	     1.81021	   0.0215277
          70	     1.90939	     1.81163	   0.0212668
          71	     1.63493	     1.80914	   0.0211124
          72	     1.59296	     1.80614	   0.0210316
          73	     1.73687	     1.80519	   0.0207648
          74	     1.73902	      1.8043	   0.0205035
          75	     1.86898	     1.80516	   0.0202482
          76	     1.85019	     1.80575	   0.0199905
          77	     1.57641	     1.80277	   0.0199515
          78	     1.72859	     1.80182	   0.0197184
          79	     1.65303	     1.79994	   0.0195585
          80	     1.97664	     1.80215	   0.0194384
          81	     1.78715	     1.80196	   0.0191993
          82	     1.69207	     1.80062	   0.0190118
          83	     1.75643	     1.80009	   0.0187902
          84	     1.67776	     1.79863	   0.0186229
          85	     1.89856	     1.79981	   0.0184409
          86	     1.76155	     1.79936	   0.0182318
          87	     1.62039	     1.79731	   0.0181379
          88	     1.61719	     1.79526	   0.0180469
          89	     1.66976	     1.79385	   0.0178992
          90	     1.64325	     1.79218	   0.0177783
          91	     1.89234	     1.79328	    0.017617
          92	     1.69198	     1.79218	   0.0174599
          93	     1.94569	     1.79383	     0.01735
          94	     2.13559	     1.79746	   0.0175422
          95	     1.78144	     1.79729	   0.0173584
          96	     1.98117	     1.79921	   0.0172829
          97	     1.81851	     1.79941	   0.0171059
          98	     1.53888	     1.79675	   0.0171367
          99	     1.81006	     1.79688	   0.0169641
         100	     1.53911	     1.79431	   0.0169892
