#     BLOCK:   ACTUAL_TE:    TE_AVE:      ERROR:
               1	       -0.361659	       -0.361659	               0
               2	         -0.3667	        -0.36418	      0.00178219
               3	       -0.364416	       -0.364258	      0.00118987
               4	       -0.369405	       -0.365545	      0.00142755
               5	        -0.36777	        -0.36599	      0.00120938
               6	       -0.376662	       -0.367769	       0.0019111
               7	       -0.371814	       -0.368347	      0.00172327
               8	        -0.37686	       -0.369411	      0.00180681
               9	       -0.360501	       -0.368421	      0.00185758
              10	       -0.380814	        -0.36966	      0.00204387
              11	       -0.382574	       -0.370834	       0.0021692
              12	       -0.372461	        -0.37097	      0.00199266
              13	        -0.37163	        -0.37102	      0.00184003
              14	       -0.368577	       -0.370846	      0.00171685
              15	       -0.365534	       -0.370492	      0.00163852
              16	       -0.368004	       -0.370336	      0.00154347
              17	       -0.368187	        -0.37021	      0.00145785
              18	        -0.36741	       -0.370054	      0.00138513
              19	       -0.373084	       -0.370214	      0.00132138
              20	       -0.378741	        -0.37064	       0.0013223
              21	       -0.372782	       -0.370742	      0.00126326
              22	       -0.368766	       -0.370652	      0.00120903
              23	       -0.364719	       -0.370394	      0.00118367
              24	        -0.36647	       -0.370231	      0.00114559
              25	        -0.37438	       -0.370397	      0.00111172
              26	       -0.368599	       -0.370328	      0.00107111
              27	       -0.371957	       -0.370388	      0.00103314
              28	       -0.363445	        -0.37014	      0.00102557
              29	       -0.369531	       -0.370119	     0.000990418
              30	        -0.36095	       -0.369813	      0.00100346
              31	        -0.37125	        -0.36986	     0.000972158
              32	       -0.366544	       -0.369756	     0.000947284
              33	       -0.364689	       -0.369603	     0.000930941
              34	       -0.365775	        -0.36949	     0.000910341
              35	       -0.360308	       -0.369228	     0.000921357
              36	       -0.369552	       -0.369237	     0.000895808
              37	       -0.366853	       -0.369172	     0.000873911
              38	       -0.374276	       -0.369307	     0.000861172
              39	       -0.368262	        -0.36928	     0.000839507
              40	       -0.369922	       -0.369296	     0.000818672
              41	        -0.36596	       -0.369214	     0.000802738
              42	       -0.368778	       -0.369204	     0.000783692
              43	       -0.363874	        -0.36908	     0.000775206
              44	       -0.371479	       -0.369135	     0.000759503
              45	       -0.374354	       -0.369251	     0.000751428
              46	       -0.364386	       -0.369145	     0.000742495
              47	       -0.374954	       -0.369268	     0.000736915
              48	       -0.373937	       -0.369366	     0.000727952
              49	        -0.36057	       -0.369186	     0.000734892
              50	       -0.366234	       -0.369127	     0.000722563
              51	        -0.37407	       -0.369224	     0.000714867
              52	       -0.380608	       -0.369443	     0.000733875
              53	       -0.374466	       -0.369538	     0.000726123
              54	       -0.382569	       -0.369779	     0.000751706
              55	        -0.37544	       -0.369882	     0.000745052
              56	       -0.368001	       -0.369848	     0.000732505
              57	       -0.370982	       -0.369868	     0.000719924
              58	       -0.365925	         -0.3698	     0.000710715
              59	        -0.37417	       -0.369874	     0.000702516
              60	       -0.370842	       -0.369891	     0.000690993
              61	        -0.36429	       -0.369799	     0.000685738
              62	       -0.371121	        -0.36982	     0.000675009
              63	       -0.369803	        -0.36982	     0.000664295
              64	       -0.376357	       -0.369922	     0.000661721
              65	       -0.373118	       -0.369971	     0.000653365
              66	        -0.36547	       -0.369903	     0.000647014
              67	       -0.378658	       -0.370034	      0.00065042
              68	        -0.37358	       -0.370086	     0.000642943
              69	       -0.369822	       -0.370082	     0.000633636
              70	       -0.371994	       -0.370109	     0.000625172
              71	       -0.360592	       -0.369975	     0.000630574
              72	       -0.367998	       -0.369948	     0.000622414
              73	       -0.375738	       -0.370027	     0.000618922
              74	       -0.370179	       -0.370029	     0.000610561
              75	        -0.36679	       -0.369986	     0.000603946
              76	        -0.36557	       -0.369928	     0.000598787
              77	       -0.363522	       -0.369845	     0.000596761
              78	       -0.374881	       -0.369909	     0.000592593
              79	       -0.375102	       -0.369975	     0.000588727
              80	       -0.364218	       -0.369903	     0.000585748
              81	       -0.370617	       -0.369912	     0.000578583
              82	        -0.36625	       -0.369867	     0.000573248
              83	       -0.366609	       -0.369828	     0.000567684
              84	       -0.367899	       -0.369805	      0.00056139
              85	       -0.365807	       -0.369758	     0.000556752
              86	       -0.370321	       -0.369764	     0.000550317
              87	       -0.371529	       -0.369785	     0.000544365
              88	       -0.369672	       -0.369783	     0.000538181
              89	       -0.369983	       -0.369786	     0.000532138
              90	       -0.379482	       -0.369893	      0.00053702
              91	       -0.372483	       -0.369922	     0.000531873
              92	        -0.36806	       -0.369902	     0.000526476
              93	       -0.377021	       -0.369978	     0.000526351
              94	       -0.369673	       -0.369975	     0.000520762
              95	       -0.368063	       -0.369955	     0.000515669
              96	       -0.367378	       -0.369928	     0.000510995
              97	       -0.367848	       -0.369906	     0.000506177
              98	       -0.362546	       -0.369831	     0.000506554
              99	       -0.372575	       -0.369859	     0.000502195
             100	       -0.367634	       -0.369837	     0.000497666
             101	       -0.370149	        -0.36984	     0.000492748
             102	       -0.362527	       -0.369768	     0.000493105
             103	       -0.366606	       -0.369738	     0.000489273
             104	       -0.369727	       -0.369737	     0.000484568
             105	       -0.364062	       -0.369683	     0.000482958
             106	       -0.368638	       -0.369674	     0.000478503
             107	       -0.370666	       -0.369683	      0.00047412
             108	       -0.369436	       -0.369681	     0.000469736
             109	       -0.377028	       -0.369748	     0.000470238
             110	       -0.375967	       -0.369804	      0.00046935
             111	        -0.37297	       -0.369833	     0.000465987
             112	       -0.361818	       -0.369761	     0.000467288
             113	       -0.373468	       -0.369794	     0.000464303
             114	       -0.377598	       -0.369863	      0.00046525
             115	       -0.366561	       -0.369834	     0.000462089
             116	       -0.371182	       -0.369846	     0.000458252
             117	       -0.370372	        -0.36985	     0.000454357
             118	       -0.378338	       -0.369922	     0.000456164
             119	       -0.370914	        -0.36993	     0.000452407
             120	       -0.365596	       -0.369894	     0.000450077
             121	       -0.367643	       -0.369876	     0.000446742
             122	       -0.372244	       -0.369895	     0.000443501
             123	       -0.367709	       -0.369877	     0.000440252
             124	       -0.378268	       -0.369945	     0.000441871
             125	       -0.376538	       -0.369998	     0.000441473
             126	       -0.364122	       -0.369951	     0.000440426
             127	       -0.370199	       -0.369953	     0.000436962
             128	       -0.368508	       -0.369942	     0.000433694
             129	       -0.366338	       -0.369914	     0.000431231
             130	       -0.369619	       -0.369912	     0.000427919
             131	        -0.37455	       -0.369947	     0.000426115
             132	       -0.375925	       -0.369992	     0.000425287
             133	       -0.369164	       -0.369986	     0.000422135
             134	       -0.380595	       -0.370065	     0.000426344
             135	       -0.364055	       -0.370021	     0.000425504
             136	       -0.371805	       -0.370034	     0.000422578
             137	       -0.365411	           -0.37	     0.000420838
             138	       -0.370108	       -0.370001	     0.000417789
             139	       -0.371294	        -0.37001	     0.000414887
             140	       -0.373174	       -0.370033	     0.000412539
             141	       -0.370202	       -0.370034	     0.000409615
             142	       -0.375825	       -0.370075	     0.000408755
             143	       -0.362722	       -0.370023	     0.000409118
             144	       -0.369838	       -0.370022	     0.000406279
             145	       -0.374328	       -0.370052	      0.00040456
             146	       -0.377513	       -0.370103	     0.000405004
             147	       -0.362805	       -0.370053	     0.000405281
             148	       -0.370911	       -0.370059	     0.000402584
             149	        -0.37685	       -0.370105	     0.000402453
             150	       -0.370066	       -0.370104	      0.00039977
             151	       -0.361876	        -0.37005	     0.000400819
             152	       -0.370858	       -0.370055	     0.000398218
             153	       -0.370814	        -0.37006	     0.000395646
             154	       -0.372282	       -0.370074	      0.00039334
             155	       -0.370142	       -0.370075	     0.000390802
             156	       -0.368291	       -0.370063	     0.000388464
             157	       -0.375002	       -0.370095	     0.000387261
             158	       -0.362087	       -0.370044	     0.000388113
             159	       -0.368035	       -0.370032	     0.000385877
             160	       -0.381533	       -0.370103	     0.000390103
             161	       -0.370173	       -0.370104	     0.000387681
             162	        -0.37789	       -0.370152	     0.000388255
             163	       -0.363196	       -0.370109	     0.000388211
             164	       -0.367988	       -0.370096	      0.00038606
             165	       -0.373332	       -0.370116	     0.000384218
             166	       -0.369526	       -0.370112	     0.000381919
             167	       -0.370734	       -0.370116	     0.000379651
             168	       -0.367441	         -0.3701	     0.000377725
             169	       -0.364255	       -0.370066	      0.00037707
             170	       -0.364708	       -0.370034	     0.000376166
             171	       -0.368782	       -0.370027	     0.000374038
             172	       -0.375046	       -0.370056	        0.000373
             173	       -0.378905	       -0.370107	     0.000374334
             174	       -0.362526	       -0.370064	      0.00037471
             175	       -0.360837	       -0.370011	      0.00037626
             176	       -0.372681	       -0.370026	     0.000374428
             177	        -0.36745	       -0.370011	     0.000372595
             178	       -0.368149	       -0.370001	     0.000370649
             179	       -0.378738	        -0.37005	     0.000371778
             180	       -0.368125	       -0.370039	     0.000369866
             181	       -0.370703	       -0.370043	     0.000367841
             182	       -0.374586	       -0.370068	     0.000366666
             183	       -0.376375	       -0.370102	     0.000366278
             184	       -0.364767	       -0.370073	     0.000365434
             185	       -0.374251	       -0.370096	     0.000364155
             186	       -0.365233	        -0.37007	     0.000363135
             187	       -0.373064	       -0.370086	     0.000361546
             188	       -0.373442	       -0.370104	     0.000360063
             189	       -0.366119	       -0.370082	     0.000358775
             190	       -0.369367	       -0.370079	     0.000356906
             191	       -0.375719	       -0.370108	     0.000356257
             192	       -0.370214	       -0.370109	     0.000354402
             193	       -0.369928	       -0.370108	     0.000352567
             194	       -0.371998	       -0.370118	     0.000350884
             195	       -0.356346	       -0.370047	     0.000356122
             196	       -0.362571	       -0.370009	     0.000356342
             197	       -0.374571	       -0.370032	     0.000355284
             198	       -0.362978	       -0.369996	     0.000355272
             199	       -0.370804	           -0.37	      0.00035351
             200	       -0.368507	       -0.369993	     0.000351821
