#     BLOCK:   ACTUAL_X:     X_AVE:       ERROR:
               1	         34.0095	         34.0095	               0
               2	         33.0363	         33.5229	        0.344082
               3	         35.6453	         34.2304	        0.621506
               4	         28.8927	          32.896	         1.24611
               5	         32.9256	         32.9019	        0.996899
               6	         30.5869	         32.5161	        0.902327
               7	         33.3559	          32.636	        0.781359
               8	         31.5286	         32.4976	        0.695843
               9	         34.0758	          32.673	        0.640242
              10	          33.941	         32.7998	         0.58864
              11	         30.9839	         32.6347	        0.557795
              12	         33.4247	         32.7005	        0.515182
              13	         31.6824	         32.6222	        0.481469
              14	          31.157	         32.5175	        0.458312
              15	         30.9719	         32.4145	        0.439189
              16	         33.4374	         32.4784	        0.416367
              17	         33.1631	         32.5187	        0.393818
              18	         35.9176	         32.7075	        0.414746
              19	         29.1632	          32.521	        0.432841
              20	         35.7386	         32.6819	        0.440083
              21	          29.809	         32.5451	        0.439877
              22	         33.3206	         32.5803	        0.421292
              23	         27.1642	         32.3448	        0.464146
              24	         33.8438	         32.4073	        0.448989
              25	         31.0443	         32.3528	        0.434327
              26	         30.5003	         32.2815	        0.423425
              27	         28.7196	         32.1496	        0.427801
              28	          31.022	         32.1093	        0.414414
              29	         31.5659	         32.0906	        0.400547
              30	         31.1467	         32.0591	        0.388429
              31	           29.95	         31.9911	        0.381811
              32	         28.5423	         31.8833	         0.38479
              33	         28.1391	         31.7698	        0.389499
              34	          31.238	         31.7542	        0.378357
              35	         31.8811	         31.7578	        0.367564
              36	         33.6763	         31.8111	        0.361197
              37	         34.1171	         31.8734	        0.356771
              38	         34.1421	         31.9332	        0.352342
              39	         33.8281	         31.9817	        0.346642
              40	         27.8689	         31.8789	        0.352896
              41	         35.4659	         31.9664	        0.354968
              42	         32.7488	          31.985	        0.347004
              43	         30.8097	         31.9577	        0.340009
              44	         31.5051	         31.9474	        0.332437
              45	         33.7526	         31.9875	        0.327461
              46	         32.1296	         31.9906	        0.320357
              47	         29.5103	         31.9378	        0.317858
              48	         32.5699	          31.951	        0.311508
              49	         27.3653	         31.8574	        0.318899
              50	         34.8905	         31.9181	        0.318239
              51	         34.9165	         31.9769	        0.317383
              52	         32.4065	         31.9851	        0.311387
              53	          29.193	         31.9325	        0.309936
              54	         32.5522	         31.9439	        0.304409
              55	         31.9732	         31.9445	        0.298875
              56	         30.3337	         31.9157	        0.294919
              57	         32.0662	         31.9183	        0.289756
              58	          32.945	          31.936	        0.285301
              59	         32.9933	          31.954	        0.281027
              60	         31.1733	          31.941	        0.276645
              61	         34.6871	          31.986	        0.275748
              62	         30.2967	         31.9587	        0.272643
              63	         31.0444	         31.9442	        0.268702
              64	         30.5131	         31.9219	        0.265432
              65	         33.0621	         31.9394	        0.261927
              66	         33.5124	         31.9632	        0.259041
              67	         30.5774	         31.9425	        0.255999
              68	         33.1412	         31.9602	        0.252841
              69	         29.2982	         31.9216	        0.252102
              70	         33.0942	         31.9383	        0.249057
              71	         36.3692	         32.0008	        0.253247
              72	          33.778	         32.0254	         0.25093
              73	         33.1444	         32.0408	         0.24796
              74	         33.2386	          32.057	        0.245137
              75	         34.6627	         32.0917	        0.244318
              76	         36.6712	          32.152	        0.248423
              77	         31.6927	          32.146	        0.245268
              78	         32.9345	         32.1561	        0.242332
              79	         34.0725	         32.1804	        0.240476
              80	         28.1671	         32.1302	        0.242646
              81	         30.3588	         32.1083	        0.240634
              82	         32.8303	         32.1171	         0.23786
              83	         29.3734	         32.0841	         0.23728
              84	         35.6858	         32.1269	        0.238298
              85	         30.4894	         32.1077	        0.236272
              86	          31.619	          32.102	        0.233593
              87	         36.0662	         32.1476	         0.23531
              88	         32.4327	         32.1508	        0.232659
              89	         31.5696	         32.1443	        0.230136
              90	         26.2395	         32.0787	        0.236746
              91	         34.8579	         32.1092	        0.236107
              92	         28.9277	         32.0746	        0.236059
              93	         29.4701	         32.0466	        0.235176
              94	         32.0617	         32.0468	        0.232674
              95	         32.0693	          32.047	        0.230225
              96	         28.7607	         32.0128	        0.230358
              97	         32.8753	         32.0217	        0.228155
              98	          29.045	         31.9913	         0.22784
              99	         31.6016	         31.9874	        0.225572
             100	         30.9826	         31.9773	         0.22354
             101	         35.3742	          32.011	        0.223843
             102	         33.4072	         32.0246	        0.222066
             103	         31.5167	         32.0197	        0.219965
             104	         36.2073	           32.06	        0.221505
             105	          34.432	         32.0826	        0.220544
             106	         33.2669	         32.0937	        0.218746
             107	          30.932	         32.0829	        0.216971
             108	         32.2572	         32.0845	        0.214968
             109	         36.2644	         32.1228	        0.216389
             110	          32.582	          32.127	        0.214463
             111	         32.0387	         32.1262	        0.212532
             112	          30.797	         32.1144	        0.210965
             113	         33.0764	         32.1229	         0.20927
             114	         29.9993	         32.1042	        0.208262
             115	         33.2284	          32.114	         0.20668
             116	         31.2093	         32.1062	        0.205046
             117	         33.4125	         32.1174	        0.203597
             118	         30.2152	         32.1013	        0.202509
             119	         32.5804	         32.1053	        0.200847
             120	         29.1296	         32.0805	        0.200698
             121	         36.5948	         32.1178	        0.202477
             122	         34.0283	         32.1335	        0.201422
             123	         32.7153	         32.1382	         0.19984
             124	         33.6192	         32.1501	        0.198585
             125	         26.8272	         32.1075	        0.201511
             126	         35.2791	         32.1327	        0.201477
             127	         29.3492	         32.1108	         0.20108
             128	         33.8993	         32.1248	        0.199993
             129	         34.4454	         32.1428	        0.199251
             130	         34.2977	         32.1593	        0.198406
             131	         36.8435	         32.1951	        0.200088
             132	         34.9098	         32.2157	        0.199626
             133	         32.4539	         32.2175	        0.198133
             134	         33.9574	         32.2304	        0.197079
             135	         30.4591	         32.2173	        0.196056
             136	         31.9813	         32.2156	        0.194622
             137	         29.3604	         32.1947	        0.194314
             138	         31.5456	           32.19	        0.192963
             139	         30.9652	         32.1812	        0.191776
             140	         32.6052	         32.1843	         0.19043
             141	         34.9369	         32.2038	        0.190077
             142	         32.2912	         32.2044	         0.18874
             143	         30.4801	         32.1923	        0.187805
             144	         31.4028	         32.1869	        0.186581
             145	         29.0677	         32.1653	         0.18653
             146	         33.4863	         32.1744	        0.185471
             147	         36.5543	         32.2042	        0.186588
             148	         31.6804	         32.2006	         0.18536
             149	         32.1771	         32.2005	        0.184116
             150	          34.473	         32.2156	        0.183511
             151	         27.6737	         32.1856	        0.184745
             152	          28.826	         32.1635	        0.184847
             153	         38.1215	         32.2024	        0.187695
             154	         31.1352	         32.1955	        0.186605
             155	          30.493	         32.1845	        0.185724
             156	         33.8376	         32.1951	        0.184835
             157	         35.3499	         32.2152	        0.184747
             158	         33.5146	         32.2234	        0.183761
             159	         32.5273	         32.2253	        0.182615
             160	         28.5596	         32.2024	        0.182905
             161	         36.0576	         32.2263	         0.18333
             162	         29.1385	         32.2073	        0.183186
             163	         34.1017	         32.2189	        0.182431
             164	         33.7468	         32.2282	        0.181556
             165	         34.2702	         32.2406	        0.180877
             166	         30.4095	         32.2296	        0.180123
             167	         31.4496	         32.2249	        0.179105
             168	         30.9901	         32.2175	         0.17819
             169	         31.0505	         32.2106	        0.177269
             170	         32.5314	         32.2125	        0.176237
             171	         32.3869	         32.2135	        0.175209
             172	         30.7409	          32.205	        0.174399
             173	         30.0461	         32.1925	        0.173837
             174	          30.875	         32.1849	        0.173003
             175	         33.0314	         32.1898	        0.172082
             176	           33.28	          32.196	        0.171216
             177	         34.5193	         32.2091	        0.170751
             178	         27.4741	         32.1825	        0.171851
             179	         31.1831	         32.1769	        0.170982
             180	         30.6947	         32.1687	         0.17023
             181	          30.544	         32.1597	        0.169526
             182	         36.4775	         32.1834	        0.170246
             183	         34.5996	         32.1966	        0.169827
             184	         30.8637	         32.1894	        0.169059
             185	         36.6284	         32.2134	        0.169839
             186	         29.2248	         32.1973	        0.169685
             187	           28.86	         32.1795	        0.169713
             188	         31.8829	         32.1779	        0.168818
             189	         29.0801	         32.1615	        0.168718
             190	         34.4434	         32.1735	        0.168257
             191	         35.8588	         32.1928	        0.168479
             192	         33.3023	         32.1986	          0.1677
             193	         31.2057	         32.1934	         0.16691
             194	         31.9659	         32.1923	        0.166054
             195	         28.7281	         32.1745	         0.16615
             196	         34.4311	          32.186	        0.165701
             197	         33.4352	         32.1923	        0.164981
             198	         29.9121	         32.1808	        0.164549
             199	         31.0202	          32.175	        0.163826
             200	         34.1813	          32.185	        0.163313
             201	         34.1753	         32.1949	        0.162801
             202	         30.1256	         32.1847	        0.162317
             203	         32.6043	         32.1868	         0.16153
             204	         31.8329	          32.185	        0.160748
             205	         31.5121	         32.1817	        0.159997
             206	         31.9668	         32.1807	        0.159224
             207	         30.2317	         32.1713	        0.158733
             208	         31.7914	         32.1695	         0.15798
             209	         29.6698	         32.1575	        0.157677
             210	         29.6043	         32.1453	        0.157394
             211	         31.9079	         32.1442	        0.156652
             212	         30.1609	         32.1349	        0.156192
             213	         32.5008	         32.1366	        0.155468
             214	         30.2646	         32.1278	        0.154988
             215	         32.6381	         32.1302	        0.154285
             216	         35.6152	         32.1463	        0.154412
             217	         31.4028	         32.1429	        0.153738
             218	         30.2028	          32.134	        0.153291
             219	         33.2539	         32.1391	        0.152676
             220	         29.8242	         32.1286	        0.152344
             221	         33.0124	         32.1326	        0.151707
             222	         28.3953	         32.1158	        0.151955
             223	         34.1554	         32.1249	        0.151549
             224	         34.0303	         32.1334	        0.151111
             225	         33.2918	         32.1386	        0.150527
             226	         31.3415	          32.135	        0.149902
             227	         32.5801	          32.137	        0.149254
             228	         32.6246	         32.1391	        0.148615
             229	         35.8961	         32.1555	        0.148869
             230	         29.6057	         32.1445	        0.148634
             231	         35.2843	          32.158	        0.148611
             232	         32.4958	         32.1595	        0.147977
             233	         28.2752	         32.1428	        0.148278
             234	         30.7875	          32.137	        0.147758
             235	         33.6271	         32.1434	        0.147265
             236	         29.7532	         32.1333	        0.146989
             237	         33.6788	         32.1398	        0.146513
             238	         30.2438	         32.1318	        0.146114
             239	         31.9494	          32.131	        0.145504
             240	         33.5945	         32.1371	        0.145026
             241	         34.0377	          32.145	        0.144638
             242	          32.573	         32.1468	        0.144052
             243	         34.2252	         32.1554	        0.143712
             244	         35.1993	         32.1678	        0.143664
             245	         29.5701	         32.1572	        0.143468
             246	         30.9338	         32.1523	        0.142971
             247	         30.5187	         32.1456	        0.142545
             248	         31.0948	         32.1414	        0.142033
             249	         32.4558	         32.1427	        0.141469
             250	         33.3234	         32.1474	        0.140982
             251	         35.1669	         32.1594	        0.140932
             252	         29.8807	         32.1504	        0.140663
             253	         35.7255	         32.1645	        0.140815
             254	         33.8793	         32.1713	        0.140422
             255	         33.3046	         32.1757	        0.139942
             256	         28.7591	         32.1624	         0.14003
             257	         32.4708	         32.1636	         0.13949
             258	         29.9313	         32.1549	        0.139218
             259	         33.4855	           32.16	        0.138775
             260	         31.2727	         32.1566	        0.138283
             261	         32.1734	         32.1567	        0.137753
             262	         26.4339	         32.1348	        0.138949
             263	         30.0295	         32.1268	        0.138651
             264	         28.4443	         32.1129	        0.138825
             265	         30.3527	         32.1063	         0.13846
             266	         30.1669	          32.099	        0.138132
             267	          27.217	         32.0807	        0.138819
             268	         33.1001	         32.0845	        0.138353
             269	         38.9767	         32.1101	        0.140191
             270	         30.3417	         32.1036	        0.139825
             271	         29.7689	         32.0949	        0.139574
             272	         34.6374	         32.1043	        0.139374
             273	         31.1595	         32.1008	        0.138906
             274	         33.0585	         32.1043	        0.138443
             275	         33.0245	         32.1077	         0.13798
             276	         32.5558	         32.1093	         0.13749
             277	          38.019	         32.1306	        0.138639
             278	         31.9379	         32.1299	        0.138142
             279	         29.1702	         32.1193	        0.138053
             280	         29.8509	         32.1112	        0.137798
             281	         29.1592	         32.1007	        0.137707
             282	          36.365	         32.1158	        0.138047
             283	         34.8957	         32.1257	        0.137908
             284	         35.0145	         32.1358	        0.137797
             285	         34.0337	         32.1425	        0.137474
             286	         32.4998	         32.1437	        0.136999
             287	         32.8444	         32.1462	        0.136544
             288	         31.7619	         32.1448	        0.136076
             289	         32.7135	         32.1468	        0.135619
             290	         31.1247	         32.1433	        0.135198
             291	         28.9233	         32.1322	        0.135185
             292	         31.5432	         32.1302	        0.134737
             293	         33.2837	         32.1341	        0.134335
             294	         35.0733	         32.1441	        0.134249
             295	         28.0229	         32.1302	        0.134519
             296	         31.0938	         32.1267	         0.13411
             297	         33.9903	         32.1329	        0.133805
             298	         32.0867	         32.1328	        0.133357
             299	         31.2861	           32.13	        0.132941
             300	         35.5862	         32.1415	        0.132996
             301	         31.6984	           32.14	        0.132562
             302	         29.6737	         32.1318	        0.132374
             303	         28.2404	          32.119	        0.132559
             304	         25.1438	         32.0961	        0.134094
             305	         29.9707	         32.0891	        0.133835
             306	         29.4509	         32.0805	        0.133675
             307	         26.9602	         32.0638	        0.134276
             308	         29.9715	          32.057	        0.134012
             309	         33.6392	         32.0621	        0.133676
             310	          28.736	         32.0514	        0.133675
             311	         31.9574	         32.0511	        0.133245
             312	         32.1402	         32.0514	        0.132819
             313	          36.245	         32.0648	        0.133068
             314	         34.7661	         32.0734	        0.132922
             315	         34.3852	         32.0807	        0.132703
             316	         34.5505	         32.0885	        0.132513
             317	         29.4891	         32.0803	        0.132348
             318	         29.4231	          32.072	        0.132196
             319	         30.8509	         32.0681	        0.131837
             320	         29.6962	         32.0607	        0.131633
             321	         32.2517	         32.0613	        0.131224
             322	         32.1658	         32.0616	        0.130817
             323	         33.2223	         32.0652	        0.130461
             324	         31.0395	         32.0621	        0.130097
             325	         31.7218	          32.061	        0.129701
             326	         31.1194	         32.0581	        0.129335
             327	          34.439	         32.0654	        0.129145
             328	          32.237	         32.0659	        0.128752
             329	         34.1708	         32.0723	        0.128519
             330	          33.666	         32.0772	        0.128221
             331	         32.3523	          32.078	        0.127836
             332	         31.7182	         32.0769	        0.127456
             333	         31.0204	         32.0737	        0.127112
             334	         26.4446	         32.0569	        0.127844
             335	         35.3885	         32.0668	        0.127849
             336	         31.0486	         32.0638	        0.127504
             337	         38.1609	         32.0819	        0.128403
             338	         32.4344	         32.0829	        0.128027
             339	         30.8764	         32.0794	        0.127699
             340	         33.0924	         32.0824	        0.127358
             341	         32.0964	         32.0824	        0.126985
             342	         30.6977	         32.0784	        0.126678
             343	         33.8609	         32.0835	        0.126415
             344	         32.5646	         32.0849	        0.126056
             345	         31.2632	         32.0826	        0.125713
             346	         34.6389	           32.09	        0.125566
             347	         29.2833	         32.0819	        0.125465
             348	         26.0919	         32.0647	        0.126279
             349	         32.0075	         32.0645	        0.125918
             350	         32.0622	         32.0645	        0.125558
             351	         32.9371	          32.067	        0.125225
             352	         31.2164	         32.0646	        0.124892
             353	         30.6144	         32.0604	        0.124606
             354	         31.7925	         32.0597	        0.124256
             355	           29.93	         32.0537	        0.124051
             356	         35.4127	         32.0631	        0.124061
             357	         28.2766	         32.0525	        0.124166
             358	         30.9657	         32.0495	        0.123856
             359	         29.8478	         32.0433	        0.123663
             360	          31.617	         32.0422	        0.123325
             361	         32.9621	         32.0447	         0.12301
             362	         34.0363	         32.0502	        0.122793
             363	         35.4731	         32.0596	        0.122816
             364	         29.8027	         32.0534	        0.122635
             365	         29.2298	         32.0457	        0.122543
             366	         34.2541	         32.0517	        0.122357
             367	         31.5033	         32.0502	        0.122032
             368	         34.8343	         32.0578	        0.121935
             369	         34.3302	          32.064	         0.12176
             370	         36.3648	         32.0756	        0.121985
             371	         28.9733	         32.0672	        0.121942
             372	         33.4571	          32.071	        0.121671
             373	         33.4123	         32.0746	        0.121398
             374	         27.7435	          32.063	        0.121625
             375	         28.7744	         32.0542	        0.121616
             376	          30.759	         32.0508	        0.121342
             377	         29.9722	         32.0453	        0.121145
             378	         29.6908	          32.039	        0.120984
             379	         32.8845	         32.0413	        0.120686
             380	         29.3561	         32.0342	        0.120575
             381	         32.3054	         32.0349	        0.120261
             382	         29.7828	          32.029	         0.12009
             383	         28.8797	         32.0208	        0.120058
             384	         30.0073	         32.0155	         0.11986
             385	         28.5827	         32.0066	        0.119879
             386	         27.7651	         31.9956	        0.120071
             387	         28.6852	         31.9871	        0.120065
             388	         36.2221	          31.998	        0.120251
             389	         35.5068	          32.007	         0.12028
             390	         34.4571	         32.0133	        0.120135
             391	         30.2469	         32.0088	        0.119913
             392	         27.8877	         31.9983	        0.120067
             393	         28.6061	         31.9896	        0.120071
             394	         32.1371	           31.99	        0.119767
             395	         26.0535	          31.975	        0.120403
             396	         29.8998	         31.9697	        0.120213
             397	         30.0036	         31.9648	        0.120012
             398	         34.9201	         31.9722	         0.11994
             399	         33.8224	         31.9769	        0.119729
             400	         30.2181	         31.9725	        0.119511
             401	          29.731	         31.9669	        0.119343
             402	         32.0105	          31.967	        0.119047
             403	         34.7105	         31.9738	        0.118946
             404	         31.3013	         31.9721	        0.118663
             405	         27.1538	         31.9602	        0.118965
             406	         33.9586	         31.9651	        0.118774
             407	         29.7542	         31.9597	        0.118606
             408	         28.9604	         31.9524	        0.118543
             409	         30.0916	         31.9478	         0.11834
             410	         35.8963	         31.9574	        0.118443
             411	         30.5301	          31.954	        0.118205
             412	         35.6708	          31.963	        0.118262
             413	         32.8379	         31.9651	        0.117995
             414	         35.6663	          31.974	        0.118048
             415	         31.6834	         31.9733	        0.117766
             416	         31.7792	         31.9729	        0.117484
             417	         29.5984	         31.9672	         0.11734
             418	         28.3898	         31.9586	        0.117371
             419	         30.8389	          31.956	        0.117121
             420	         30.5089	         31.9525	        0.116893
             421	         32.2359	         31.9532	        0.116617
             422	         33.0259	         31.9557	        0.116368
             423	         34.9861	         31.9629	        0.116314
             424	         31.3686	         31.9615	        0.116048
             425	         29.9254	         31.9567	        0.115874
             426	         29.6488	         31.9513	        0.115728
             427	         33.5054	         31.9549	        0.115514
             428	         33.3665	         31.9582	        0.115292
             429	         33.9837	         31.9629	        0.115119
             430	         28.5232	         31.9549	        0.115129
             431	         31.1354	          31.953	        0.114878
             432	          32.756	         31.9549	        0.114627
             433	         30.8656	         31.9524	         0.11439
             434	         31.5257	         31.9514	        0.114131
             435	         34.0647	         31.9563	        0.113972
             436	         31.7604	         31.9558	        0.113711
             437	         37.9659	         31.9696	        0.114279
             438	         32.6264	         31.9711	        0.114028
             439	         31.3913	         31.9697	        0.113776
             440	         33.1095	         31.9723	        0.113547
             441	         24.2524	         31.9548	        0.114631
             442	         32.0555	         31.9551	        0.114372
             443	         35.4958	          31.963	        0.114393
             444	         30.5408	         31.9598	         0.11418
             445	         30.8743	         31.9574	        0.113949
             446	         32.4762	         31.9586	          0.1137
             447	         32.5753	         31.9599	        0.113454
             448	         34.9354	         31.9666	        0.113395
             449	         35.1683	         31.9737	        0.113366
             450	         33.1635	         31.9764	        0.113145
             451	         27.2011	         31.9658	        0.113389
             452	           28.15	         31.9573	        0.113452
             453	          31.742	         31.9569	        0.113202
             454	         29.3511	         31.9511	        0.113098
             455	         33.9606	         31.9555	        0.112936
             456	         37.7053	         31.9681	         0.11339
             457	         34.5432	         31.9738	        0.113282
             458	         32.2523	         31.9744	        0.113036
             459	         32.4386	         31.9754	        0.112794
             460	         35.8152	         31.9837	        0.112858
             461	         29.8586	         31.9791	        0.112707
             462	          31.088	         31.9772	        0.112479
             463	         31.0487	         31.9752	        0.112254
             464	         33.3519	         31.9782	        0.112052
             465	         33.2493	         31.9809	        0.111844
             466	          32.669	         31.9824	        0.111614
             467	         34.4803	         31.9877	        0.111503
             468	         31.0039	         31.9856	        0.111284
             469	          30.413	         31.9823	        0.111098
             470	         32.1445	         31.9826	        0.110862
             471	         32.6676	         31.9841	        0.110636
             472	         33.5945	         31.9875	        0.110454
             473	         34.2853	         31.9923	        0.110327
             474	         31.7966	         31.9919	        0.110095
             475	         30.2729	         31.9883	        0.109923
             476	          31.441	         31.9872	        0.109698
             477	         31.7121	         31.9866	         0.10947
             478	         32.8424	         31.9884	        0.109255
             479	         33.3573	         31.9912	        0.109065
             480	         30.9888	         31.9891	        0.108857
             481	         28.0697	          31.981	        0.108936
             482	         31.9912	          31.981	         0.10871
             483	          32.647	         31.9824	        0.108493
             484	         31.3903	         31.9812	        0.108276
             485	         31.5544	         31.9803	        0.108056
             486	         30.5364	         31.9773	        0.107875
             487	         31.6214	         31.9766	        0.107656
             488	         27.4584	         31.9673	        0.107833
             489	         29.0413	         31.9613	        0.107778
             490	         29.0223	         31.9553	        0.107725
             491	         35.4595	         31.9625	        0.107742
             492	         31.5236	         31.9616	        0.107526
             493	         33.9352	         31.9656	        0.107383
             494	         27.1824	         31.9559	        0.107601
             495	         34.3653	         31.9608	        0.107494
             496	         27.7317	         31.9523	        0.107615
             497	         30.2164	         31.9488	        0.107455
             498	          32.491	         31.9498	        0.107244
             499	         29.2682	         31.9445	        0.107164
             500	         32.8986	         31.9464	        0.106967
