#     BLOCK:   ACTUAL_CV:    CV_AVE:      ERROR:
           1	     0.15353	     0.15353	           0
           2	    0.151451	    0.152491	 0.000735243
           3	    0.154237	    0.153073	 0.000682733
           4	    0.163388	    0.155651	  0.00229116
           5	    0.149997	    0.154521	  0.00209349
           6	    0.163837	    0.156073	  0.00224783
           7	    0.162462	    0.156986	  0.00210387
           8	    0.170003	    0.158613	   0.0023886
           9	    0.164267	    0.159241	  0.00220427
          10	    0.147055	    0.158023	  0.00229611
          11	    0.154271	    0.157682	  0.00211256
          12	    0.147516	    0.156835	   0.0020995
          13	    0.147078	    0.156084	  0.00206781
          14	    0.140677	    0.154984	   0.0021935
          15	    0.149916	    0.154646	  0.00207312
          16	    0.148638	     0.15427	  0.00197727
          17	    0.143388	     0.15363	  0.00196185
          18	     0.14589	      0.1532	   0.0018994
          19	    0.146425	    0.152843	  0.00183259
          20	    0.153924	    0.152897	  0.00174176
          21	     0.14614	    0.152576	  0.00168828
          22	    0.160384	    0.152931	  0.00164842
          23	    0.146252	     0.15264	  0.00160212
          24	     0.16326	    0.153083	   0.0015953
          25	    0.147635	    0.152865	   0.0015463
          26	    0.147137	    0.152645	  0.00150244
          27	    0.136335	    0.152041	  0.00156352
          28	    0.151639	    0.152026	  0.00150774
          29	    0.153426	    0.152074	  0.00145652
          30	    0.152393	    0.152085	  0.00140801
          31	    0.150069	     0.15202	  0.00136409
          32	    0.150771	    0.151981	  0.00132202
          33	    0.154123	    0.152046	  0.00128355
          34	    0.147502	    0.151912	  0.00125274
          35	    0.157177	    0.152063	  0.00122594
          36	    0.153023	    0.152089	  0.00119218
          37	    0.159226	    0.152282	  0.00117546
          38	    0.148528	    0.152183	  0.00114867
          39	    0.152593	    0.152194	  0.00111926
          40	    0.155046	    0.152265	  0.00109355
          41	    0.147124	     0.15214	  0.00107404
          42	    0.154539	    0.152197	  0.00104999
          43	    0.137787	    0.151862	  0.00107772
          44	    0.157574	    0.151992	  0.00106102
          45	    0.154146	     0.15204	  0.00103852
          46	    0.141737	    0.151816	  0.00103982
          47	    0.142738	    0.151622	  0.00103547
          48	    0.158181	    0.151759	  0.00102288
          49	    0.151535	    0.151754	  0.00100201
          50	    0.148567	    0.151691	 0.000983997
          51	    0.145448	    0.151568	 0.000972287
          52	    0.154634	    0.151627	 0.000955374
          53	    0.155628	    0.151703	 0.000940326
          54	    0.155264	    0.151769	 0.000925222
          55	    0.156323	    0.151852	 0.000912098
          56	    0.149723	    0.151814	 0.000896602
          57	    0.146293	    0.151717	 0.000886087
          58	    0.156822	    0.151805	  0.00087517
          59	     0.14558	    0.151699	 0.000866673
          60	    0.158525	    0.151813	 0.000859663
          61	    0.144107	    0.151687	 0.000854801
          62	    0.141177	    0.151517	 0.000857657
          63	     0.14792	     0.15146	 0.000845942
          64	    0.143667	    0.151338	 0.000841443
          65	    0.156775	    0.151422	 0.000832645
          66	     0.14418	    0.151312	 0.000827227
          67	    0.151629	    0.151317	 0.000814893
          68	    0.160314	    0.151449	  0.00081358
          69	    0.152416	    0.151463	  0.00080191
          70	    0.144038	    0.151357	  0.00079744
          71	    0.147178	    0.151298	 0.000788377
          72	    0.147043	    0.151239	  0.00077964
          73	    0.152482	    0.151256	 0.000769146
          74	    0.151231	    0.151256	 0.000758752
          75	    0.146365	    0.151191	 0.000751433
          76	    0.153038	    0.151215	 0.000741938
          77	    0.146015	    0.151147	  0.00073537
          78	    0.164071	    0.151313	 0.000744372
          79	    0.152677	     0.15133	  0.00073515
          80	     0.14591	    0.151263	 0.000729077
          81	    0.143276	    0.151164	 0.000726712
          82	     0.15244	     0.15118	 0.000718016
          83	    0.151451	    0.151183	 0.000709373
          84	    0.149026	    0.151157	 0.000701393
          85	    0.157255	    0.151229	   0.0006968
          86	    0.153584	    0.151256	 0.000689236
          87	    0.144016	    0.151173	  0.00068632
          88	    0.151236	    0.151174	 0.000678521
          89	    0.145526	     0.15111	 0.000673858
          90	    0.151408	    0.151114	 0.000666379
          91	    0.147381	    0.151073	 0.000660318
          92	    0.153893	    0.151103	 0.000653851
          93	    0.165388	    0.151257	 0.000664617
          94	    0.157832	    0.151327	 0.000661218
          95	    0.150576	    0.151319	 0.000654305
          96	    0.152606	    0.151332	 0.000647627
          97	     0.15248	    0.151344	 0.000641058
          98	    0.154264	    0.151374	 0.000635209
          99	    0.165535	    0.151517	 0.000644697
         100	    0.144605	    0.151448	 0.000641945
