#     BLOCK:   ACTUAL_TE:    TE_AVE:      ERROR:
               1	        -0.69168	        -0.69168	               0
               2	        -0.67728	        -0.68448	      0.00509117
               3	        -0.68648	       -0.685147	      0.00343748
               4	        -0.69288	        -0.68708	      0.00307409
               5	        -0.68648	        -0.68696	      0.00246161
               6	        -0.69072	       -0.687587	      0.00212961
               7	        -0.69152	       -0.688149	      0.00189807
               8	        -0.67808	        -0.68689	      0.00203575
               9	         -0.6876	       -0.686969	      0.00181109
              10	        -0.69176	       -0.687448	      0.00169216
              11	        -0.70216	       -0.688785	      0.00199816
              12	        -0.67936	          -0.688	      0.00198001
              13	        -0.68568	       -0.687822	      0.00183573
              14	         -0.6916	       -0.688091	      0.00172433
              15	        -0.68424	       -0.687835	      0.00162838
              16	        -0.69568	       -0.688325	      0.00159873
              17	         -0.6752	       -0.687553	       0.0016808
              18	        -0.68392	       -0.687351	      0.00159949
              19	        -0.69992	       -0.688013	      0.00164643
              20	        -0.68584	       -0.687904	      0.00156769
              21	        -0.68464	       -0.687749	      0.00150072
              22	        -0.68272	        -0.68752	      0.00144981
              23	        -0.67064	       -0.686786	      0.00156152
              24	        -0.67432	       -0.686267	      0.00158049
              25	        -0.69872	       -0.686765	      0.00159384
              26	         -0.7024	       -0.687366	      0.00164207
              27	          -0.676	       -0.686945	      0.00163432
              28	        -0.69888	       -0.687371	      0.00163059
              29	        -0.67976	       -0.687109	      0.00159535
              30	        -0.69144	       -0.687253	      0.00154869
              31	        -0.67688	       -0.686919	      0.00153445
              32	        -0.70744	        -0.68756	      0.00161496
              33	        -0.68232	       -0.687401	      0.00157381
              34	          -0.692	       -0.687536	      0.00153332
              35	        -0.66664	       -0.686939	      0.00160154
              36	        -0.69544	       -0.687176	      0.00157436
              37	          -0.674	       -0.686819	      0.00157156
              38	        -0.67696	        -0.68656	      0.00155148
              39	        -0.67936	       -0.686375	      0.00152264
              40	        -0.70408	       -0.686818	      0.00154757
              41	         -0.6788	       -0.686622	      0.00152213
              42	        -0.68672	       -0.686625	      0.00148589
              43	        -0.67856	       -0.686437	      0.00146312
              44	        -0.68792	       -0.686471	      0.00143026
              45	        -0.69504	       -0.686661	       0.0014111
              46	        -0.68304	       -0.686583	      0.00138261
              47	        -0.68168	       -0.686478	      0.00135713
              48	          -0.674	       -0.686218	      0.00135352
              49	        -0.68536	       -0.686201	      0.00132601
              50	        -0.68888	       -0.686254	      0.00130057
              51	        -0.68352	       -0.686201	      0.00127618
              52	        -0.69488	       -0.686368	       0.0012625
              53	        -0.69568	       -0.686543	      0.00125085
              54	          -0.686	       -0.686533	      0.00122773
              55	        -0.68712	       -0.686544	      0.00120545
              56	         -0.6908	        -0.68662	      0.00118632
              57	        -0.68368	       -0.686568	      0.00116663
              58	        -0.69032	       -0.686633	       0.0011483
              59	        -0.69248	       -0.686732	      0.00113311
              60	        -0.68288	       -0.686668	      0.00111604
              61	        -0.69304	       -0.686772	      0.00110262
              62	         -0.6872	       -0.686779	      0.00108486
              63	        -0.68152	       -0.686696	      0.00107085
              64	        -0.69256	       -0.686787	      0.00105803
              65	        -0.68608	       -0.686777	      0.00104181
              66	         -0.7012	       -0.686995	      0.00104869
              67	        -0.69256	       -0.687078	      0.00103632
              68	        -0.68032	       -0.686979	      0.00102584
              69	        -0.69144	       -0.687043	      0.00101301
              70	        -0.69856	       -0.687208	      0.00101181
              71	        -0.69184	       -0.687273	     0.000999657
              72	        -0.68552	       -0.687249	     0.000986069
              73	        -0.68704	       -0.687246	     0.000972565
              74	        -0.68648	       -0.687236	     0.000959478
              75	        -0.68608	        -0.68722	     0.000946808
              76	         -0.6996	       -0.687383	     0.000948259
              77	        -0.69336	       -0.687461	     0.000939116
              78	        -0.68544	       -0.687435	     0.000927433
              79	        -0.68216	       -0.687368	     0.000918094
              80	        -0.68784	       -0.687374	     0.000906636
              81	        -0.69368	       -0.687452	      0.00089878
              82	        -0.68448	       -0.687416	     0.000888549
              83	        -0.69752	       -0.687537	     0.000886144
              84	        -0.67384	       -0.687374	     0.000890472
              85	        -0.69296	        -0.68744	     0.000882417
              86	        -0.68544	       -0.687417	     0.000872463
              87	        -0.67448	       -0.687268	     0.000875014
              88	        -0.68784	       -0.687275	     0.000865095
              89	        -0.69424	       -0.687353	     0.000858908
              90	        -0.69344	        -0.68742	     0.000852023
              91	        -0.69432	       -0.687496	     0.000846027
              92	         -0.6812	       -0.687428	     0.000839595
              93	         -0.6836	       -0.687387	     0.000831575
              94	        -0.69376	       -0.687454	     0.000825488
              95	        -0.68368	       -0.687415	     0.000817754
              96	        -0.68224	       -0.687361	     0.000811011
              97	        -0.69272	       -0.687416	     0.000804529
              98	        -0.67888	       -0.687329	     0.000801021
              99	        -0.69456	       -0.687402	     0.000796253
             100	         -0.6828	       -0.687356	     0.000789619
             101	        -0.69152	       -0.687397	     0.000782877
             102	        -0.67816	       -0.687307	     0.000780422
             103	        -0.69984	       -0.687428	     0.000782274
             104	         -0.6952	       -0.687503	     0.000778313
             105	        -0.67696	       -0.687403	     0.000777351
             106	        -0.69136	        -0.68744	     0.000770913
             107	        -0.68704	       -0.687436	     0.000763717
             108	        -0.68808	       -0.687442	     0.000756669
             109	        -0.67744	        -0.68735	     0.000755271
             110	        -0.68792	       -0.687356	     0.000748423
             111	        -0.69032	       -0.687382	     0.000742156
             112	        -0.69568	       -0.687456	     0.000739219
             113	        -0.69096	       -0.687487	     0.000733327
             114	        -0.69056	       -0.687514	     0.000727389
             115	        -0.68536	       -0.687496	     0.000721305
             116	        -0.68992	       -0.687517	      0.00071539
             117	        -0.68528	       -0.687497	     0.000709531
             118	        -0.68872	       -0.687508	     0.000703593
             119	        -0.67552	       -0.687407	     0.000704856
             120	        -0.66984	       -0.687261	     0.000714022
             121	         -0.6828	       -0.687224	     0.000709072
             122	        -0.68704	       -0.687222	     0.000703262
             123	        -0.69016	       -0.687246	      0.00069795
             124	        -0.69568	       -0.687314	     0.000695627
             125	        -0.68088	       -0.687263	     0.000691964
             126	        -0.69328	        -0.68731	     0.000688118
             127	         -0.6852	       -0.687294	       0.0006829
             128	        -0.69456	       -0.687351	     0.000679921
             129	         -0.6916	       -0.687384	     0.000675447
             130	        -0.68392	       -0.687357	     0.000670777
             131	        -0.68808	       -0.687362	     0.000665679
             132	        -0.68856	       -0.687372	     0.000660698
             133	        -0.69296	       -0.687414	     0.000657065
             134	        -0.68968	        -0.68743	     0.000652379
             135	        -0.68896	       -0.687442	     0.000647645
             136	           -0.68	       -0.687387	      0.00064519
             137	        -0.68512	       -0.687371	     0.000640693
             138	        -0.68176	        -0.68733	     0.000637339
             139	        -0.68544	       -0.687316	     0.000632899
             140	        -0.69104	       -0.687343	     0.000628937
             141	        -0.68576	       -0.687332	     0.000624577
             142	        -0.67816	       -0.687267	     0.000623509
             143	         -0.6888	       -0.687278	     0.000619241
             144	         -0.6872	       -0.687277	     0.000614941
             145	        -0.67496	       -0.687192	     0.000616539
             146	        -0.68592	       -0.687184	     0.000612378
             147	        -0.67272	       -0.687085	     0.000616066
             148	        -0.68616	       -0.687079	     0.000611935
             149	        -0.67768	       -0.687016	      0.00061107
             150	        -0.67768	       -0.686954	     0.000610158
             151	        -0.68224	       -0.686922	     0.000606915
             152	          -0.682	        -0.68689	     0.000603786
             153	        -0.69384	       -0.686935	     0.000601546
             154	        -0.67792	       -0.686877	     0.000600481
             155	        -0.69448	       -0.686926	     0.000598607
             156	        -0.69536	        -0.68698	     0.000597207
             157	         -0.6892	       -0.686994	      0.00059357
             158	         -0.6896	       -0.687011	     0.000590042
             159	        -0.67616	       -0.686942	     0.000590265
             160	        -0.68744	       -0.686945	     0.000586584
             161	          -0.696	       -0.687002	      0.00058563
             162	        -0.69368	       -0.687043	     0.000583464
             163	        -0.67784	       -0.686987	      0.00058261
             164	        -0.69912	        -0.68706	     0.000583736
             165	        -0.68808	       -0.687067	     0.000580231
             166	        -0.68384	       -0.687047	     0.000577061
             167	        -0.68872	       -0.687057	     0.000573693
             168	        -0.67688	       -0.686997	     0.000573467
             169	        -0.68368	       -0.686977	      0.00057041
             170	         -0.6892	        -0.68699	     0.000567204
             171	        -0.67912	       -0.686944	     0.000565751
             172	        -0.68032	       -0.686906	     0.000563771
             173	        -0.68984	       -0.686923	     0.000560768
             174	        -0.69312	       -0.686958	     0.000558675
             175	        -0.69088	       -0.686981	     0.000555932
             176	        -0.66728	       -0.686869	     0.000563929
             177	        -0.68088	       -0.686835	     0.000561757
             178	          -0.684	       -0.686819	     0.000558827
             179	        -0.69144	       -0.686845	     0.000556301
             180	        -0.68832	       -0.686853	     0.000553271
             181	         -0.6824	       -0.686828	     0.000550761
             182	        -0.69528	       -0.686875	     0.000549689
             183	        -0.69072	       -0.686896	     0.000547087
             184	         -0.6956	       -0.686943	     0.000546155
             185	         -0.6916	       -0.686968	     0.000543783
             186	        -0.68808	       -0.686974	     0.000540892
             187	        -0.67056	       -0.686886	     0.000545075
             188	        -0.67336	       -0.686814	     0.000546904
             189	        -0.68984	        -0.68683	     0.000544244
             190	        -0.67744	       -0.686781	     0.000543619
             191	        -0.68432	       -0.686768	     0.000540926
             192	          -0.692	       -0.686795	     0.000538794
             193	        -0.68408	       -0.686781	     0.000536186
             194	        -0.69696	       -0.686834	     0.000535983
             195	        -0.69392	        -0.68687	     0.000534465
             196	        -0.68728	       -0.686872	     0.000531742
             197	        -0.68472	       -0.686861	     0.000529155
             198	         -0.6664	       -0.686758	     0.000536479
             199	        -0.68656	       -0.686757	     0.000533784
             200	        -0.67224	       -0.686684	     0.000536027
