#     BLOCK:   ACTUAL_CV:    CV_AVE:      ERROR:
               1	        0.252141	        0.252141	               0
               2	        0.264117	        0.258129	      0.00423406
               3	        0.262862	        0.259707	      0.00310283
               4	        0.262934	        0.260513	      0.00242975
               5	        0.265068	        0.261424	      0.00210767
               6	        0.262861	        0.261664	      0.00176994
               7	        0.245425	        0.259344	      0.00262953
               8	        0.276578	        0.261498	      0.00305853
               9	        0.264176	        0.261796	      0.00273313
              10	        0.262118	        0.261828	      0.00246001
              11	        0.268106	        0.262399	      0.00230162
              12	        0.285616	        0.264334	      0.00280763
              13	        0.245183	         0.26286	      0.00295296
              14	        0.253234	        0.262173	      0.00282095
              15	        0.256928	        0.261823	      0.00265446
              16	        0.264936	        0.262018	      0.00249568
              17	        0.280989	        0.263134	      0.00258637
              18	        0.221706	        0.260832	      0.00331202
              19	        0.261343	        0.260859	      0.00313781
              20	        0.290427	        0.262337	      0.00331093
              21	        0.249185	        0.261711	      0.00321196
              22	        0.265345	        0.261876	      0.00307021
              23	        0.284284	        0.262851	      0.00308742
              24	        0.262462	        0.262834	      0.00295882
              25	        0.252754	        0.262431	      0.00286781
              26	        0.242375	         0.26166	      0.00285938
              27	        0.249689	        0.261216	      0.00278763
              28	        0.264813	        0.261345	      0.00269103
              29	        0.251183	        0.260994	      0.00262095
              30	        0.266696	        0.261184	      0.00254047
              31	        0.246651	        0.260716	       0.0025014
              32	        0.267764	        0.260936	      0.00243291
              33	        0.234084	        0.260122	      0.00249154
              34	        0.272071	        0.260474	      0.00244292
              35	        0.263057	        0.260547	      0.00237424
              36	        0.266091	        0.260701	      0.00231327
              37	         0.24759	        0.260347	      0.00227774
              38	        0.255881	         0.26023	      0.00222082
              39	        0.264623	        0.260342	      0.00216674
              40	        0.288611	        0.261049	      0.00222484
              41	        0.274798	        0.261384	       0.0021957
              42	        0.261794	        0.261394	      0.00214344
              43	        0.266348	        0.261509	      0.00209669
              44	        0.271404	        0.261734	      0.00206106
              45	        0.246234	         0.26139	      0.00204384
              46	        0.271063	          0.2616	       0.0020102
              47	        0.259011	        0.261545	      0.00196818
              48	        0.276043	        0.261847	      0.00195022
              49	        0.274253	          0.2621	      0.00192678
              50	        0.248968	        0.261838	      0.00190606
              51	        0.272194	        0.262041	      0.00187948
              52	        0.254463	        0.261895	      0.00184897
              53	        0.263791	        0.261931	      0.00181443
              54	        0.262836	        0.261947	      0.00178091
              55	        0.246984	        0.261675	      0.00176919
              56	        0.281879	        0.262036	        0.001774
              57	        0.246417	        0.261762	      0.00176392
              58	        0.256261	        0.261667	      0.00173605
              59	        0.248979	        0.261452	      0.00171989
              60	        0.248052	        0.261229	      0.00170567
              61	        0.244378	        0.260953	      0.00169993
              62	         0.23398	        0.260518	      0.00172728
              63	        0.286923	        0.260937	      0.00174997
              64	        0.253477	         0.26082	      0.00172651
              65	        0.268383	        0.260937	      0.00170386
              66	        0.249876	        0.260769	      0.00168627
              67	        0.267861	        0.260875	      0.00166442
              68	        0.257558	        0.260826	      0.00164066
              69	        0.261157	        0.260831	      0.00161689
              70	        0.257309	         0.26078	      0.00159457
              71	         0.24316	        0.260532	      0.00159131
              72	        0.272695	        0.260701	      0.00157815
              73	        0.290677	        0.261112	      0.00160906
              74	        0.248166	        0.260937	       0.0015968
              75	        0.272159	        0.261087	       0.0015825
              76	        0.248138	        0.260916	      0.00157083
              77	         0.26191	        0.260929	      0.00155048
              78	        0.275931	        0.261121	      0.00154248
              79	        0.244616	        0.260912	      0.00153704
              80	        0.245029	        0.260714	       0.0015306
              81	        0.263586	        0.260749	      0.00151211
              82	        0.277404	        0.260953	      0.00150725
              83	        0.255979	        0.260893	      0.00149028
              84	        0.242237	         0.26067	        0.001489
              85	        0.271874	        0.260802	       0.0014773
              86	         0.26358	        0.260835	      0.00146048
              87	         0.26473	        0.260879	      0.00144438
              88	        0.242893	        0.260675	      0.00144235
              89	        0.240752	        0.260451	      0.00144341
              90	        0.265727	         0.26051	      0.00142857
              91	        0.273778	        0.260656	      0.00142029
              92	         0.23367	        0.260362	      0.00143482
              93	        0.258083	        0.260338	       0.0014196
              94	        0.254752	        0.260278	      0.00140574
              95	        0.258842	        0.260263	      0.00139102
              96	        0.252763	        0.260185	      0.00137873
              97	        0.281027	          0.2604	      0.00138115
              98	        0.249537	        0.260289	       0.0013715
              99	        0.274193	         0.26043	      0.00136482
             100	         0.25866	        0.260412	      0.00135129
             101	        0.259978	        0.260408	      0.00133791
             102	        0.271398	        0.260515	      0.00132913
             103	        0.252067	        0.260433	      0.00131875
             104	        0.250594	        0.260339	      0.00130946
             105	        0.265259	        0.260386	      0.00129783
             106	        0.273572	         0.26051	      0.00129153
             107	        0.288849	        0.260775	      0.00130634
             108	        0.253529	        0.260708	      0.00129596
             109	         0.26986	        0.260792	      0.00128679
             110	        0.239066	        0.260594	      0.00129016
             111	        0.268284	        0.260663	       0.0012804
             112	        0.253173	        0.260597	      0.00127071
             113	        0.265125	        0.260637	       0.0012601
             114	        0.271638	        0.260733	      0.00125273
             115	        0.274351	        0.260852	      0.00124742
             116	        0.259169	        0.260837	      0.00123675
             117	         0.26856	        0.260903	      0.00122794
             118	        0.248888	        0.260801	      0.00122175
             119	        0.269285	        0.260873	      0.00121356
             120	        0.271576	        0.260962	      0.00120672
             121	         0.25075	        0.260877	       0.0011997
             122	        0.254533	        0.260825	      0.00119099
             123	        0.269337	        0.260895	      0.00118332
             124	        0.241686	         0.26074	      0.00118387
             125	        0.267669	        0.260795	       0.0011757
             126	        0.241537	        0.260642	      0.00117626
             127	        0.254006	         0.26059	      0.00116816
             128	        0.246668	        0.260481	      0.00116408
             129	        0.264504	        0.260512	      0.00115548
             130	        0.285687	        0.260706	       0.0011627
             131	        0.264096	        0.260732	      0.00115411
             132	        0.274416	        0.260836	      0.00115002
             133	        0.229528	          0.2606	      0.00116521
             134	        0.271147	        0.260679	      0.00115917
             135	        0.257842	        0.260658	      0.00115078
             136	        0.248188	        0.260566	      0.00114596
             137	        0.250279	        0.260491	      0.00114005
             138	        0.257521	         0.26047	        0.001132
             139	        0.269737	        0.260536	      0.00112581
             140	         0.27645	         0.26065	       0.0011235
             141	        0.271903	         0.26073	      0.00111836
             142	        0.244797	        0.260618	       0.0011161
             143	        0.261305	        0.260622	       0.0011083
             144	        0.249474	        0.260545	      0.00110331
             145	        0.265242	        0.260577	      0.00109617
             146	        0.245604	        0.260475	      0.00109345
             147	        0.252607	        0.260421	      0.00108732
             148	        0.273032	        0.260506	      0.00108331
             149	        0.276673	        0.260615	      0.00108146
             150	        0.261556	        0.260621	      0.00107427
             151	        0.281689	        0.260761	      0.00107618
             152	        0.270271	        0.260823	      0.00107091
             153	        0.269261	        0.260878	      0.00106533
             154	        0.258294	        0.260862	      0.00105855
             155	        0.277986	        0.260972	      0.00105747
             156	        0.269055	        0.261024	      0.00105196
             157	        0.272618	        0.261098	      0.00104785
             158	        0.233596	        0.260924	      0.00105557
             159	        0.245541	        0.260827	      0.00105336
             160	        0.266344	        0.260861	      0.00104734
             161	        0.278985	        0.260974	      0.00104686
             162	        0.245976	        0.260881	      0.00104449
             163	        0.268649	        0.260929	      0.00103917
             164	        0.282541	        0.261061	      0.00104115
             165	        0.286184	        0.261213	      0.00104592
             166	        0.245065	        0.261116	      0.00104413
             167	          0.2571	        0.261092	      0.00103815
             168	        0.267302	        0.261129	      0.00103263
             169	        0.262499	        0.261137	      0.00102655
             170	        0.271313	        0.261197	      0.00102226
             171	        0.288941	        0.261359	      0.00102908
             172	         0.26793	        0.261397	       0.0010238
             173	        0.266481	        0.261427	      0.00101831
             174	        0.270534	        0.261479	       0.0010138
             175	         0.24571	        0.261389	        0.001012
             176	        0.256451	        0.261361	      0.00100664
             177	        0.248492	        0.261288	      0.00100357
             178	        0.262105	        0.261293	     0.000997947
             179	        0.276645	        0.261378	     0.000996051
             180	        0.261073	        0.261377	     0.000990519
             181	        0.290941	         0.26154	     0.000998422
             182	        0.242351	        0.261435	     0.000998488
             183	        0.258844	         0.26142	     0.000993132
             184	        0.284312	        0.261545	     0.000995497
             185	         0.24582	         0.26146	     0.000993738
             186	        0.246624	         0.26138	     0.000991591
             187	        0.268206	        0.261417	      0.00098696
             188	        0.295552	        0.261598	     0.000998272
             189	        0.244564	        0.261508	     0.000997051
             190	         0.25788	        0.261489	     0.000991986
             191	        0.262114	        0.261492	     0.000986798
             192	        0.261605	        0.261493	     0.000981658
             193	        0.267172	        0.261522	     0.000977013
             194	        0.247992	        0.261453	     0.000974463
             195	        0.241233	        0.261349	     0.000974967
             196	        0.248397	        0.261283	     0.000972229
             197	        0.259175	        0.261272	     0.000967353
             198	         0.26301	        0.261281	     0.000962507
             199	        0.257178	         0.26126	     0.000957891
             200	        0.262538	        0.261267	     0.000953123
