#     BLOCK:   ACTUAL_M:     M_AVE:       ERROR:
               1	        0.053652	        0.053652	               0
               2	        0.054148	          0.0539	     0.000175362
               3	        0.030524	        0.046108	      0.00636322
               4	        0.053404	        0.047932	      0.00502704
               5	        0.048852	        0.048116	        0.004025
               6	        0.040592	        0.046862	      0.00354413
               7	         0.04808	        0.047036	      0.00304209
               8	        0.061804	        0.048882	      0.00317287
               9	          0.0618	       0.0503173	      0.00312818
              10	        0.067032	       0.0519888	      0.00323121
              11	        0.050792	         0.05188	      0.00293929
              12	        0.063964	        0.052887	      0.00286166
              13	        0.052612	       0.0528658	      0.00264161
              14	         0.05616	       0.0531011	      0.00246338
              15	        0.041372	       0.0523192	      0.00242008
              16	         0.05664	       0.0525893	      0.00228384
              17	        0.038384	       0.0517536	      0.00229728
              18	        0.082212	       0.0534458	      0.00272243
              19	        0.050336	       0.0532821	      0.00258406
              20	        0.048896	       0.0530628	      0.00246415
              21	        0.060852	       0.0534337	      0.00237456
              22	         0.06546	       0.0539804	      0.00232869
              23	         0.03436	       0.0531273	      0.00237857
              24	        0.049184	        0.052963	      0.00228513
              25	        0.047128	       0.0527296	      0.00220561
              26	         0.05922	       0.0529792	      0.00213486
              27	        0.054188	        0.053024	      0.00205626
              28	         0.05014	        0.052921	       0.0019854
              29	        0.050092	       0.0528234	      0.00191933
              30	        0.053664	       0.0528515	      0.00185556
              31	        0.069072	       0.0533747	      0.00186802
              32	        0.057104	       0.0534913	      0.00181328
              33	         0.05848	       0.0536424	      0.00176462
              34	         0.05618	       0.0537171	       0.0017143
              35	        0.044156	       0.0534439	      0.00168694
              36	        0.049896	       0.0533453	      0.00164296
              37	        0.065524	       0.0536745	      0.00163119
              38	        0.055672	       0.0537271	      0.00158911
              39	        0.060916	       0.0539114	      0.00155902
              40	        0.046972	       0.0537379	      0.00152967
              41	        0.062332	       0.0539475	      0.00150665
              42	        0.058052	       0.0540452	      0.00147395
              43	         0.06208	       0.0542321	      0.00145146
              44	        0.053516	       0.0542158	      0.00141857
              45	        0.055132	       0.0542362	      0.00138719
              46	         0.04768	       0.0540937	      0.00136434
              47	        0.057572	       0.0541677	      0.00133731
              48	        0.064576	       0.0543845	      0.00132692
              49	        0.067604	       0.0546543	      0.00132698
              50	        0.071784	       0.0549969	      0.00134394
              51	        0.056696	       0.0550302	        0.001318
              52	        0.053932	       0.0550091	      0.00129282
              53	        0.059236	       0.0550888	      0.00127088
              54	        0.053024	       0.0550506	      0.00124793
              55	        0.056584	       0.0550785	      0.00122555
              56	         0.03984	       0.0548064	       0.0012335
              57	        0.050628	       0.0547331	      0.00121404
              58	        0.040888	       0.0544943	      0.00121635
              59	        0.051272	       0.0544397	      0.00119696
              60	        0.061752	       0.0545616	       0.0011832
              61	        0.044096	         0.05439	      0.00117617
              62	        0.050996	       0.0543353	      0.00115847
              63	        0.061176	       0.0544439	      0.00114516
              64	        0.061072	       0.0545474	      0.00113194
              65	        0.061052	       0.0546475	      0.00111894
              66	        0.052348	       0.0546127	      0.00110253
              67	        0.056892	       0.0546467	       0.0010866
              68	        0.053888	       0.0546355	      0.00107068
              69	        0.062172	       0.0547448	      0.00106072
              70	         0.06232	        0.054853	      0.00105107
              71	        0.033404	       0.0545509	      0.00107881
              72	        0.047496	       0.0544529	      0.00106827
              73	        0.056724	        0.054484	      0.00105409
              74	        0.054684	       0.0544867	      0.00103984
              75	        0.063144	       0.0546021	      0.00103237
              76	        0.057368	       0.0546385	      0.00101942
              77	        0.058912	        0.054694	      0.00100769
              78	         0.05096	       0.0546462	     0.000995912
              79	        0.072076	       0.0548668	      0.00100745
              80	        0.055908	       0.0548798	     0.000994939
              81	        0.059128	       0.0549322	     0.000984037
              82	        0.054572	       0.0549279	     0.000972046
              83	        0.054416	       0.0549217	     0.000960355
              84	         0.05576	       0.0549317	     0.000948974
              85	        0.043384	       0.0547958	     0.000947484
              86	         0.07298	       0.0550073	      0.00095977
              87	        0.060644	        0.055072	     0.000950923
              88	        0.046308	       0.0549725	     0.000945317
              89	        0.061912	       0.0550504	     0.000937906
              90	        0.053956	       0.0550383	     0.000927564
              91	        0.035124	       0.0548194	     0.000942832
              92	        0.055324	       0.0548249	       0.0009326
              93	        0.045676	       0.0547265	     0.000927746
              94	        0.058412	       0.0547657	     0.000918705
              95	        0.051296	       0.0547292	      0.00090976
              96	         0.06266	       0.0548118	     0.000904026
              97	        0.066476	       0.0549321	     0.000902668
              98	        0.070308	        0.055089	     0.000906991
              99	        0.057036	       0.0551086	     0.000898042
             100	        0.073232	       0.0552899	     0.000907165
             101	        0.037424	        0.055113	     0.000915267
             102	        0.055052	       0.0551124	     0.000906294
             103	        0.057028	        0.055131	     0.000897685
             104	        0.059588	       0.0551738	     0.000890076
             105	         0.06358	       0.0552539	     0.000885192
             106	        0.039732	       0.0551075	     0.000888871
             107	        0.062988	       0.0551811	      0.00088361
             108	        0.052364	        0.055155	     0.000875813
             109	        0.052544	       0.0551311	     0.000868106
             110	        0.074948	       0.0553112	     0.000878708
             111	        0.062856	       0.0553792	     0.000873417
             112	        0.051412	       0.0553438	     0.000866336
             113	        0.068196	       0.0554575	     0.000866103
             114	        0.049848	       0.0554083	     0.000859903
             115	          0.0665	       0.0555048	     0.000857817
             116	        0.039028	       0.0553627	     0.000862102
             117	         0.06008	        0.055403	     0.000855676
             118	        0.058788	       0.0554317	     0.000848905
             119	         0.04996	       0.0553857	     0.000843016
             120	        0.052776	        0.055364	     0.000836271
             121	        0.046132	       0.0552877	     0.000832833
             122	        0.036016	       0.0551297	     0.000840854
             123	         0.04692	        0.055063	     0.000836662
             124	        0.045916	       0.0549892	     0.000833161
             125	        0.068004	       0.0550933	     0.000832976
             126	        0.050304	       0.0550553	     0.000827232
             127	         0.04876	       0.0550058	     0.000822202
             128	        0.053824	       0.0549965	      0.00081583
             129	        0.062468	       0.0550544	     0.000811559
             130	        0.045028	       0.0549773	     0.000808973
             131	        0.045492	       0.0549049	     0.000806031
             132	        0.052344	       0.0548855	     0.000800159
             133	        0.037292	       0.0547532	     0.000805003
             134	         0.04846	       0.0547063	     0.000800364
             135	        0.056344	       0.0547184	     0.000794527
             136	        0.045796	       0.0546528	     0.000791389
             137	        0.057956	       0.0546769	      0.00078598
             138	        0.054168	       0.0546732	     0.000780293
             139	        0.055428	       0.0546786	     0.000774698
             140	        0.046912	       0.0546232	     0.000771148
             141	        0.044224	       0.0545494	     0.000769198
             142	         0.04616	       0.0544903	     0.000766047
             143	        0.042788	       0.0544085	     0.000765048
             144	        0.034592	       0.0542709	     0.000772013
             145	        0.054248	       0.0542707	     0.000766689
             146	         0.06052	       0.0543135	     0.000762631
             147	        0.064388	       0.0543821	     0.000760517
             148	        0.068624	       0.0544783	     0.000761442
             149	        0.045488	        0.054418	     0.000758718
             150	        0.053832	       0.0544141	      0.00075367
             151	        0.055376	       0.0544204	     0.000748706
             152	        0.051412	       0.0544006	     0.000744042
             153	        0.044552	       0.0543363	     0.000741958
             154	           0.062	        0.054386	     0.000738807
             155	        0.049212	       0.0543526	     0.000734794
             156	         0.05078	       0.0543297	     0.000730441
             157	        0.047228	       0.0542845	     0.000727188
             158	        0.059164	       0.0543154	     0.000723241
             159	        0.043708	       0.0542487	     0.000721762
             160	        0.049408	       0.0542184	     0.000717885
             161	        0.060768	       0.0542591	     0.000714578
             162	        0.039528	       0.0541682	     0.000715929
             163	         0.05934	       0.0541999	      0.00071224
             164	        0.051296	       0.0541822	     0.000708117
             165	        0.058616	       0.0542091	     0.000704335
             166	        0.040276	       0.0541251	     0.000705075
             167	        0.053328	       0.0541204	      0.00070087
             168	        0.064368	       0.0541814	     0.000699347
             169	        0.050176	       0.0541577	      0.00069561
             170	        0.057552	       0.0541776	     0.000691805
             171	        0.069688	       0.0542683	      0.00069368
             172	        0.059092	       0.0542964	     0.000690214
             173	        0.052752	       0.0542874	     0.000686282
             174	        0.057324	       0.0543049	      0.00068256
             175	         0.05532	       0.0543107	     0.000678684
             176	        0.043692	       0.0542504	     0.000677504
             177	        0.041356	       0.0541775	     0.000677582
             178	        0.047232	       0.0541385	     0.000674898
             179	        0.057632	        0.054158	     0.000671409
             180	        0.064668	       0.0542164	     0.000670213
             181	        0.050828	       0.0541977	     0.000666772
             182	        0.055276	       0.0542036	     0.000663135
             183	         0.05584	       0.0542125	     0.000659571
             184	        0.063776	       0.0542645	     0.000658031
             185	        0.057456	       0.0542818	     0.000654701
             186	        0.044816	       0.0542309	     0.000653156
             187	        0.047608	       0.0541955	     0.000650622
             188	        0.050896	       0.0541779	     0.000647398
             189	         0.04454	       0.0541269	     0.000645978
             190	        0.058364	       0.0541492	     0.000642963
             191	        0.044708	       0.0540998	     0.000641494
             192	        0.054148	          0.0541	     0.000638153
             193	        0.057704	       0.0541187	      0.00063512
             194	         0.04812	       0.0540878	     0.000632598
             195	        0.052056	       0.0540774	      0.00062944
             196	        0.051156	       0.0540625	     0.000626405
             197	          0.0549	       0.0540667	     0.000623239
             198	        0.047864	       0.0540354	     0.000620879
             199	        0.047712	       0.0540036	     0.000618571
             200	        0.052848	       0.0539978	     0.000615505
             201	        0.035016	       0.0539034	     0.000619646
             202	        0.051772	       0.0538929	     0.000616668
             203	        0.049512	       0.0538713	     0.000614008
             204	        0.059664	       0.0538997	     0.000611654
             205	        0.053896	       0.0538996	      0.00060867
             206	        0.056824	       0.0539138	     0.000605881
             207	        0.051888	       0.0539041	     0.000603033
             208	        0.041772	       0.0538457	     0.000602948
             209	        0.067504	       0.0539111	     0.000603594
             210	         0.05424	       0.0539126	     0.000600722
             211	        0.069024	       0.0539843	     0.000602129
             212	        0.051312	       0.0539717	     0.000599421
             213	        0.052064	       0.0539627	     0.000596673
             214	        0.036064	       0.0538791	     0.000599719
             215	        0.046664	       0.0538455	     0.000597867
             216	        0.065948	       0.0539015	     0.000597719
             217	          0.0341	       0.0538103	      0.00060189
             218	        0.058492	       0.0538318	     0.000599512
             219	        0.051636	       0.0538217	     0.000596858
             220	        0.048624	       0.0537981	     0.000594613
             221	        0.065248	       0.0538499	     0.000594175
             222	         0.04286	       0.0538004	     0.000593557
             223	        0.057188	       0.0538156	      0.00059109
             224	        0.056908	       0.0538294	     0.000588612
             225	        0.044376	       0.0537874	     0.000587494
             226	        0.038912	       0.0537216	      0.00058857
             227	          0.0406	       0.0536638	     0.000588809
             228	        0.061232	        0.053697	     0.000587161
             229	        0.069128	       0.0537643	     0.000588451
             230	        0.063088	       0.0538049	     0.000587287
             231	         0.06496	       0.0538532	     0.000586727
             232	        0.054784	       0.0538572	     0.000584212
             233	        0.038816	       0.0537926	      0.00058526
             234	        0.052316	       0.0537863	     0.000582793
             235	        0.049872	       0.0537697	     0.000580551
             236	         0.06172	       0.0538034	     0.000579068
             237	        0.047396	       0.0537763	     0.000577255
             238	         0.03522	       0.0536984	     0.000580071
             239	        0.054788	       0.0537029	     0.000577662
             240	        0.066532	       0.0537564	     0.000577723
             241	         0.06556	       0.0538053	     0.000577398
             242	        0.061392	       0.0538367	     0.000575863
             243	        0.049868	       0.0538204	     0.000573724
             244	        0.048296	       0.0537977	      0.00057182
             245	        0.047128	       0.0537705	     0.000570133
             246	        0.063356	       0.0538095	     0.000569146
             247	        0.074036	       0.0538914	     0.000572702
             248	        0.040284	       0.0538365	     0.000573015
             249	        0.050088	       0.0538214	     0.000570912
             250	          0.0454	       0.0537877	     0.000569621
             251	        0.053096	        0.053785	     0.000567358
             252	        0.053736	       0.0537848	     0.000565107
             253	        0.045292	       0.0537512	     0.000563869
             254	        0.047272	       0.0537257	     0.000562226
             255	        0.057232	       0.0537395	     0.000560189
             256	        0.045364	       0.0537068	     0.000558956
             257	        0.058676	       0.0537261	     0.000557115
             258	        0.064804	        0.053769	     0.000556608
             259	        0.035552	       0.0536987	     0.000558885
             260	        0.047156	       0.0536735	     0.000557302
             261	          0.0557	       0.0536813	     0.000555221
             262	        0.050536	       0.0536693	     0.000553231
             263	        0.043396	       0.0536302	     0.000552505
             264	        0.047744	       0.0536079	     0.000550862
             265	        0.052992	       0.0536056	     0.000548788
             266	        0.053948	       0.0536069	     0.000546726
             267	        0.060476	       0.0536326	     0.000545284
             268	        0.060652	       0.0536588	     0.000543878
             269	        0.043464	       0.0536209	     0.000543175
             270	        0.055644	       0.0536284	     0.000541215
             271	        0.058948	        0.053648	     0.000539574
             272	        0.051348	       0.0536396	     0.000537656
             273	          0.0505	       0.0536281	      0.00053581
             274	        0.057624	       0.0536427	     0.000534052
             275	        0.055408	       0.0536491	     0.000532149
             276	         0.05638	        0.053659	     0.000530313
             277	        0.061592	       0.0536876	     0.000529171
             278	        0.067224	       0.0537363	     0.000529503
             279	        0.050108	       0.0537233	     0.000527765
             280	        0.052396	       0.0537186	     0.000525901
             281	        0.064508	        0.053757	      0.00052543
             282	        0.042372	       0.0537166	     0.000525115
             283	        0.046224	       0.0536901	     0.000523927
             284	        0.042952	       0.0536523	     0.000523444
             285	        0.060692	        0.053677	      0.00052219
             286	        0.044956	       0.0536465	     0.000521254
             287	        0.047076	       0.0536236	      0.00051994
             288	        0.064992	       0.0536631	     0.000519631
             289	        0.059452	       0.0536831	     0.000518219
             290	        0.042064	        0.053643	     0.000517979
             291	        0.065004	       0.0536821	     0.000517668
             292	         0.06206	       0.0537108	      0.00051669
             293	        0.060456	       0.0537338	     0.000515439
             294	          0.0582	        0.053749	     0.000513909
             295	        0.057468	       0.0537616	     0.000512322
             296	        0.066092	       0.0538033	     0.000512282
             297	        0.050976	       0.0537937	     0.000510645
             298	        0.042896	       0.0537572	      0.00051024
             299	         0.05014	       0.0537451	     0.000508676
             300	        0.046916	       0.0537223	      0.00050749
             301	         0.05574	        0.053729	     0.000505848
             302	         0.06292	       0.0537594	     0.000505088
             303	        0.051316	       0.0537514	     0.000503485
             304	        0.055088	       0.0537558	     0.000501848
             305	        0.043868	       0.0537234	     0.000501249
             306	        0.064488	       0.0537585	     0.000500844
             307	        0.040016	       0.0537138	     0.000501209
             308	        0.037216	       0.0536602	     0.000502436
             309	        0.048848	       0.0536446	     0.000501051
             310	        0.065096	       0.0536816	     0.000500794
             311	         0.05682	       0.0536917	     0.000499286
             312	          0.0571	       0.0537026	     0.000497805
             313	        0.056232	       0.0537107	      0.00049628
             314	        0.041692	       0.0536724	     0.000496173
             315	        0.048792	       0.0536569	      0.00049484
             316	        0.065692	        0.053695	     0.000494738
             317	        0.055816	       0.0537017	     0.000493222
             318	        0.030824	       0.0536297	      0.00049689
             319	        0.050068	       0.0536186	     0.000495458
             320	        0.057084	       0.0536294	     0.000494028
             321	        0.041676	       0.0535922	     0.000493891
             322	        0.057056	       0.0536029	     0.000492474
             323	        0.046128	       0.0535798	     0.000491493
             324	         0.04114	       0.0535414	     0.000491473
             325	        0.055388	       0.0535471	     0.000489994
             326	         0.06758	       0.0535901	     0.000490378
             327	        0.057816	        0.053603	     0.000489048
             328	        0.038756	       0.0535578	     0.000489648
             329	        0.071576	       0.0536125	     0.000491213
             330	        0.045444	       0.0535878	     0.000490347
             331	        0.056196	       0.0535957	     0.000488929
             332	        0.042664	       0.0535627	     0.000488564
             333	        0.045052	       0.0535372	     0.000487765
             334	        0.032016	       0.0534727	     0.000490542
             335	        0.060476	       0.0534936	     0.000489523
             336	        0.068664	       0.0535388	     0.000490144
             337	        0.046728	       0.0535186	     0.000489106
             338	        0.045816	       0.0534958	      0.00048819
             339	        0.054148	       0.0534977	     0.000486753
             340	        0.050464	       0.0534888	     0.000485403
             341	        0.052224	       0.0534851	     0.000483994
             342	        0.042392	       0.0534527	     0.000483665
             343	         0.05242	       0.0534496	     0.000482264
             344	        0.056868	       0.0534596	     0.000480964
             345	        0.050772	       0.0534518	     0.000479633
             346	        0.057264	       0.0534628	     0.000478374
             347	         0.05278	       0.0534608	     0.000476999
             348	        0.055348	       0.0534663	     0.000475659
             349	        0.056932	       0.0534762	       0.0004744
             350	        0.046204	       0.0534554	     0.000473499
             351	         0.05278	       0.0534535	     0.000472154
             352	        0.032152	        0.053393	     0.000474675
             353	         0.06286	       0.0534198	     0.000474087
             354	        0.044768	       0.0533954	     0.000473378
             355	        0.051792	       0.0533908	     0.000472066
             356	        0.060132	       0.0534098	     0.000471119
             357	        0.072824	       0.0534642	     0.000472928
             358	         0.05838	       0.0534779	     0.000471806
             359	        0.046952	       0.0534597	     0.000470842
             360	        0.042072	       0.0534281	     0.000470596
             361	         0.05368	       0.0534288	     0.000469292
             362	        0.046212	       0.0534088	     0.000468419
             363	        0.047276	       0.0533919	     0.000467434
             364	        0.056952	       0.0534017	     0.000466252
             365	        0.047968	       0.0533868	     0.000465212
             366	        0.056512	       0.0533954	     0.000464019
             367	           0.032	       0.0533371	     0.000466403
             368	        0.045656	       0.0533162	     0.000465602
             369	        0.058164	       0.0533293	     0.000464526
             370	         0.03728	        0.053286	     0.000465291
             371	        0.043848	       0.0532605	     0.000464732
             372	        0.066368	       0.0532958	     0.000464816
             373	        0.046648	       0.0532779	     0.000463912
             374	        0.051028	       0.0532719	      0.00046271
             375	        0.042968	       0.0532444	     0.000462291
             376	        0.052812	       0.0532433	     0.000461063
             377	          0.0553	       0.0532488	     0.000459873
             378	        0.055576	       0.0532549	     0.000458697
             379	         0.04278	       0.0532273	     0.000458319
             380	        0.060956	       0.0532476	     0.000457564
             381	         0.06266	       0.0532723	     0.000457029
             382	        0.067412	       0.0533093	     0.000457329
             383	        0.081508	        0.053383	     0.000462024
             384	        0.046624	       0.0533654	     0.000461156
             385	        0.062388	       0.0533888	     0.000460553
             386	        0.048152	       0.0533752	      0.00045956
             387	        0.044556	       0.0533524	     0.000458937
             388	        0.036484	        0.053309	     0.000459809
             389	         0.04424	       0.0532856	     0.000459217
             390	        0.058192	       0.0532982	     0.000458212
             391	          0.0749	       0.0533535	     0.000460359
             392	         0.05974	       0.0533698	     0.000459473
             393	        0.043384	       0.0533444	     0.000459005
             394	        0.043824	       0.0533202	     0.000458476
             395	        0.046188	       0.0533021	     0.000457671
             396	        0.058084	       0.0533142	     0.000456674
             397	        0.057108	       0.0533238	     0.000455624
             398	         0.05408	       0.0533257	     0.000454483
             399	        0.069396	       0.0533659	     0.000455125
             400	        0.040064	       0.0533327	     0.000455201
             401	        0.046804	       0.0533164	     0.000454357
             402	        0.059524	       0.0533319	     0.000453489
             403	        0.069648	       0.0533723	     0.000454167
             404	        0.059432	       0.0533873	     0.000453291
             405	        0.071604	       0.0534323	     0.000454398
             406	         0.05972	       0.0534478	     0.000453542
             407	        0.053172	       0.0534471	     0.000452428
             408	         0.07234	       0.0534934	     0.000453683
             409	        0.054332	       0.0534955	     0.000452578
             410	        0.053792	       0.0534962	     0.000451475
             411	        0.053824	        0.053497	     0.000450377
             412	        0.046344	       0.0534796	     0.000449619
             413	        0.046564	       0.0534629	     0.000448842
             414	        0.038032	       0.0534256	     0.000449302
             415	        0.049876	       0.0534171	     0.000448301
             416	        0.061844	       0.0534373	     0.000447681
             417	        0.046384	       0.0534204	     0.000446927
             418	        0.050348	       0.0534131	     0.000445918
             419	        0.059468	       0.0534275	     0.000445088
             420	         0.05844	       0.0534394	     0.000444188
             421	         0.06182	       0.0534594	     0.000443579
             422	         0.05418	       0.0534611	     0.000442531
             423	          0.0509	        0.053455	     0.000441526
             424	        0.043484	       0.0534315	     0.000441111
             425	        0.070008	       0.0534705	     0.000441794
             426	        0.050204	       0.0534628	     0.000440823
             427	        0.062976	       0.0534851	     0.000440354
             428	        0.052524	       0.0534829	      0.00043933
             429	        0.053604	       0.0534831	     0.000438306
             430	        0.043244	       0.0534593	     0.000437933
             431	         0.05942	       0.0534732	     0.000437136
             432	        0.051012	       0.0534675	     0.000436161
             433	        0.072692	       0.0535119	     0.000437408
             434	        0.060404	       0.0535277	     0.000436688
             435	        0.052172	       0.0535246	     0.000435695
             436	        0.060536	       0.0535407	     0.000434993
             437	        0.058064	       0.0535511	      0.00043412
             438	        0.035432	       0.0535097	     0.000435096
             439	         0.05126	       0.0535046	     0.000434135
             440	         0.05198	       0.0535011	     0.000433162
             441	        0.051812	       0.0534973	     0.000432197
             442	        0.050716	        0.053491	     0.000431265
             443	        0.042128	       0.0534653	     0.000431053
             444	         0.07134	       0.0535056	     0.000431958
             445	        0.052988	       0.0535044	     0.000430989
             446	        0.046788	       0.0534894	     0.000430286
             447	        0.055764	       0.0534945	     0.000429353
             448	         0.05034	       0.0534874	     0.000428453
             449	        0.048852	       0.0534771	     0.000427623
             450	        0.063656	       0.0534997	      0.00042727
             451	         0.05154	       0.0534954	     0.000426345
             452	        0.045624	       0.0534779	     0.000425757
             453	        0.042876	       0.0534545	      0.00042546
             454	        0.047596	       0.0534416	     0.000424719
             455	        0.053656	       0.0534421	     0.000423785
             456	        0.056948	       0.0534498	     0.000422926
             457	        0.061244	       0.0534669	     0.000422344
             458	        0.052724	       0.0534652	     0.000421425
             459	        0.052292	       0.0534627	     0.000420515
             460	        0.044156	       0.0534424	     0.000420087
             461	        0.048808	       0.0534324	     0.000419296
             462	        0.042236	       0.0534082	     0.000419088
             463	         0.06536	        0.053434	     0.000418977
             464	        0.058164	       0.0534442	     0.000418198
             465	        0.052112	       0.0534413	     0.000417309
             466	        0.051652	       0.0534375	     0.000416431
             467	        0.064576	       0.0534613	     0.000416222
             468	        0.069796	       0.0534962	     0.000416793
             469	          0.0464	       0.0534811	     0.000416179
             470	        0.050784	       0.0534753	     0.000415333
             471	        0.045856	       0.0534592	     0.000414766
             472	        0.049368	       0.0534505	     0.000413978
             473	        0.053492	       0.0534506	     0.000413103
             474	         0.06634	       0.0534778	     0.000413125
             475	        0.048728	       0.0534678	     0.000412377
             476	          0.0541	       0.0534691	     0.000411512
             477	        0.047708	        0.053457	     0.000410827
             478	        0.037004	       0.0534226	     0.000411407
             479	        0.072716	       0.0534629	     0.000412515
             480	        0.049704	       0.0534551	      0.00041173
             481	        0.051592	       0.0534512	     0.000410892
             482	        0.044156	       0.0534319	     0.000410492
             483	        0.056064	       0.0534373	     0.000409678
             484	        0.046292	       0.0534226	     0.000409098
             485	        0.051256	       0.0534181	     0.000408279
             486	        0.056796	       0.0534251	     0.000407498
             487	        0.062784	       0.0534443	     0.000407114
             488	        0.051196	       0.0534397	     0.000406306
             489	        0.048728	         0.05343	     0.000405589
             490	        0.057452	       0.0534383	     0.000404844
             491	        0.060456	       0.0534525	     0.000404272
             492	        0.058584	        0.053463	     0.000403585
             493	        0.046788	       0.0534494	     0.000402993
             494	        0.053288	       0.0534491	     0.000402178
             495	        0.040148	       0.0534222	     0.000402262
             496	         0.05844	       0.0534324	     0.000401578
             497	        0.033904	       0.0533931	     0.000402688
             498	        0.058368	       0.0534031	     0.000402003
             499	        0.048412	       0.0533931	     0.000401322
             500	        0.042728	       0.0533717	     0.000401086
