#     BLOCK:   ACTUAL_M:     M_AVE:       ERROR:
           1	    0.004348	    0.004348	           0
           2	    0.001624	    0.002986	 0.000963079
           3	   -0.004872	 0.000366667	  0.00223297
           4	    0.013508	    0.003652	  0.00330148
           5	    0.009904	   0.0049024	  0.00286822
           6	   -0.007352	     0.00286	  0.00303136
           7	   -0.009208	    0.001136	  0.00304939
           8	    0.006648	    0.001825	  0.00274495
           9	   -0.005952	 0.000960889	  0.00257237
          10	   -0.005048	     0.00036	  0.00238429
          11	   -0.010168	-0.000597091	   0.0023518
          12	   -0.003444	-0.000834333	  0.00216775
          13	   -0.005464	 -0.00119046	  0.00203004
          14	    0.002796	-0.000905714	   0.0019049
          15	    0.016324	 0.000242933	   0.0020958
          16	    -0.00298	    4.15e-05	  0.00197447
          17	    0.008748	 0.000553647	   0.0019236
          18	    0.006684	 0.000894222	  0.00184664
          19	    0.003092	  0.00100989	  0.00175307
          20	    0.002408	   0.0010798	  0.00166681
          21	   -0.010652	 0.000521143	  0.00167845
          22	   -0.003088	 0.000357091	  0.00161015
          23	   -0.001572	 0.000273217	  0.00154233
          24	   -0.007184	   -3.75e-05	  0.00150904
          25	    0.008688	  0.00031152	  0.00148849
          26	    0.001236	 0.000347077	  0.00143167
          27	    0.006696	 0.000582222	  0.00139782
          28	    0.003164	 0.000674429	  0.00135093
          29	   -0.003048	 0.000546069	  0.00131043
          30	   -0.004812	 0.000367467	  0.00127887
          31	    0.012252	 0.000750839	   0.0012938
          32	    0.005604	   0.0009025	  0.00126223
          33	   -0.004148	 0.000749455	  0.00123322
          34	    0.004508	     0.00086	  0.00120189
          35	    0.007304	  0.00104411	  0.00118157
          36	   -0.002932	 0.000933667	   0.0011539
          37	   -0.005112	  0.00077027	  0.00113422
          38	     -0.0006	 0.000734211	  0.00110495
          39	    0.001384	 0.000750872	  0.00107674
          40	   -0.014348	   0.0003734	  0.00111403
          41	   -0.002992	 0.000291317	  0.00108987
          42	   -0.005368	 0.000156571	  0.00107222
          43	   -0.004516	  4.7907e-05	  0.00105278
          44	    -0.01668	-0.000332273	  0.00109535
          45	    0.008968	  -0.0001256	  0.00109033
          46	   -0.003184	-0.000192087	  0.00106865
          47	    0.003864	-0.000105787	  0.00104939
          48	   -0.000524	  -0.0001145	  0.00102757
          49	     0.00366	-3.74694e-05	  0.00100948
          50	   -0.004124	  -0.0001192	 0.000992594
          51	   -0.011148	-0.000335451	  0.00099641
          52	   -0.005956	-0.000443538	 0.000983093
          53	       0.009	-0.000265358	 0.000980558
          54	    0.006156	-0.000146444	 0.000969583
          55	    0.003404	-8.18909e-05	 0.000954101
          56	    0.001212	-5.87857e-05	 0.000937343
          57	   -0.003668	-0.000122105	 0.000923035
          58	   -0.000492	-0.000128483	 0.000907142
          59	   -0.001176	-0.000146237	 0.000891941
          60	    -0.00082	-0.000157467	 0.000877146
          61	   -0.008796	-0.000299082	 0.000874124
          62	   -0.000948	-0.000309548	 0.000860087
          63	    0.003028	-0.000256571	 0.000848065
          64	      0.0107	 -8.5375e-05	 0.000851918
          65	     -0.0042	-0.000148677	 0.000841161
          66	   -0.004452	-0.000213879	 0.000830939
          67	   -0.010712	-0.000370567	 0.000833179
          68	    -0.00666	-0.000463059	 0.000826044
          69	    -0.01236	-0.000635478	 0.000831872
          70	    0.005776	-0.000543886	 0.000825016
          71	   -0.004576	-0.000600676	 0.000815348
          72	    0.012592	-0.000417444	 0.000824355
          73	   -0.007564	-0.000515342	 0.000818855
          74	    0.003492	-0.000461189	 0.000809578
          75	   -0.007632	  -0.0005568	  0.00080441
          76	   -0.001072	-0.000563579	 0.000793854
          77	   -0.007744	-0.000656831	 0.000789002
          78	    0.004032	-0.000596718	 0.000781173
          79	    0.007664	-0.000492152	 0.000778252
          80	    0.004428	 -0.00043065	  0.00077095
          81	   -0.005896	-0.000498123	 0.000764379
          82	     0.01126	-0.000354732	  0.00076839
          83	   -0.003936	 -0.00039788	 0.000760342
          84	   -0.002012	-0.000417095	 0.000751533
          85	    0.000408	-0.000407388	 0.000742754
          86	   -0.001656	-0.000421907	  0.00073426
          87	    0.007292	-0.000333241	 0.000731154
          88	    0.007676	-0.000242227	 0.000728488
          89	    0.003732	-0.000197573	  0.00072167
          90	    0.004024	-0.000150667	 0.000715174
          91	   -0.000876	-0.000158637	 0.000707359
          92	    0.000868	-0.000147478	 0.000699759
          93	    0.005372	 -8.8129e-05	 0.000694747
          94	   -0.002252	-0.000111149	 0.000687737
          95	    0.012076	 1.71368e-05	 0.000692359
          96	    0.009844	   0.0001195	 0.000692673
          97	    0.000528	 0.000123711	 0.000685545
          98	    0.004384	 0.000167184	 0.000679926
          99	   -0.001168	 0.000153697	 0.000673192
         100	   -0.007548	   7.668e-05	 0.000670851
