#     BLOCK:   ACTUAL_CV:    CV_AVE:      ERROR:
           1	    0.213178	    0.213178	           0
           2	    0.247946	    0.230562	   0.0122925
           3	    0.230816	    0.230647	  0.00819529
           4	    0.238105	    0.232512	  0.00635505
           5	    0.243894	    0.234788	   0.0054766
           6	    0.241939	     0.23598	  0.00469174
           7	    0.208256	    0.232019	  0.00544218
           8	    0.244041	    0.233522	  0.00496503
           9	     0.25138	    0.235506	  0.00479348
          10	    0.220982	    0.234054	  0.00452884
          11	    0.237671	    0.234383	  0.00412905
          12	    0.248621	    0.235569	  0.00395178
          13	    0.246536	    0.236413	  0.00373675
          14	     0.20953	    0.234493	  0.00393238
          15	    0.237578	    0.234698	   0.0036756
          16	    0.245177	    0.235353	  0.00350374
          17	    0.234838	    0.235323	  0.00329777
          18	    0.228439	     0.23494	  0.00313666
          19	    0.241229	    0.235271	  0.00298898
          20	     0.24484	     0.23575	  0.00287756
          21	     0.22495	    0.235236	  0.00278611
          22	    0.249102	    0.235866	  0.00272983
          23	    0.221638	    0.235247	  0.00268032
          24	    0.227679	    0.234932	  0.00258713
          25	     0.24032	    0.235147	   0.0024926
          26	    0.239724	    0.235323	  0.00240294
          27	    0.225349	    0.234954	  0.00234217
          28	    0.256104	    0.235709	   0.0023772
          29	    0.253334	    0.236317	  0.00237164
          30	    0.216006	     0.23564	  0.00238727
          31	    0.217985	    0.235071	  0.00237723
          32	    0.257788	     0.23578	  0.00240661
          33	    0.214067	    0.235122	  0.00242196
          34	    0.240214	    0.235272	  0.00235535
          35	    0.236639	    0.235311	  0.00228838
          36	    0.235898	    0.235328	  0.00222487
          37	    0.237512	    0.235387	  0.00216552
          38	    0.226891	    0.235163	  0.00212004
          39	    0.232609	    0.235098	  0.00206669
          40	    0.240571	    0.235234	  0.00201955
          41	    0.255655	    0.235732	  0.00203078
          42	    0.225573	    0.235491	  0.00199678
          43	    0.225999	     0.23527	  0.00196251
          44	    0.242378	    0.235431	  0.00192454
          45	    0.240687	    0.235548	  0.00188532
          46	    0.251621	    0.235898	  0.00187643
          47	    0.250088	      0.2362	  0.00186064
          48	    0.245051	    0.236384	  0.00183099
          49	    0.231541	    0.236285	  0.00179629
          50	    0.235623	    0.236272	  0.00176042
          51	    0.248846	    0.236518	  0.00174308
          52	    0.220654	    0.236213	  0.00173605
          53	    0.268285	    0.236818	  0.00180568
          54	    0.240508	    0.236887	  0.00177353
          55	    0.227972	    0.236725	  0.00174868
          56	    0.226428	    0.236541	  0.00172709
          57	    0.211687	    0.236105	  0.00175097
          58	    0.226513	    0.235939	  0.00172857
          59	    0.223895	    0.235735	  0.00171129
          60	    0.228367	    0.235612	  0.00168717
          61	    0.248072	    0.235817	  0.00167183
          62	    0.229352	    0.235712	  0.00164811
          63	    0.207171	    0.235259	  0.00168307
          64	    0.248862	    0.235472	  0.00167013
          65	    0.230158	     0.23539	  0.00164644
          66	    0.238301	    0.235434	  0.00162208
          67	    0.235621	    0.235437	  0.00159788
          68	    0.238292	    0.235479	  0.00157493
          69	    0.248442	    0.235667	  0.00156327
          70	    0.222079	    0.235473	  0.00155294
          71	     0.23546	    0.235473	  0.00153107
          72	    0.234425	    0.235458	  0.00150987
          73	    0.248411	    0.235636	  0.00149958
          74	    0.244921	    0.235761	  0.00148456
          75	    0.221402	     0.23557	  0.00147705
          76	    0.221737	    0.235388	  0.00146879
          77	    0.245551	     0.23552	  0.00145563
          78	    0.254041	    0.235757	  0.00145621
          79	    0.218796	    0.235542	  0.00145352
          80	    0.209105	    0.235212	  0.00147244
          81	    0.250054	    0.235395	  0.00146562
          82	    0.237535	    0.235421	  0.00144798
          83	     0.25367	    0.235641	  0.00144713
          84	    0.217405	    0.235424	  0.00144609
          85	    0.238231	    0.235457	  0.00142946
          86	    0.234061	    0.235441	  0.00141293
          87	    0.230686	    0.235386	  0.00139774
          88	    0.220939	    0.235222	  0.00139147
          89	    0.226235	    0.235121	  0.00137949
          90	    0.236189	    0.235133	  0.00136421
          91	    0.235144	    0.235133	  0.00134922
          92	    0.236543	    0.235148	  0.00133464
          93	    0.241357	    0.235215	  0.00132196
          94	    0.230639	    0.235166	  0.00130879
          95	    0.220162	    0.235008	  0.00130451
          96	     0.24105	    0.235071	  0.00129244
          97	    0.236277	    0.235084	  0.00127918
          98	    0.203276	    0.234759	  0.00130665
          99	    0.214529	    0.234555	  0.00130934
         100	    0.229785	    0.234507	  0.00129711
