#     BLOCK:   ACTUAL_X:     X_AVE:       ERROR:
           1	     2.75239	     2.75239	           0
           2	     2.77307	     2.76273	  0.00731266
           3	     2.84248	     2.78931	   0.0222467
           4	     2.79399	     2.79048	   0.0167157
           5	     2.65509	      2.7634	   0.0276665
           6	     2.66976	      2.7478	   0.0271024
           7	     2.77521	     2.75171	   0.0235119
           8	     2.77029	     2.75404	   0.0206872
           9	     2.78106	     2.75704	   0.0186053
          10	     2.85629	     2.76696	   0.0192105
          11	     2.72641	     2.76328	   0.0178144
          12	     2.89933	     2.77461	   0.0196088
          13	     2.88187	     2.78286	   0.0197599
          14	     2.92208	     2.79281	      0.0207
          15	     2.83532	     2.79564	   0.0195131
          16	     2.88349	     2.80113	   0.0190503
          17	     2.71651	     2.79615	   0.0185687
          18	     2.86138	     2.79978	   0.0178872
          19	     2.75202	     2.79726	   0.0171215
          20	     2.64272	     2.78954	   0.0179245
          21	     2.73825	      2.7871	   0.0172365
          22	     2.77376	     2.78649	   0.0164637
          23	     2.82384	     2.78811	   0.0158278
          24	     2.73644	     2.78596	    0.015314
          25	     2.65963	     2.78091	   0.0155128
          26	     2.63547	     2.77531	   0.0158927
          27	     2.78891	     2.77582	    0.015312
          28	     2.66232	     2.77176	   0.0152923
          29	     2.76139	     2.77141	   0.0147692
          30	     2.81662	     2.77291	   0.0143536
          31	     2.56523	     2.76621	   0.0153747
          32	     2.88563	     2.76995	   0.0153404
          33	     2.86067	     2.77269	   0.0151199
          34	     2.71819	     2.77109	   0.0147599
          35	     2.76462	     2.77091	   0.0143394
          36	     2.87474	     2.77379	   0.0142282
          37	     2.51528	      2.7668	   0.0154643
          38	     2.77249	     2.76695	    0.015058
          39	     2.73192	     2.76606	   0.0146987
          40	     2.75555	     2.76579	   0.0143336
          41	     2.71582	     2.76457	   0.0140357
          42	     2.74592	     2.76413	   0.0137085
          43	     2.73688	      2.7635	   0.0134044
          44	     2.88257	      2.7662	   0.0133701
          45	     2.76643	     2.76621	    0.013073
          46	     2.72694	     2.76535	   0.0128167
          47	     2.54787	     2.76073	   0.0133532
          48	     2.71636	      2.7598	   0.0131069
          49	     2.94208	     2.76352	   0.0133569
          50	     2.72476	     2.76275	   0.0131122
          51	     2.74589	     2.76242	   0.0128593
          52	     2.84279	     2.76396	   0.0127046
          53	     2.92739	     2.76705	   0.0128336
          54	     2.66409	     2.76514	   0.0127368
          55	      2.9162	     2.76789	   0.0127979
          56	     2.77088	     2.76794	   0.0125695
          57	     2.59387	     2.76489	   0.0127146
          58	     2.72727	     2.76424	   0.0125119
          59	     2.58531	      2.7612	    0.012662
          60	     2.76893	     2.76133	   0.0124516
          61	     2.68266	     2.76004	   0.0123141
          62	     2.80756	     2.76081	   0.0121393
          63	     2.86809	     2.76251	   0.0120655
          64	     2.72719	     2.76196	   0.0118896
          65	      2.6247	     2.75985	   0.0118927
          66	     2.60114	     2.75744	   0.0119531
          67	     2.64688	     2.75579	   0.0118881
          68	     2.82271	     2.75678	   0.0117539
          69	     2.97306	     2.75991	   0.0119943
          70	     2.77979	      2.7602	   0.0118263
          71	     2.83182	     2.76121	   0.0117026
          72	     2.98551	     2.76432	   0.0119476
          73	      2.7495	     2.76412	   0.0117856
          74	     2.91711	     2.76619	   0.0118063
          75	     2.57532	     2.76364	     0.01192
          76	     2.65239	     2.76218	   0.0118527
          77	     2.84368	     2.76324	    0.011746
          78	     2.78238	     2.76348	   0.0115979
          79	     2.73587	     2.76313	   0.0114564
          80	     2.90411	     2.76489	   0.0114479
          81	     2.76388	     2.76488	   0.0113066
          82	     2.82142	     2.76557	   0.0111897
          83	      2.8882	     2.76705	    0.011152
          84	     2.61555	     2.76524	   0.0111641
          85	     2.95235	     2.76745	   0.0112477
          86	     2.80999	     2.76794	   0.0111278
          87	     2.95097	     2.77004	    0.011197
          88	      2.7916	     2.77029	   0.0110724
          89	      2.9277	     2.77206	   0.0110884
          90	     2.76486	     2.77198	   0.0109655
          91	     2.77264	     2.77199	    0.010845
          92	     2.86339	     2.77298	   0.0107725
          93	     2.68052	     2.77198	   0.0107024
          94	     2.77122	     2.77198	   0.0105886
          95	      2.8163	     2.77244	   0.0104874
          96	     2.77745	      2.7725	   0.0103783
          97	     2.78208	     2.77259	   0.0102718
          98	      2.7768	     2.77264	    0.010167
          99	     2.98731	     2.77481	    0.010293
         100	     2.91807	     2.77624	   0.0102893
