#     BLOCK:   ACTUAL_CV:    CV_AVE:      ERROR:
           1	    0.188246	    0.188246	           0
           2	    0.205859	    0.197053	  0.00622724
           3	     0.18425	    0.192785	     0.00542
           4	    0.200274	    0.194657	   0.0043764
           5	     0.19334	    0.194394	  0.00350904
           6	    0.196777	    0.194791	   0.0029466
           7	    0.187134	    0.193697	  0.00272115
           8	    0.215125	    0.196376	  0.00345641
           9	    0.203284	    0.197143	  0.00315646
          10	    0.182413	     0.19567	  0.00316591
          11	    0.194785	     0.19559	  0.00287912
          12	    0.193178	    0.195389	   0.0026462
          13	    0.172842	    0.193654	  0.00295689
          14	    0.178636	    0.192582	  0.00293382
          15	    0.206844	    0.193533	   0.0028882
          16	    0.195541	    0.193658	  0.00271041
          17	    0.193286	    0.193636	  0.00255107
          18	    0.175865	    0.192649	  0.00259336
          19	    0.199559	    0.193013	  0.00248224
          20	    0.183377	    0.192531	  0.00240443
          21	    0.188048	    0.192317	  0.00229939
          22	    0.199348	    0.192637	  0.00221697
          23	    0.187383	    0.192409	  0.00213231
          24	    0.192915	     0.19243	  0.00204357
          25	    0.207753	    0.193043	  0.00205169
          26	    0.198786	    0.193263	  0.00198464
          27	    0.184048	    0.192922	  0.00194026
          28	    0.206184	    0.193396	  0.00192791
          29	    0.195873	    0.193481	  0.00186332
          30	    0.186463	    0.193247	  0.00181583
          31	     0.18663	    0.193034	  0.00176976
          32	    0.200943	    0.193281	  0.00173163
          33	    0.188352	    0.193132	  0.00168558
          34	    0.186835	    0.192946	  0.00164615
          35	    0.188413	    0.192817	   0.0016042
          36	    0.204684	    0.193147	  0.00159315
          37	    0.190338	    0.193071	   0.0015519
          38	     0.17415	    0.192573	  0.00158893
          39	    0.194654	    0.192626	  0.00154908
          40	    0.187909	    0.192508	  0.00151484
          41	    0.202009	     0.19274	  0.00149551
          42	    0.189752	    0.192669	   0.0014616
          43	    0.184634	    0.192482	   0.0014395
          44	    0.210831	    0.192899	  0.00146594
          45	    0.191698	    0.192872	  0.00143361
          46	    0.180561	    0.192605	  0.00142721
          47	    0.196529	    0.192688	  0.00139928
          48	    0.200935	     0.19286	  0.00138064
          49	    0.186553	    0.192731	  0.00135845
          50	    0.190893	    0.192694	  0.00133178
          51	    0.191988	    0.192681	  0.00130574
          52	    0.195174	    0.192729	  0.00128151
          53	     0.19632	    0.192796	  0.00125912
          54	    0.202017	    0.192967	  0.00124733
          55	    0.186084	    0.192842	  0.00123091
          56	    0.201979	    0.193005	  0.00121969
          57	     0.17714	    0.192727	  0.00122964
          58	    0.196332	    0.192789	  0.00121001
          59	    0.187833	    0.192705	  0.00119242
          60	    0.170458	    0.192334	  0.00122884
          61	    0.197752	    0.192423	   0.0012119
          62	    0.191185	    0.192403	  0.00119251
          63	    0.172889	    0.192093	  0.00121314
          64	    0.187265	    0.192018	  0.00119653
          65	    0.186183	    0.191928	  0.00118149
          66	    0.189385	    0.191889	  0.00116421
          67	    0.194321	    0.191926	   0.0011474
          68	    0.186373	    0.191844	  0.00113343
          69	    0.194467	    0.191882	  0.00111764
          70	    0.172472	    0.191605	  0.00113555
          71	    0.184681	    0.191507	  0.00112374
          72	    0.180883	     0.19136	  0.00111778
          73	    0.196281	    0.191427	   0.0011045
          74	    0.201461	    0.191563	  0.00109786
          75	    0.173689	    0.191324	  0.00110879
          76	    0.188527	    0.191288	  0.00109481
          77	    0.183138	    0.191182	  0.00108569
          78	    0.202224	    0.191323	  0.00108097
          79	    0.175685	    0.191125	  0.00108526
          80	    0.194201	    0.191164	  0.00107237
          81	    0.190189	    0.191152	   0.0010592
          82	    0.174907	    0.190954	  0.00106465
          83	     0.19263	    0.190974	  0.00105201
          84	    0.191155	    0.190976	  0.00103949
          85	    0.183485	    0.190888	  0.00103099
          86	    0.184683	    0.190816	  0.00102152
          87	    0.193511	    0.190847	  0.00101025
          88	    0.198509	    0.190934	  0.00100252
          89	    0.179086	    0.190801	  0.00100005
          90	    0.187658	    0.190766	 0.000989549
          91	    0.175245	    0.190595	 0.000993266
          92	    0.184637	     0.19053	 0.000984579
          93	     0.21211	    0.190762	  0.00100096
          94	    0.199153	    0.190852	 0.000994284
          95	    0.194701	    0.190892	 0.000984643
          96	    0.196877	    0.190955	 0.000976358
          97	    0.202327	    0.191072	 0.000973306
          98	    0.182242	    0.190982	 0.000967536
          99	    0.198396	    0.191057	 0.000960657
         100	    0.176084	    0.190907	 0.000962648
