#     BLOCK:   ACTUAL_TE:    TE_AVE:      ERROR:
           1	    -0.32553	    -0.32553	           0
           2	   -0.324494	   -0.325012	 0.000365998
           3	   -0.326688	   -0.325571	 0.000517404
           4	   -0.323216	   -0.324982	 0.000640766
           5	   -0.325232	   -0.325032	 0.000514562
           6	    -0.32609	   -0.325208	 0.000458013
           7	   -0.330207	   -0.325922	 0.000768846
           8	   -0.329554	   -0.326376	  0.00079557
           9	   -0.329008	   -0.326669	  0.00075902
          10	   -0.327538	   -0.326756	  0.00068808
          11	   -0.330188	   -0.327068	 0.000692684
          12	   -0.327013	   -0.327063	 0.000634976
          13	   -0.327648	   -0.327108	  0.00058772
          14	   -0.328117	    -0.32718	 0.000550141
          15	   -0.326739	   -0.327151	  0.00051425
          16	    -0.32838	   -0.327228	 0.000487812
          17	   -0.328114	    -0.32728	 0.000461893
          18	   -0.326326	   -0.327227	 0.000439259
          19	   -0.325517	   -0.327137	 0.000425255
          20	   -0.325189	   -0.327039	    0.000415
          21	   -0.328966	   -0.327131	 0.000405253
          22	   -0.324783	   -0.327024	 0.000400643
          23	   -0.323725	   -0.326881	 0.000408093
          24	   -0.326282	   -0.326856	 0.000391852
          25	   -0.327782	   -0.326893	 0.000377923
          26	   -0.324518	   -0.326802	 0.000374261
          27	   -0.328024	   -0.326847	 0.000363127
          28	   -0.324888	   -0.326777	 0.000356832
          29	   -0.329348	   -0.326866	 0.000355367
          30	   -0.328403	   -0.326917	 0.000347196
          31	   -0.325095	   -0.326858	 0.000340934
          32	   -0.327951	   -0.326892	 0.000331985
          33	   -0.328996	   -0.326956	 0.000327989
          34	    -0.32605	   -0.326929	 0.000319424
          35	   -0.329162	   -0.326993	 0.000316603
          36	   -0.326729	   -0.326986	 0.000307894
          37	   -0.328046	   -0.327015	 0.000300903
          38	   -0.326917	   -0.327012	 0.000292996
          39	    -0.32758	   -0.327027	 0.000285845
          40	   -0.329927	   -0.327099	  0.00028775
          41	   -0.327195	   -0.327101	 0.000280741
          42	   -0.328737	    -0.32714	 0.000276746
          43	   -0.328336	   -0.327168	 0.000271704
          44	   -0.328146	    -0.32719	 0.000266437
          45	   -0.326448	   -0.327174	 0.000261026
          46	   -0.326511	   -0.327159	 0.000255748
          47	    -0.32735	   -0.327164	 0.000250339
          48	   -0.328882	   -0.327199	 0.000247671
          49	   -0.326343	   -0.327182	 0.000243233
          50	   -0.326472	   -0.327168	 0.000238782
          51	    -0.32699	   -0.327164	 0.000234125
          52	   -0.327755	   -0.327176	 0.000229899
          53	   -0.327812	   -0.327188	 0.000225874
          54	   -0.326509	   -0.327175	  0.00022204
          55	   -0.328915	   -0.327207	 0.000220244
          56	   -0.324982	   -0.327167	 0.000219866
          57	   -0.325308	   -0.327134	 0.000218414
          58	   -0.326809	   -0.327129	  0.00021472
          59	   -0.324734	   -0.327088	 0.000214882
          60	   -0.326025	    -0.32707	  0.00021203
          61	   -0.326906	   -0.327068	 0.000208571
          62	    -0.32859	   -0.327092	 0.000206648
          63	   -0.326605	   -0.327085	 0.000203513
          64	   -0.328586	   -0.327108	  0.00020168
          65	   -0.328468	   -0.327129	  0.00019966
          66	   -0.327005	   -0.327127	 0.000196644
          67	    -0.32562	   -0.327105	 0.000194991
          68	   -0.326094	    -0.32709	 0.000192689
          69	   -0.327453	   -0.327095	 0.000189968
          70	   -0.327786	   -0.327105	  0.00018751
          71	   -0.325437	   -0.327081	 0.000186334
          72	   -0.327987	   -0.327094	  0.00018417
          73	   -0.327647	   -0.327101	 0.000181803
          74	   -0.326558	   -0.327094	 0.000179495
          75	   -0.328684	   -0.327115	 0.000178348
          76	   -0.326464	   -0.327107	 0.000176207
          77	   -0.327334	    -0.32711	 0.000173944
          78	   -0.326657	   -0.327104	  0.00017181
          79	   -0.324905	   -0.327076	 0.000171876
          80	   -0.325967	   -0.327062	 0.000170286
          81	   -0.329233	   -0.327089	 0.000170279
          82	   -0.327273	   -0.327091	 0.000168217
          83	   -0.326408	   -0.327083	 0.000166391
          84	   -0.326594	   -0.327077	 0.000164512
          85	   -0.327845	   -0.327086	 0.000162825
          86	   -0.326676	   -0.327081	 0.000161002
          87	   -0.326254	   -0.327072	 0.000159431
          88	   -0.325458	   -0.327054	 0.000158671
          89	   -0.326776	    -0.32705	 0.000156919
          90	   -0.328289	   -0.327064	 0.000155778
          91	    -0.32459	   -0.327037	 0.000156421
          92	   -0.327134	   -0.327038	 0.000154724
          93	   -0.327504	   -0.327043	 0.000153141
          94	   -0.327393	   -0.327047	 0.000151557
          95	   -0.326516	   -0.327041	 0.000150065
          96	   -0.325235	   -0.327022	 0.000149677
          97	   -0.325374	   -0.327005	 0.000149095
          98	   -0.326859	   -0.327004	 0.000147581
          99	   -0.328366	   -0.327018	  0.00014673
         100	   -0.324397	   -0.326991	 0.000147585
