#     BLOCK:   ACTUAL_CV:    CV_AVE:      ERROR:
           1	    0.429989	    0.429989	           0
           2	    0.414068	    0.422029	  0.00562898
           3	    0.396407	    0.413488	  0.00791894
           4	    0.441879	    0.420586	  0.00854745
           5	    0.417699	    0.420009	  0.00685743
           6	    0.429466	    0.421585	   0.0058929
           7	    0.410072	     0.41994	  0.00527556
           8	    0.418508	    0.419761	  0.00461915
           9	    0.404482	    0.418063	  0.00440687
          10	    0.408197	    0.417077	  0.00407514
          11	    0.420819	    0.417417	  0.00371885
          12	    0.407787	    0.416614	  0.00349445
          13	    0.418808	    0.416783	  0.00322972
          14	    0.416618	    0.416771	  0.00299905
          15	    0.409629	    0.416295	  0.00283666
          16	    0.417597	    0.416377	  0.00266053
          17	    0.420522	     0.41662	  0.00251518
          18	    0.426862	    0.417189	  0.00243896
          19	    0.420557	    0.417367	  0.00231702
          20	    0.414221	    0.417209	   0.0022065
          21	    0.407722	    0.416758	  0.00214718
          22	    0.419874	    0.416899	  0.00205425
          23	     0.42059	     0.41706	  0.00197119
          24	    0.409797	    0.416757	  0.00191215
          25	    0.402487	    0.416186	  0.00191897
          26	    0.426734	    0.416592	  0.00188755
          27	    0.426892	    0.416974	  0.00185579
          28	    0.427566	    0.417352	  0.00182767
          29	    0.437651	    0.418052	  0.00189394
          30	    0.393733	    0.417241	  0.00199677
          31	    0.423134	    0.417431	  0.00194139
          32	    0.420006	    0.417512	  0.00188238
          33	    0.412984	    0.417375	  0.00183034
          34	    0.416743	    0.417356	   0.0017766
          35	     0.41157	    0.417191	  0.00173351
          36	    0.436904	    0.417738	  0.00176974
          37	    0.411432	    0.417568	  0.00173009
          38	    0.410883	    0.417392	  0.00169348
          39	    0.429894	    0.417712	  0.00168013
          40	    0.440944	    0.418293	  0.00173561
          41	    0.422305	    0.418391	  0.00169604
          42	    0.428739	    0.418637	  0.00167346
          43	    0.416466	    0.418587	   0.0016353
          44	     0.43256	    0.418905	  0.00162868
          45	     0.43491	     0.41926	  0.00163086
          46	     0.41421	     0.41915	  0.00159909
          47	    0.424808	    0.419271	   0.0015696
          48	    0.437421	    0.419649	  0.00158179
          49	    0.398108	    0.419209	  0.00160944
          50	    0.426141	    0.419348	  0.00158321
          51	    0.416068	    0.419284	  0.00155347
          52	    0.417088	    0.419241	  0.00152417
          53	    0.411018	    0.419086	  0.00150329
          54	    0.432354	    0.419332	  0.00149539
          55	    0.407378	    0.419115	  0.00148391
          56	    0.409266	    0.418939	   0.0014678
          57	    0.429888	    0.419131	  0.00145456
          58	    0.426574	    0.419259	  0.00143514
          59	    0.417293	    0.419226	   0.0014112
          60	     0.41398	    0.419138	  0.00139038
          61	    0.416549	    0.419096	  0.00136824
          62	    0.435069	    0.419354	  0.00137021
          63	    0.421737	    0.419391	  0.00134898
          64	    0.410579	    0.419254	  0.00133491
          65	    0.435873	    0.419509	  0.00133864
          66	    0.415951	    0.419456	  0.00131944
          67	    0.423633	    0.419518	  0.00130122
          68	    0.413309	    0.419427	  0.00128528
          69	     0.42321	    0.419481	  0.00126783
          70	    0.400737	    0.419214	  0.00127768
          71	    0.425593	    0.419303	  0.00126284
          72	    0.425002	    0.419383	  0.00124778
          73	    0.410789	    0.419265	  0.00123623
          74	    0.413245	    0.419184	  0.00122219
          75	    0.419065	    0.419182	   0.0012059
          76	    0.415787	    0.419137	  0.00119086
          77	     0.42577	    0.419223	   0.0011785
          78	    0.404903	     0.41904	  0.00117761
          79	    0.429261	    0.419169	  0.00116979
          80	    0.419994	     0.41918	  0.00115521
          81	    0.415898	    0.419139	  0.00114166
          82	    0.395641	    0.418852	  0.00116314
          83	     0.41778	     0.41884	   0.0011492
          84	    0.414794	    0.418791	  0.00113653
          85	     0.41414	    0.418737	  0.00112448
          86	    0.416058	    0.418706	  0.00111183
          87	    0.425355	    0.418782	  0.00110168
          88	    0.428057	    0.418887	  0.00109419
          89	    0.403626	    0.418716	  0.00109525
          90	    0.408858	    0.418606	  0.00108854
          91	    0.411059	    0.418523	  0.00107973
          92	    0.418461	    0.418523	    0.001068
          93	    0.410604	    0.418438	   0.0010599
          94	    0.425795	    0.418516	  0.00105151
          95	    0.409853	    0.418425	  0.00104439
          96	    0.422839	    0.418471	  0.00103452
          97	    0.423044	    0.418518	  0.00102493
          98	    0.414777	     0.41848	  0.00101518
          99	    0.420397	    0.418499	  0.00100511
         100	    0.397082	    0.418285	  0.00101763
