#     BLOCK:   ACTUAL_X:     X_AVE:       ERROR:
               1	         66.6066	         66.6066	               0
               2	          54.211	         60.4088	         4.38253
               3	         57.4089	         59.4089	         3.03362
               4	         38.3958	         54.1556	         5.08667
               5	         76.4213	         58.6087	         5.69419
               6	         64.5738	         59.6029	         4.83117
               7	         72.5947	         61.4589	         4.48335
               8	         81.1041	         63.9145	         4.54597
               9	          56.864	         63.1311	         4.10781
              10	         64.2475	         63.2428	         3.69855
              11	         68.6904	          63.738	         3.39531
              12	         81.4988	         65.2181	         3.41978
              13	         60.9253	         64.8879	         3.17262
              14	         47.7508	         63.6638	         3.17337
              15	         82.6545	         64.9298	         3.20443
              16	         46.9978	         63.8091	         3.19414
              17	         73.5219	         64.3804	         3.05692
              18	         65.2845	         64.4307	          2.8875
              19	         54.7845	          63.923	          2.7798
              20	         71.6263	         64.3081	         2.66736
              21	         35.0191	         62.9134	           2.882
              22	         75.4982	         63.4855	          2.8072
              23	         47.6735	          62.798	         2.76805
              24	         56.0092	         62.5151	         2.66713
              25	         66.0698	         62.6573	         2.56423
              26	         63.8662	         62.7038	         2.46603
              27	         71.2971	         63.0221	         2.39514
              28	         54.1923	         62.7067	         2.33027
              29	         57.8178	         62.5381	         2.25601
              30	         75.7798	         62.9795	         2.22356
              31	         78.9704	         63.4954	         2.21086
              32	         71.4896	         63.7452	         2.15584
              33	         47.3818	         63.2493	         2.14678
              34	         68.5615	         63.4056	         2.08932
              35	         48.4655	         62.9787	         2.07277
              36	         60.5889	         62.9123	         2.01625
              37	         55.5733	          62.714	         1.97149
              38	         53.8344	         62.4803	         1.93341
              39	         70.7294	         62.6918	         1.89537
              40	         73.3527	         62.9583	         1.86663
              41	         73.7824	         63.2223	         1.83968
              42	         80.1643	         63.6257	         1.83957
              43	         70.2382	         63.7795	          1.8032
              44	          44.558	         63.3426	         1.81437
              45	         69.5487	         63.4806	         1.77928
              46	          69.723	         63.6163	         1.74577
              47	         75.3397	         63.8657	         1.72635
              48	         78.6384	         64.1735	          1.7176
              49	         61.3769	         64.1164	          1.6835
              50	         79.1548	         64.4172	         1.67648
              51	         50.1287	          64.137	         1.66685
              52	         60.1288	         64.0599	         1.63658
              53	         68.2458	         64.1389	          1.6076
              54	         65.2126	         64.1588	         1.57796
              55	         82.5959	          64.494	         1.58447
              56	         81.9892	         64.8064	         1.58668
              57	         64.6056	         64.8029	         1.55885
              58	         18.1989	         63.9994	         1.72669
              59	         38.1435	         63.5611	         1.75215
              60	         59.1325	         63.4873	          1.7245
              61	         45.0804	         63.1856	         1.72243
              62	          75.018	         63.3764	         1.70519
              63	         76.2282	         63.5804	         1.69028
              64	         56.4517	          63.469	         1.66753
              65	         72.3672	         63.6059	         1.64749
              66	         71.0231	         63.7183	         1.62636
              67	         39.4921	         63.3567	         1.64179
              68	         62.0569	         63.3376	         1.61775
              69	         47.1529	          63.103	         1.61122
              70	         63.4405	         63.1079	         1.58821
              71	         54.5512	         62.9873	         1.57041
              72	         78.1307	         63.1977	         1.56262
              73	         63.6277	         63.2036	         1.54122
              74	         31.5824	         62.7762	         1.57852
              75	         59.1363	         62.7277	         1.55822
              76	         82.3774	         62.9863	         1.55902
              77	         50.5597	         62.8249	          1.5471
              78	         57.7413	         62.7597	         1.52864
              79	         75.1783	         62.9169	         1.51735
              80	         63.0812	          62.919	         1.49839
              81	         68.1934	         62.9841	          1.4813
              82	         74.2678	         63.1217	         1.46962
              83	          31.702	         62.7431	         1.49987
              84	         60.9303	         62.7215	         1.48217
              85	         50.6294	         62.5793	         1.47155
              86	         63.7284	         62.5926	          1.4545
              87	         70.8959	         62.6881	          1.4409
              88	         63.7253	         62.6999	         1.42458
              89	         67.0948	         62.7493	         1.40943
              90	         64.5509	         62.7693	         1.39391
              91	         53.0862	         62.6629	         1.38265
              92	          69.315	         62.7352	         1.36951
              93	         47.8469	         62.5751	         1.36411
              94	         49.2876	         62.4337	          1.3569
              95	         73.7353	         62.5527	         1.34782
              96	         44.4423	          62.364	         1.34692
              97	         75.4903	         62.4994	         1.33981
              98	         24.4788	         62.1114	         1.38117
              99	         73.4932	         62.2264	           1.372
             100	         63.8359	         62.2425	         1.35837
             101	         81.0134	         62.4283	         1.35758
             102	         44.2231	         62.2498	         1.35595
             103	         75.5459	         62.3789	         1.34892
             104	         52.6022	         62.2849	         1.33922
             105	         74.4716	          62.401	         1.33148
             106	         47.4784	         62.2602	         1.32634
             107	         59.2692	         62.2322	         1.31424
             108	         74.1159	         62.3423	         1.30667
             109	         69.9333	         62.4119	         1.29654
             110	          54.002	         62.3355	           1.287
             111	         80.3688	         62.4979	         1.28562
             112	          45.454	         62.3457	         1.28312
             113	         63.6122	          62.357	         1.27181
             114	         32.3637	         62.0939	         1.28758
             115	         58.7139	         62.0645	         1.27672
             116	         76.3383	         62.1875	         1.27163
             117	         66.5317	         62.2246	          1.2613
             118	         37.6919	         62.0167	         1.26763
             119	         74.9882	         62.1257	         1.26166
             120	         70.2666	         62.1936	         1.25297
             121	         77.8331	         62.3228	         1.24926
             122	         78.7275	         62.4573	         1.24624
             123	         54.5721	         62.3932	         1.23775
             124	         66.6858	         62.4278	         1.22825
             125	          47.421	         62.3078	         1.22428
             126	         54.8437	         62.2485	           1.216
             127	         61.2889	          62.241	         1.20645
             128	         72.2884	         62.3195	         1.19957
             129	         78.6576	         62.4461	         1.19694
             130	         64.4786	         62.4617	         1.18784
             131	         64.4865	         62.4772	         1.17887
             132	          65.669	         62.5014	         1.17019
             133	         45.2385	         62.3716	         1.16856
             134	         82.5078	         62.5219	         1.16946
             135	         26.6652	         62.2563	         1.19058
             136	         39.2144	         62.0868	         1.19382
             137	         62.9658	         62.0932	         1.18512
             138	         80.2514	         62.2248	         1.18382
             139	         74.1212	         62.3104	         1.17839
             140	         75.0016	         62.4011	         1.17346
             141	         55.8424	         62.3545	         1.16606
             142	         43.1055	          62.219	          1.1657
             143	         41.4419	         62.0737	         1.16656
             144	         71.4226	         62.1386	         1.16027
             145	         40.7752	         61.9913	         1.16158
             146	         55.6846	         61.9481	         1.15443
             147	         68.0578	         61.9896	         1.14733
             148	          60.107	         61.9769	         1.13964
             149	          75.506	         62.0677	         1.13561
             150	         74.6014	         62.1513	         1.13111
             151	         36.5363	         61.9816	         1.13626
             152	         50.3957	         61.9054	         1.13134
             153	         42.7376	         61.7801	         1.13086
             154	         46.3303	         61.6798	         1.12796
             155	         82.0803	         61.8114	         1.12834
             156	         71.4824	         61.8734	         1.12281
             157	         64.6104	         61.8909	         1.11579
             158	         51.3222	          61.824	         1.11073
             159	         59.4839	         61.8093	         1.10384
             160	         63.3882	         61.8191	         1.09699
             161	         54.2904	         61.7724	         1.09117
             162	         48.1824	         61.6885	         1.08765
             163	         66.4489	         61.7177	         1.08137
             164	         43.8599	         61.6088	         1.08025
             165	         62.0114	         61.6112	          1.0737
             166	         59.9216	         61.6011	         1.06728
             167	         61.9318	          61.603	         1.06089
             168	         53.0841	         61.5523	         1.05579
             169	         42.1439	         61.4375	         1.05577
             170	         74.9319	         61.5169	         1.05254
             171	         60.9879	         61.5138	         1.04639
             172	         74.0858	         61.5869	         1.04286
             173	         44.6727	         61.4891	          1.0414
             174	         45.4799	         61.3971	         1.03947
             175	         63.8382	          61.411	         1.03363
             176	         38.9383	         61.2833	         1.03561
             177	         53.1163	         61.2372	         1.03079
             178	         48.3203	         61.1646	         1.02755
             179	         68.1009	         61.2034	         1.02254
             180	         43.1113	         61.1029	         1.02178
             181	         68.2042	         61.1421	         1.01689
             182	         46.0552	         61.0592	         1.01468
             183	         73.8984	         61.1294	         1.01156
             184	         77.9776	         61.2209	         1.01019
             185	         64.6681	         61.2396	         1.00491
             186	           71.09	         61.2925	          1.0009
             187	         50.5852	         61.2353	        0.997181
             188	         57.3783	         61.2148	        0.992088
             189	         41.2178	          61.109	        0.992465
             190	         62.2012	         61.1147	        0.987258
             191	         67.3854	         61.1475	        0.982635
             192	         60.1547	         61.1424	         0.97753
             193	         64.9298	          61.162	        0.972662
             194	         59.3759	         61.1528	        0.967692
             195	         47.8588	         61.0846	        0.965128
             196	         58.4079	          61.071	        0.960301
             197	         69.3364	         61.1129	        0.956342
             198	         73.4597	         61.1753	        0.953543
             199	         65.1516	         61.1952	        0.948961
             200	         29.2142	         61.0353	        0.957593
