#     BLOCK:   ACTUAL_X:     X_AVE:       ERROR:
               1	         23.8683	         23.8683	               0
               2	         22.0233	         22.9458	        0.652307
               3	         24.9449	         23.6122	        0.696529
               4	         22.3217	         23.2895	        0.592415
               5	         22.0197	         23.0356	         0.52556
               6	         21.5735	         22.7919	         0.49122
               7	         21.8706	         22.6603	        0.438322
               8	         21.3994	         22.5027	        0.410893
               9	         24.8056	         22.7586	        0.437721
              10	         25.2865	         23.0114	        0.461205
              11	         20.9983	         22.8283	        0.454136
              12	         30.2914	         23.4503	        0.726536
              13	         20.0908	         23.1918	        0.715131
              14	         24.1421	         23.2597	        0.667264
              15	         26.4441	          23.472	        0.655681
              16	         24.1044	         23.5115	        0.615891
              17	          21.838	         23.4131	        0.587477
              18	         25.5193	         23.5301	        0.566372
              19	         26.6633	          23.695	        0.560056
              20	         25.9204	         23.8063	        0.542994
              21	         22.3738	         23.7381	        0.521404
              22	         21.1765	         23.6216	        0.510539
              23	           23.41	         23.6124	        0.488424
              24	         26.1023	         23.7162	        0.478964
              25	         22.8459	         23.6814	        0.461069
              26	         24.8499	         23.7263	        0.445521
              27	         23.2698	         23.7094	        0.429341
              28	         21.4393	         23.6283	        0.421593
              29	         24.5231	         23.6592	        0.408183
              30	         25.6204	         23.7246	        0.399777
              31	         21.6689	         23.6582	        0.392343
              32	         25.9568	         23.7301	        0.386601
              33	         23.6634	         23.7281	        0.374891
              34	         23.8425	         23.7314	         0.36388
              35	         19.2854	         23.6044	        0.375001
              36	         28.1504	         23.7307	         0.38526
              37	         27.4968	         23.8325	        0.388061
              38	         21.7091	         23.7766	        0.381851
              39	         23.0356	         23.7576	        0.372532
              40	         25.0682	         23.7903	        0.364657
              41	         26.1992	         23.8491	        0.360465
              42	         24.6289	         23.8677	         0.35236
              43	         22.1145	         23.8269	        0.346517
              44	         24.0055	          23.831	        0.338665
              45	         21.3036	         23.7748	        0.335764
              46	         22.2483	         23.7416	          0.3301
              47	         24.9499	         23.7673	        0.324076
              48	         23.5775	         23.7634	        0.317349
              49	         26.3717	         23.8166	        0.315305
              50	         25.0131	         23.8405	        0.309906
              51	         21.1277	         23.7873	        0.308361
              52	         22.4875	         23.7623	        0.303442
              53	         25.3844	         23.7929	        0.299256
              54	         26.7948	         23.8485	        0.298833
              55	         22.0143	         23.8152	        0.295255
              56	          23.144	         23.8032	        0.290226
              57	         21.3931	         23.7609	        0.288198
              58	          20.824	         23.7103	        0.287643
              59	         22.9412	         23.6972	        0.283063
              60	         26.5196	         23.7443	        0.282226
              61	         22.8414	         23.7295	        0.277987
              62	          23.665	         23.7284	        0.273506
              63	         22.8932	         23.7152	        0.269485
              64	          23.687	         23.7147	        0.265275
              65	         25.6753	         23.7449	        0.262903
              66	         22.1201	         23.7203	         0.26007
              67	         25.1051	         23.7409	        0.257008
              68	         22.6228	         23.7245	        0.253754
              69	         22.5537	         23.7075	        0.250643
              70	         22.2774	         23.6871	        0.247894
              71	         22.1063	         23.6648	          0.2454
              72	         25.8212	         23.6948	        0.243812
              73	         21.9625	         23.6711	        0.241625
              74	         22.4391	         23.6544	        0.238932
              75	         24.8022	         23.6697	        0.236236
              76	          23.973	         23.6737	        0.233161
              77	         24.2347	          23.681	        0.230247
              78	         22.1227	          23.661	         0.22816
              79	         22.3351	         23.6442	        0.225889
              80	         24.6289	         23.6565	          0.2234
              81	         24.3276	         23.6648	        0.220796
              82	          24.275	         23.6723	        0.218229
              83	         22.5977	         23.6593	        0.215983
              84	         27.1302	         23.7006	        0.217328
              85	         24.4426	         23.7094	        0.214947
              86	         22.3516	         23.6936	        0.213026
              87	         23.4527	         23.6908	        0.210596
              88	         24.5153	         23.7002	        0.208411
              89	         23.9241	         23.7027	        0.206084
              90	         23.8378	         23.7042	          0.2038
              91	         25.8899	         23.7282	        0.202971
              92	         23.9857	          23.731	        0.200784
              93	         23.8784	         23.7326	        0.198631
              94	         22.9889	         23.7247	        0.196676
              95	         25.9395	          23.748	        0.195982
              96	         24.2936	         23.7537	        0.194023
              97	         23.4295	         23.7503	        0.192052
              98	         24.1146	         23.7541	        0.190128
              99	         25.7066	         23.7738	        0.189228
             100	         19.4388	         23.7304	        0.192237
             101	         22.3348	         23.7166	        0.190829
             102	         21.9931	         23.6997	        0.189705
             103	         24.8649	          23.711	          0.1882
             104	         23.8676	         23.7125	        0.186397
             105	         23.9887	         23.7152	         0.18464
             106	         21.6066	         23.6953	        0.183967
             107	          23.191	         23.6906	        0.182308
             108	         26.3758	         23.7154	        0.182307
             109	         27.4737	         23.7499	        0.183866
             110	         22.9716	         23.7428	        0.182331
             111	         23.9597	         23.7448	        0.180699
             112	         21.8408	         23.7278	        0.179883
             113	         25.1632	         23.7405	        0.178739
             114	         24.3594	         23.7459	        0.177254
             115	         24.1532	         23.7495	        0.175748
             116	         23.8651	         23.7505	        0.174236
             117	         25.4169	         23.7647	        0.173328
             118	         24.8676	          23.774	        0.172111
             119	         25.9987	         23.7927	        0.171676
             120	         20.9145	         23.7688	        0.171913
             121	         25.1052	         23.7798	        0.170847
             122	          27.972	         23.8142	        0.172868
             123	         20.0837	         23.7838	        0.174102
             124	         23.9517	         23.7852	        0.172704
             125	         22.7351	         23.7768	        0.171526
             126	         22.5281	         23.7669	        0.170451
             127	         24.3252	         23.7713	        0.169165
             128	           24.18	         23.7745	        0.167874
             129	         23.5569	         23.7728	        0.166581
             130	         22.3466	         23.7618	        0.165661
             131	         23.2714	         23.7581	        0.164438
             132	         23.2166	          23.754	        0.163244
             133	         22.8329	          23.747	        0.162163
             134	         22.3646	         23.7367	        0.161281
             135	         21.3034	         23.7187	         0.16109
             136	         25.0387	         23.7284	        0.160198
             137	         22.1492	         23.7169	        0.159443
             138	         19.6384	         23.6873	        0.161003
             139	         22.3548	         23.6777	         0.16013
             140	         25.0535	         23.6876	        0.159287
             141	         22.3326	          23.678	        0.158447
             142	          26.712	         23.6993	        0.158765
             143	         24.6802	         23.7062	        0.157803
             144	         21.8511	         23.6933	        0.157232
             145	         24.2608	         23.6972	        0.156197
             146	         20.0677	         23.6724	        0.157093
             147	          22.731	         23.6659	        0.156155
             148	         22.5213	         23.6582	        0.155291
             149	         23.8574	         23.6595	        0.154254
             150	         24.5232	         23.6653	        0.153333
             151	         24.1296	         23.6684	        0.152349
             152	         22.7071	         23.6621	        0.151478
             153	         27.5648	         23.6876	         0.15262
             154	         21.1607	         23.6712	        0.152509
             155	          24.825	         23.6786	        0.151706
             156	         22.9216	         23.6737	        0.150812
             157	         21.4567	         23.6596	        0.150511
             158	         22.3565	         23.6514	        0.149784
             159	         19.9798	         23.6283	        0.150611
             160	         26.0523	         23.6434	         0.15043
             161	         25.2179	         23.6532	        0.149813
             162	         24.2959	         23.6572	        0.148941
             163	         25.1766	         23.6665	        0.148319
             164	         27.5614	         23.6903	        0.149304
             165	         26.4999	         23.7073	        0.149366
             166	         23.1948	         23.7042	        0.148499
             167	         22.8872	         23.6993	         0.14769
             168	         28.1128	         23.7256	        0.149129
             169	         26.1494	         23.7399	        0.148935
             170	         25.9122	         23.7527	        0.148606
             171	         23.8994	         23.7536	        0.147739
             172	         21.0625	         23.7379	        0.147706
             173	         23.5069	         23.7366	        0.146859
             174	         23.6629	         23.7361	        0.146015
             175	         20.9368	         23.7202	        0.146054
             176	         21.2207	          23.706	        0.145913
             177	         23.1666	         23.7029	        0.145121
             178	         23.8344	         23.7036	        0.144307
             179	         24.2166	         23.7065	         0.14353
             180	         21.7386	         23.6956	        0.143148
             181	          23.106	         23.6923	        0.142394
             182	         22.0059	         23.6831	        0.141913
             183	         25.0688	         23.6906	        0.141339
             184	         20.8583	         23.6752	        0.141407
             185	          21.128	         23.6615	        0.141311
             186	         23.3401	         23.6597	        0.140562
             187	         24.5452	         23.6645	         0.13989
             188	         21.3391	         23.6521	        0.139692
             189	         22.9193	         23.6482	        0.139007
             190	         25.0663	         23.6557	        0.138475
             191	          26.433	         23.6702	        0.138512
             192	         22.0647	         23.6619	        0.138042
             193	         23.4145	         23.6606	        0.137333
             194	         22.9482	         23.6569	        0.136674
             195	         22.4022	         23.6505	        0.136125
             196	         19.5803	         23.6297	        0.137005
             197	         22.9112	         23.6261	        0.136358
             198	         23.9396	         23.6276	        0.135679
             199	         22.3625	         23.6213	        0.135146
             200	         21.8353	         23.6124	        0.134765
             201	         21.0307	         23.5995	        0.134705
             202	         22.1195	         23.5922	        0.134237
             203	          21.938	          23.584	        0.133823
             204	         23.2373	         23.5823	        0.133178
             205	         22.7177	         23.5781	        0.132595
             206	         22.7174	         23.5739	        0.132017
             207	         25.0885	         23.5813	        0.131582
             208	         22.1534	         23.5744	        0.131128
             209	         21.5316	         23.5646	        0.130865
             210	          22.642	         23.5602	        0.130315
             211	         23.0799	          23.558	        0.129717
             212	         22.5901	         23.5534	        0.129186
             213	         22.8266	           23.55	        0.128624
             214	           24.12	         23.5526	        0.128051
             215	         23.5095	         23.5524	        0.127455
             216	         27.8255	         23.5722	        0.128391
             217	         23.9013	         23.5737	        0.127809
             218	         22.8486	         23.5704	        0.127266
             219	         25.1999	         23.5779	        0.126902
             220	         23.0646	         23.5755	        0.126347
             221	         22.6423	         23.5713	        0.125845
             222	         22.2579	         23.5654	        0.125418
             223	         23.7544	         23.5662	        0.124858
             224	          21.081	         23.5551	        0.124793
             225	         21.8091	         23.5474	        0.124479
             226	          22.697	         23.5436	        0.123985
             227	         26.1418	         23.5551	        0.123966
             228	         26.2701	          23.567	        0.123993
             229	         25.8925	         23.5771	        0.123867
             230	         25.7881	         23.5867	        0.123701
             231	         24.3956	         23.5902	        0.123215
             232	         23.5856	         23.5902	        0.122683
             233	         23.7744	          23.591	        0.122159
             234	         23.8312	          23.592	        0.121642
             235	         27.6902	         23.6095	        0.122368
             236	         22.0254	         23.6028	        0.122033
             237	         22.3473	         23.5975	        0.121633
             238	         21.4097	         23.5883	        0.121469
             239	         23.1302	         23.5864	        0.120976
             240	         22.1416	         23.5803	        0.120622
             241	         21.1701	         23.5703	        0.120535
             242	         24.8015	         23.5754	        0.120144
             243	         22.5358	         23.5711	        0.119726
             244	         21.8105	         23.5639	        0.119452
             245	         21.1737	         23.5542	        0.119363
             246	          22.162	         23.5485	        0.119012
             247	         24.7584	         23.5534	         0.11863
             248	         21.9734	          23.547	        0.118323
             249	         24.1404	         23.5494	        0.117872
             250	         24.0317	         23.5513	        0.117416
             251	         22.4481	          23.547	        0.117031
             252	         26.9299	         23.5604	        0.117334
             253	         22.4301	         23.5559	        0.116955
             254	         20.6889	         23.5446	        0.117038
             255	         22.7361	         23.5415	        0.116622
             256	         21.2281	         23.5324	        0.116516
             257	         24.2858	         23.5353	        0.116099
             258	         21.9815	         23.5293	        0.115805
             259	         26.3646	         23.5403	        0.115875
             260	         22.5058	         23.5363	        0.115497
             261	         22.3756	         23.5318	         0.11514
             262	         21.0375	         23.5223	        0.115094
             263	         20.6021	         23.5112	         0.11519
             264	         23.1626	         23.5099	        0.114762
             265	         20.7929	         23.4996	        0.114786
             266	         21.1675	         23.4909	        0.114689
             267	         23.0735	         23.4893	         0.11427
             268	         23.9655	         23.4911	        0.113857
             269	          21.946	         23.4854	        0.113579
             270	          22.242	         23.4807	        0.113251
             271	         21.1396	         23.4721	        0.113162
             272	         22.9896	         23.4703	         0.11276
             273	         23.0714	         23.4689	        0.112357
             274	         21.2945	         23.4609	        0.112227
             275	         23.8352	         23.4623	        0.111827
             276	         18.8908	         23.4457	        0.112641
             277	         25.3851	         23.4527	        0.112452
             278	         23.1861	         23.4518	        0.112052
             279	         25.0828	         23.4576	        0.111803
             280	         21.2857	         23.4499	        0.111672
             281	         23.2627	         23.4492	        0.111277
             282	         24.3304	         23.4523	        0.110926
             283	          23.857	         23.4538	        0.110543
             284	         23.5182	          23.454	        0.110154
             285	         25.5482	         23.4613	        0.110012
             286	         22.1827	         23.4569	        0.109719
             287	          26.231	         23.4665	        0.109761
             288	         24.1662	          23.469	        0.109407
             289	         25.7087	         23.4767	        0.109303
             290	         26.4688	          23.487	        0.109412
             291	         25.2247	          23.493	        0.109198
             292	         23.3317	         23.4924	        0.108826
             293	         20.8295	         23.4833	        0.108833
             294	          24.032	         23.4852	        0.108479
             295	         22.2702	         23.4811	         0.10819
             296	         22.5527	          23.478	        0.107869
             297	         21.0657	         23.4698	        0.107812
             298	          26.167	         23.4789	        0.107829
             299	         21.0636	         23.4708	        0.107771
             300	         25.6392	          23.478	        0.107653
             301	         23.5209	         23.4782	        0.107296
             302	         22.9094	         23.4763	        0.106957
             303	         22.0747	         23.4717	        0.106704
             304	         21.7303	         23.4659	        0.106507
             305	         22.2211	         23.4619	        0.106236
             306	         21.8948	         23.4567	        0.106012
             307	         22.8694	         23.4548	        0.105684
             308	         24.0839	         23.4569	        0.105361
             309	         22.4037	         23.4535	        0.105075
             310	         24.4784	         23.4568	        0.104788
             311	         19.1838	          23.443	        0.105348
             312	         25.0084	          23.448	        0.105129
             313	         24.3943	         23.4511	        0.104837
             314	          23.125	           23.45	        0.104508
             315	         23.8869	         23.4514	        0.104186
             316	         23.6175	         23.4519	        0.103857
             317	         24.6208	         23.4556	        0.103595
             318	         26.0206	         23.4637	        0.103583
             319	         25.8461	         23.4712	        0.103527
             320	         22.3823	         23.4678	        0.103259
             321	         23.0343	         23.4664	        0.102947
             322	          24.375	         23.4692	        0.102666
             323	         22.6191	         23.4666	        0.102381
             324	         24.7602	         23.4706	        0.102143
             325	         21.4158	         23.4643	        0.102024
             326	         23.2408	         23.4636	        0.101714
             327	         25.0908	         23.4686	        0.101524
             328	         22.5161	         23.4657	        0.101256
             329	         26.0768	         23.4736	        0.101259
             330	         24.0774	         23.4754	        0.100969
             331	         26.0075	         23.4831	        0.100953
             332	         22.3089	         23.4795	        0.100711
             333	         23.6028	         23.4799	        0.100409
             334	         23.9595	         23.4813	        0.100119
             335	         23.1713	         23.4804	       0.0998244
             336	         22.4461	         23.4773	       0.0995747
             337	          22.727	         23.4751	       0.0993041
             338	         22.0209	         23.4708	       0.0991035
             339	         21.9297	         23.4663	       0.0989154
             340	          24.077	         23.4681	       0.0986408
             341	         21.5846	         23.4625	        0.098506
             342	         20.9924	         23.4553	       0.0984824
             343	         25.6633	         23.4618	       0.0984055
             344	         22.8886	         23.4601	       0.0981335
             345	          25.707	         23.4666	       0.0980649
             346	         24.1272	         23.4685	       0.0978001
             347	         21.6559	         23.4633	       0.0976576
             348	         22.0422	         23.4592	       0.0974624
             349	         26.5517	         23.4681	       0.0975851
             350	          22.037	          23.464	       0.0973919
             351	         24.0422	         23.4656	       0.0971283
             352	         23.9801	         23.4671	       0.0968634
             353	         23.5128	         23.4672	       0.0965891
             354	         23.2431	         23.4666	       0.0963183
             355	         21.9536	         23.4623	       0.0961412
             356	         23.8146	         23.4633	       0.0958763
             357	         22.0732	         23.4594	       0.0956867
             358	          20.357	         23.4507	       0.0958111
             359	         21.5911	         23.4456	       0.0956841
             360	         19.6439	          23.435	       0.0959993
             361	         22.0849	         23.4313	       0.0958062
             362	         23.4991	         23.4315	       0.0955417
             363	         20.2394	         23.4227	       0.0956824
             364	         25.0322	         23.4271	       0.0955216
             365	         23.2431	         23.4266	       0.0952612
             366	         23.0035	         23.4254	        0.095008
             367	         23.6321	          23.426	       0.0947508
             368	         25.5799	         23.4318	       0.0946739
             369	          23.565	         23.4322	        0.094418
             370	         24.0824	          23.434	       0.0941792
             371	         24.9391	          23.438	       0.0940127
             372	         25.5465	         23.4437	       0.0939307
             373	         25.2703	         23.4486	       0.0938064
             374	         24.3978	         23.4511	       0.0935899
             375	         24.7825	         23.4547	       0.0934077
             376	         26.7557	         23.4634	       0.0935709
             377	         21.2814	         23.4577	       0.0935015
             378	         22.7666	         23.4558	       0.0932721
             379	          25.288	         23.4607	       0.0931512
             380	         26.9914	           23.47	       0.0933683
             381	         27.6427	         23.4809	       0.0937633
             382	         23.9817	         23.4822	        0.093527
             383	         21.7966	         23.4778	       0.0933863
             384	         24.7294	         23.4811	          0.0932
             385	         23.9489	         23.4823	       0.0929659
             386	         22.0725	         23.4786	       0.0927967
             387	         23.0628	         23.4776	       0.0925632
             388	         20.8475	         23.4708	       0.0925725
             389	         21.8545	         23.4666	       0.0924277
             390	         22.8292	          23.465	       0.0922051
             391	         24.6548	          23.468	       0.0920195
             392	          24.164	         23.4698	       0.0918019
             393	         22.7669	          23.468	       0.0915857
             394	         24.9248	         23.4717	       0.0914279
             395	         23.9565	          23.473	       0.0912047
             396	         23.2063	         23.4723	       0.0909768
             397	         23.2443	         23.4717	       0.0907495
             398	         26.7641	           23.48	       0.0908977
             399	           23.56	         23.4802	       0.0906701
             400	         25.3888	         23.4849	       0.0905689
             401	         24.4926	         23.4875	       0.0903779
             402	          21.433	         23.4824	       0.0902975
             403	         25.2674	         23.4868	        0.090182
             404	         22.0588	         23.4832	        0.090028
             405	         25.3417	         23.4878	       0.0899226
             406	         22.4754	         23.4853	       0.0897357
             407	         25.9275	         23.4913	       0.0897156
             408	         25.3781	          23.496	       0.0896148
             409	          23.501	          23.496	       0.0893957
             410	         24.7666	         23.4991	       0.0892314
             411	         24.1457	         23.5007	       0.0890281
             412	         21.0295	         23.4947	       0.0890139
             413	          22.299	         23.4918	       0.0888454
             414	         27.9344	         23.5025	       0.0892765
             415	         21.6547	          23.498	       0.0891723
             416	         25.4313	         23.5027	        0.089079
             417	         24.7596	         23.5057	       0.0889164
             418	         20.4657	         23.4984	       0.0890006
             419	         22.1305	         23.4952	        0.088848
             420	         21.7605	          23.491	       0.0887324
             421	         23.5266	         23.4911	       0.0885217
             422	         23.9605	         23.4922	       0.0883189
             423	         22.3166	         23.4894	       0.0881538
             424	         20.4767	         23.4823	       0.0882318
             425	         23.9253	         23.4834	       0.0880304
             426	          25.664	         23.4885	       0.0879724
             427	         20.7382	         23.4821	       0.0880019
             428	         24.1717	         23.4837	        0.087811
             429	          23.628	          23.484	        0.087607
             430	         19.7596	         23.4753	       0.0878304
             431	         22.2924	         23.4726	       0.0876695
             432	          21.364	         23.4677	       0.0876023
             433	         21.6925	         23.4636	       0.0874959
             434	         20.9017	         23.4577	       0.0874932
             435	         22.4855	         23.4555	       0.0873206
             436	         23.3917	         23.4553	       0.0871204
             437	         22.8293	         23.4539	       0.0869328
             438	         21.4818	         23.4494	       0.0868509
             439	           22.88	         23.4481	       0.0866627
             440	         23.9431	         23.4492	       0.0864731
             441	         24.1244	         23.4508	       0.0862905
             442	         21.0928	         23.4454	       0.0862601
             443	         25.7798	         23.4507	       0.0862261
             444	          22.492	         23.4485	        0.086059
             445	         24.4831	         23.4509	        0.085897
             446	         22.0631	         23.4478	       0.0857607
             447	         21.5453	         23.4435	       0.0856744
             448	         23.7218	         23.4441	       0.0854854
             449	         23.3806	          23.444	       0.0852952
             450	         19.4503	         23.4351	       0.0855661
             451	         23.3366	         23.4349	       0.0853766
             452	         23.3264	         23.4346	       0.0851881
             453	         25.4109	          23.439	       0.0851117
             454	         25.2476	          23.443	       0.0850174
             455	         21.7659	         23.4393	       0.0849104
             456	         21.7076	         23.4355	        0.084809
             457	         20.8833	         23.4299	       0.0848071
             458	           24.54	         23.4323	       0.0846566
             459	         25.6719	         23.4372	       0.0846127
             460	         24.4208	         23.4394	       0.0844557
             461	         23.3488	         23.4392	       0.0842728
             462	         21.6057	         23.4352	       0.0841837
             463	         25.6641	           23.44	       0.0841395
             464	         22.9818	          23.439	       0.0839639
             465	         24.1683	         23.4406	        0.083798
             466	         25.2774	         23.4445	       0.0837108
             467	         25.0458	          23.448	       0.0836018
             468	         20.5876	         23.4418	       0.0836462
             469	         23.0548	          23.441	        0.083472
             470	         20.9171	         23.4357	       0.0834669
             471	         23.7048	         23.4362	       0.0832917
             472	         26.9893	         23.4438	       0.0834547
             473	         23.4095	         23.4437	       0.0832783
             474	         23.4875	         23.4438	       0.0831026
             475	         26.5225	         23.4503	       0.0831801
             476	         24.1081	         23.4516	       0.0830168
             477	         22.1853	          23.449	       0.0828852
             478	         27.4248	         23.4573	       0.0831281
             479	         23.0057	         23.4564	       0.0829599
             480	         22.2774	         23.4539	       0.0828234
             481	         22.8068	         23.4526	       0.0826621
             482	         24.7048	         23.4552	       0.0825315
             483	         23.8585	          23.456	       0.0823648
             484	         20.8952	         23.4507	       0.0823644
             485	         23.5893	          23.451	       0.0821951
             486	         23.1575	         23.4504	       0.0820282
             487	         23.0262	         23.4495	       0.0818643
             488	         22.8627	         23.4483	       0.0817054
             489	         22.6086	         23.4466	       0.0815564
             490	         22.0103	         23.4437	       0.0814426
             491	         22.4616	         23.4417	       0.0813013
             492	         22.2891	         23.4393	       0.0811698
             493	         23.6871	         23.4398	       0.0810067
             494	         27.6919	         23.4484	       0.0812987
             495	         24.0313	         23.4496	        0.081143
             496	         23.0087	         23.4487	       0.0809843
             497	         20.8479	         23.4435	       0.0809902
             498	         23.5589	         23.4437	       0.0808279
             499	         23.8056	         23.4444	       0.0806692
             500	         25.2679	         23.4481	       0.0805903
