#     BLOCK:   ACTUAL_M:     M_AVE:       ERROR:
               1	          0.9898	          0.9898	               0
               2	               1	          0.9949	      0.00360624
               3	               1	          0.9966	      0.00277609
               4	               1	         0.99745	      0.00220836
               5	               1	         0.99796	      0.00182463
               6	         0.99984	        0.998273	       0.0015472
               7	               1	         0.99852	      0.00134569
               8	         0.99996	          0.9987	      0.00118945
               9	               1	        0.998844	      0.00106603
              10	               1	         0.99896	     0.000965667
              11	               1	        0.999055	     0.000882495
              12	               1	        0.999133	     0.000812463
              13	               1	          0.9992	     0.000752696
              14	               1	        0.999257	     0.000701098
              15	               1	        0.999307	     0.000656105
              16	         0.99988	        0.999343	     0.000616076
              17	               1	        0.999381	     0.000581049
              18	               1	        0.999416	     0.000549785
              19	               1	        0.999446	     0.000521708
              20	               1	        0.999474	     0.000496357
              21	               1	        0.999499	     0.000473352
              22	               1	        0.999522	     0.000452384
              23	               1	        0.999543	     0.000433192
              24	               1	        0.999562	     0.000415562
              25	               1	        0.999579	     0.000399309
              26	               1	        0.999595	     0.000384279
              27	               1	         0.99961	     0.000370338
              28	               1	        0.999624	     0.000357373
              29	         0.98712	        0.999193	     0.000546413
              30	               1	         0.99922	      0.00052886
              31	         0.99996	        0.999244	     0.000512339
              32	          0.9996	        0.999255	     0.000496449
              33	         0.99956	        0.999264	     0.000481491
              34	               1	        0.999286	     0.000467816
              35	               1	        0.999306	     0.000454894
              36	               1	        0.999326	     0.000442666
              37	               1	        0.999344	     0.000431077
              38	               1	        0.999361	     0.000420079
              39	         0.99992	        0.999375	     0.000409552
              40	               1	        0.999391	     0.000399611
              41	          0.9998	        0.999401	     0.000389989
              42	               1	        0.999415	     0.000380964
              43	               1	        0.999429	     0.000372347
              44	               1	        0.999442	     0.000364111
              45	               1	        0.999454	     0.000356231
              46	               1	        0.999466	     0.000348684
              47	               1	        0.999477	      0.00034145
              48	               1	        0.999488	      0.00033451
              49	         0.99992	        0.999497	       0.0003278
              50	               1	        0.999507	     0.000321398
              51	         0.99996	        0.999516	     0.000315219
              52	               1	        0.999525	     0.000309294
              53	               1	        0.999534	     0.000303588
              54	               1	        0.999543	     0.000298088
              55	               1	        0.999551	     0.000292784
              56	               1	        0.999559	     0.000287666
              57	               1	        0.999567	     0.000282723
              58	               1	        0.999574	     0.000277947
              59	               1	        0.999582	     0.000273329
              60	               1	        0.999589	     0.000268863
              61	               1	        0.999595	      0.00026454
              62	               1	        0.999602	     0.000260353
              63	         0.99992	        0.999607	      0.00025627
              64	               1	        0.999613	     0.000252339
              65	               1	        0.999619	     0.000248527
              66	               1	        0.999625	     0.000244829
              67	               1	         0.99963	     0.000241238
              68	         0.99996	        0.999635	      0.00023774
              69	               1	        0.999641	     0.000234353
              70	               1	        0.999646	     0.000231061
              71	               1	        0.999651	     0.000227861
              72	               1	        0.999656	     0.000224748
              73	               1	         0.99966	     0.000221718
              74	               1	        0.999665	      0.00021877
              75	               1	        0.999669	     0.000215898
              76	               1	        0.999674	     0.000213101
              77	               1	        0.999678	     0.000210376
              78	         0.99996	        0.999682	      0.00020771
              79	               1	        0.999686	      0.00020512
              80	               1	         0.99969	     0.000202593
              81	               1	        0.999693	     0.000200129
              82	               1	        0.999697	     0.000197723
              83	               1	        0.999701	     0.000195374
              84	               1	        0.999704	     0.000193081
              85	               1	        0.999708	     0.000190841
              86	               1	        0.999711	     0.000188652
              87	               1	        0.999714	     0.000186513
              88	               1	        0.999718	     0.000184422
              89	               1	        0.999721	     0.000182377
              90	               1	        0.999724	     0.000180377
              91	               1	        0.999727	      0.00017842
              92	               1	         0.99973	     0.000176505
              93	               1	        0.999733	     0.000174631
              94	               1	        0.999736	     0.000172797
              95	               1	        0.999739	        0.000171
              96	               1	        0.999741	      0.00016924
              97	               1	        0.999744	     0.000167517
              98	               1	        0.999747	     0.000165828
              99	               1	        0.999749	     0.000164173
             100	               1	        0.999752	      0.00016255
             101	               1	        0.999754	     0.000160959
             102	               1	        0.999756	     0.000159399
             103	               1	        0.999759	     0.000157869
             104	         0.99996	        0.999761	     0.000156363
             105	               1	        0.999763	      0.00015489
             106	         0.99912	        0.999757	     0.000153548
             107	               1	        0.999759	      0.00015213
             108	               1	        0.999761	     0.000150737
             109	               1	        0.999764	      0.00014937
             110	               1	        0.999766	     0.000148028
             111	               1	        0.999768	     0.000146709
             112	               1	         0.99977	     0.000145414
             113	               1	        0.999772	     0.000144142
             114	               1	        0.999774	     0.000142891
             115	               1	        0.999776	     0.000141662
             116	               1	        0.999778	     0.000140454
             117	         0.99992	        0.999779	     0.000139259
             118	               1	        0.999781	     0.000138091
             119	               1	        0.999783	     0.000136943
             120	               1	        0.999785	     0.000135814
             121	               1	        0.999786	     0.000134703
             122	               1	        0.999788	      0.00013361
             123	               1	         0.99979	     0.000132535
             124	               1	        0.999792	     0.000131477
             125	               1	        0.999793	     0.000130436
             126	               1	        0.999795	     0.000129411
             127	               1	        0.999797	     0.000128402
             128	               1	        0.999798	     0.000127409
             129	         0.99988	        0.999799	     0.000126423
             130	               1	          0.9998	      0.00012546
             131	               1	        0.999802	     0.000124511
             132	               1	        0.999803	     0.000123577
             133	               1	        0.999805	     0.000122657
             134	               1	        0.999806	      0.00012175
             135	               1	        0.999808	     0.000120857
             136	               1	        0.999809	     0.000119976
             137	               1	        0.999811	     0.000119109
             138	               1	        0.999812	     0.000118253
             139	               1	        0.999813	      0.00011741
             140	               1	        0.999815	     0.000116579
             141	               1	        0.999816	      0.00011576
             142	               1	        0.999817	     0.000114952
             143	               1	        0.999818	     0.000114155
             144	               1	         0.99982	     0.000113369
             145	               1	        0.999821	     0.000112594
             146	               1	        0.999822	      0.00011183
             147	               1	        0.999823	     0.000111076
             148	               1	        0.999825	     0.000110332
             149	               1	        0.999826	     0.000109597
             150	               1	        0.999827	     0.000108873
             151	               1	        0.999828	     0.000108158
             152	         0.99828	        0.999818	     0.000107925
             153	         0.99996	        0.999819	     0.000107223
             154	         0.99488	        0.999787	      0.00011122
             155	               1	        0.999788	     0.000110511
             156	               1	        0.999789	     0.000109811
             157	               1	        0.999791	     0.000109119
             158	               1	        0.999792	     0.000108437
             159	               1	        0.999793	     0.000107763
             160	         0.99992	        0.999794	     0.000107092
             161	               1	        0.999796	     0.000106435
             162	               1	        0.999797	     0.000105785
             163	               1	        0.999798	     0.000105143
             164	               1	        0.999799	      0.00010451
             165	               1	          0.9998	     0.000103883
             166	               1	        0.999802	     0.000103264
             167	               1	        0.999803	     0.000102653
             168	               1	        0.999804	     0.000102049
             169	               1	        0.999805	     0.000101451
             170	         0.99996	        0.999806	     0.000100859
             171	               1	        0.999807	     0.000100275
             172	               1	        0.999808	     9.96984e-05
             173	               1	        0.999809	     9.91283e-05
             174	               1	        0.999811	     9.85646e-05
             175	               1	        0.999812	     9.80073e-05
             176	               1	        0.999813	     9.74563e-05
             177	               1	        0.999814	     9.69115e-05
             178	               1	        0.999815	     9.63727e-05
             179	               1	        0.999816	     9.58398e-05
             180	               1	        0.999817	     9.53128e-05
             181	               1	        0.999818	     9.47916e-05
             182	               1	        0.999819	     9.42761e-05
             183	               1	         0.99982	     9.37661e-05
             184	               1	        0.999821	     9.32616e-05
             185	               1	        0.999822	     9.27625e-05
             186	               1	        0.999823	     9.22687e-05
             187	               1	        0.999824	     9.17802e-05
             188	               1	        0.999825	     9.12968e-05
             189	               1	        0.999826	     9.08184e-05
             190	               1	        0.999827	     9.03451e-05
             191	               1	        0.999827	     8.98766e-05
             192	               1	        0.999828	      8.9413e-05
             193	               1	        0.999829	     8.89542e-05
             194	               1	         0.99983	        8.85e-05
             195	               1	        0.999831	     8.80504e-05
             196	               1	        0.999832	     8.76054e-05
             197	               1	        0.999833	     8.71649e-05
             198	               1	        0.999834	     8.67288e-05
             199	         0.99988	        0.999834	     8.62933e-05
             200	         0.99996	        0.999834	     8.58641e-05
