#     BLOCK:   ACTUAL_CV:    CV_AVE:      ERROR:
               1	        0.296261	        0.296261	               0
               2	        0.293255	        0.294758	      0.00106296
               3	        0.295512	         0.29501	     0.000737771
               4	        0.296328	        0.295339	     0.000622579
               5	        0.303728	        0.297017	      0.00158113
               6	        0.293682	        0.296461	      0.00141191
               7	        0.287381	        0.295164	      0.00170494
               8	        0.296777	        0.295366	      0.00150369
               9	        0.295364	        0.295365	      0.00133662
              10	        0.294983	        0.295327	       0.0012035
              11	        0.293051	         0.29512	      0.00111174
              12	        0.294729	        0.295088	      0.00101957
              13	        0.298803	        0.295373	     0.000980389
              14	        0.295582	        0.295388	     0.000910475
              15	        0.294351	        0.295319	     0.000852398
              16	        0.309791	        0.296224	      0.00118557
              17	        0.300756	         0.29649	      0.00114542
              18	         0.30305	        0.296855	      0.00113828
              19	        0.295848	        0.296802	      0.00107961
              20	        0.295024	        0.296713	      0.00102928
              21	        0.298341	         0.29679	     0.000983184
              22	        0.292131	        0.296579	      0.00096103
              23	        0.288867	        0.296243	     0.000975985
              24	        0.298265	        0.296328	     0.000938949
              25	        0.291485	        0.296134	     0.000921154
              26	        0.298078	        0.296209	     0.000888756
              27	        0.301622	        0.296409	     0.000878164
              28	        0.290007	        0.296181	     0.000876063
              29	        0.298216	        0.296251	     0.000848659
              30	        0.288358	        0.295988	     0.000860182
              31	        0.301408	        0.296162	     0.000850018
              32	        0.293844	         0.29609	     0.000826536
              33	        0.294874	        0.296053	     0.000802311
              34	        0.295803	        0.296046	     0.000778747
              35	         0.30021	        0.296165	     0.000765534
              36	        0.289012	        0.295966	     0.000769621
              37	        0.294861	        0.295936	       0.0007494
              38	        0.283736	        0.295615	     0.000795486
              39	         0.29245	        0.295534	     0.000779217
              40	        0.291713	        0.295439	     0.000765569
              41	        0.296136	        0.295456	     0.000747086
              42	        0.305256	        0.295689	     0.000764873
              43	        0.295553	        0.295686	     0.000747091
              44	        0.295585	        0.295683	     0.000730116
              45	        0.297736	        0.295729	     0.000715314
              46	        0.297932	        0.295777	     0.000701365
              47	        0.289755	        0.295649	     0.000698046
              48	        0.287298	        0.295475	      0.00070485
              49	        0.297067	        0.295507	     0.000691214
              50	        0.294271	        0.295483	     0.000677832
              51	        0.300829	        0.295587	     0.000672598
              52	        0.305473	        0.295778	     0.000686004
              53	        0.291115	         0.29569	     0.000678677
              54	        0.296952	        0.295713	     0.000666512
              55	         0.30103	         0.29581	     0.000661366
              56	         0.29922	         0.29587	     0.000652353
              57	        0.291143	        0.295788	      0.00064616
              58	         0.29485	        0.295771	     0.000635221
              59	        0.293648	        0.295735	     0.000625474
              60	        0.296647	        0.295751	     0.000615234
              61	        0.293221	        0.295709	     0.000606543
              62	        0.292546	        0.295658	     0.000598902
              63	        0.299506	        0.295719	     0.000592502
              64	        0.297779	        0.295751	     0.000584118
              65	        0.292535	        0.295702	     0.000577224
              66	          0.2912	        0.295634	     0.000572493
              67	        0.294834	        0.295622	     0.000564073
              68	        0.298765	        0.295668	     0.000557669
              69	        0.290339	        0.295591	     0.000554909
              70	        0.295148	        0.295584	     0.000547018
              71	        0.298161	        0.295621	     0.000540516
              72	        0.291731	        0.295567	     0.000535701
              73	        0.297142	        0.295588	     0.000528797
              74	        0.294648	        0.295576	     0.000521804
              75	         0.29651	        0.295588	     0.000514995
              76	        0.289893	        0.295513	     0.000513641
              77	        0.293969	        0.295493	     0.000507362
              78	        0.293891	        0.295472	     0.000501272
              79	        0.287315	        0.295369	      0.00050545
              80	        0.296556	        0.295384	      0.00049935
              81	        0.296846	        0.295402	     0.000493511
              82	        0.299111	        0.295447	     0.000489561
              83	        0.306118	        0.295576	      0.00050026
              84	        0.294661	        0.295565	     0.000494423
              85	        0.287551	        0.295471	     0.000497514
              86	        0.300513	        0.295529	     0.000495171
              87	        0.299349	        0.295573	     0.000491422
              88	        0.292906	        0.295543	     0.000486771
              89	        0.305248	        0.295652	     0.000493365
              90	        0.287537	        0.295562	     0.000496054
              91	        0.292016	        0.295523	      0.00049213
              92	        0.286132	        0.295421	     0.000497253
              93	        0.302474	        0.295497	     0.000497656
              94	        0.296555	        0.295508	     0.000492489
              95	        0.286455	        0.295413	     0.000496438
              96	        0.293917	        0.295397	     0.000491511
              97	        0.293667	        0.295379	     0.000486767
              98	        0.297879	        0.295405	     0.000482468
              99	        0.304341	        0.295495	     0.000485965
             100	        0.296378	        0.295504	     0.000481185
             101	        0.301272	        0.295561	     0.000479798
             102	        0.296654	        0.295572	     0.000475214
             103	        0.296189	        0.295578	     0.000470638
             104	         0.29898	         0.29561	     0.000467248
             105	        0.297574	        0.295629	     0.000463172
             106	        0.301075	         0.29568	     0.000461643
             107	        0.291212	        0.295639	     0.000459213
             108	        0.291251	        0.295598	     0.000456755
             109	        0.294195	        0.295585	     0.000452746
             110	        0.299013	        0.295616	     0.000449701
             111	        0.303255	        0.295685	     0.000450884
             112	        0.294437	        0.295674	     0.000446996
             113	        0.288207	        0.295608	     0.000447897
             114	        0.289432	        0.295554	     0.000447232
             115	        0.299424	        0.295587	     0.000444608
             116	        0.288972	         0.29553	     0.000444417
             117	         0.29405	        0.295518	     0.000440799
             118	        0.298549	        0.295543	     0.000437811
             119	        0.291405	        0.295509	     0.000435511
             120	        0.297949	        0.295529	     0.000432356
             121	        0.297134	        0.295542	     0.000428986
             122	        0.298004	        0.295562	     0.000425944
             123	        0.295301	         0.29556	     0.000422487
             124	        0.297727	        0.295578	     0.000419441
             125	         0.30038	        0.295616	     0.000417841
             126	        0.293844	        0.295602	     0.000414761
             127	        0.294614	        0.295594	     0.000411568
             128	        0.291674	        0.295564	     0.000409491
             129	        0.295087	         0.29556	     0.000406333
             130	        0.298802	        0.295585	     0.000403972
             131	        0.297518	          0.2956	     0.000401158
             132	        0.303359	        0.295658	     0.000402403
             133	        0.293721	        0.295644	     0.000399641
             134	        0.290517	        0.295606	     0.000398486
             135	        0.299557	        0.295635	     0.000396607
             136	         0.28999	        0.295593	     0.000395857
             137	        0.300062	        0.295626	      0.00039431
             138	        0.297867	        0.295642	     0.000391787
             139	        0.305531	        0.295713	     0.000395375
             140	        0.293359	        0.295697	     0.000392908
             141	        0.301952	        0.295741	     0.000392619
             142	        0.292923	        0.295721	     0.000390355
             143	        0.299202	        0.295745	     0.000388383
             144	        0.307989	         0.29583	     0.000394884
             145	        0.294652	        0.295822	     0.000392244
             146	        0.293169	        0.295804	     0.000389978
             147	        0.299525	        0.295829	     0.000388146
             148	        0.293467	        0.295814	     0.000385852
             149	        0.298275	         0.29583	     0.000383615
             150	        0.290854	        0.295797	      0.00038249
             151	        0.290683	        0.295763	     0.000381453
             152	        0.303101	        0.295811	     0.000381987
             153	        0.311108	        0.295911	     0.000392356
             154	        0.292608	         0.29589	     0.000390394
             155	        0.289274	        0.295847	     0.000390201
             156	        0.283468	        0.295768	     0.000395686
             157	        0.296365	        0.295772	     0.000393184
             158	        0.290091	        0.295736	     0.000392336
             159	        0.306635	        0.295804	     0.000395812
             160	        0.297196	        0.295813	     0.000393434
             161	        0.289704	        0.295775	     0.000392816
             162	        0.296799	        0.295781	     0.000390442
             163	        0.291432	        0.295755	     0.000388957
             164	        0.301346	        0.295789	     0.000388077
             165	        0.301488	        0.295823	     0.000387259
             166	        0.295849	        0.295823	     0.000384926
             167	         0.29549	        0.295821	     0.000382626
             168	        0.290093	        0.295787	     0.000381865
             169	        0.294333	        0.295779	     0.000379702
             170	        0.299306	        0.295799	     0.000378035
             171	        0.288085	        0.295754	     0.000378507
             172	        0.301246	        0.295786	      0.00037765
             173	        0.283687	        0.295716	     0.000381888
             174	        0.299087	        0.295736	     0.000380185
             175	        0.293208	        0.295721	     0.000378286
             176	        0.294029	        0.295712	     0.000376259
             177	        0.300192	        0.295737	     0.000374984
             178	        0.302407	        0.295774	     0.000374745
             179	        0.294972	         0.29577	     0.000372678
             180	        0.301056	        0.295799	     0.000371763
             181	        0.292817	        0.295783	     0.000370074
             182	        0.298851	          0.2958	     0.000368425
             183	        0.300973	        0.295828	     0.000367494
             184	        0.295537	        0.295826	     0.000365501
             185	        0.300919	        0.295854	      0.00036456
             186	        0.301634	        0.295885	     0.000363922
             187	        0.295136	        0.295881	     0.000361998
             188	        0.296494	        0.295884	     0.000360087
             189	        0.289252	        0.295849	     0.000359887
             190	        0.300254	        0.295872	     0.000358739
             191	        0.289925	        0.295841	      0.00035821
             192	        0.287249	        0.295796	     0.000359128
             193	        0.290991	        0.295772	      0.00035813
             194	        0.303483	        0.295811	     0.000358483
             195	        0.288982	        0.295776	     0.000358351
             196	        0.295994	        0.295777	     0.000356524
             197	        0.295066	        0.295774	     0.000354733
             198	        0.294097	        0.295765	     0.000353042
             199	        0.305469	        0.295814	      0.00035462
             200	        0.299605	        0.295833	     0.000353353
             201	        0.301519	        0.295861	     0.000352726
             202	        0.297659	         0.29587	     0.000351092
             203	        0.297525	        0.295878	     0.000349457
             204	        0.285625	        0.295828	      0.00035134
             205	        0.293905	        0.295819	     0.000349751
             206	        0.298871	        0.295833	     0.000348367
             207	        0.299867	        0.295853	     0.000347229
             208	        0.289601	        0.295823	     0.000346858
             209	        0.293737	        0.295813	     0.000345342
             210	        0.305563	        0.295859	     0.000346804
             211	         0.29004	        0.295832	     0.000346255
             212	        0.300346	        0.295853	     0.000345276
             213	        0.299031	        0.295868	     0.000343977
             214	        0.292481	        0.295852	     0.000342734
             215	        0.290503	        0.295827	     0.000342042
             216	        0.293285	        0.295816	      0.00034066
             217	        0.292448	          0.2958	     0.000339444
             218	         0.29643	        0.295803	     0.000337899
             219	        0.303892	         0.29584	     0.000338369
             220	        0.297081	        0.295845	     0.000336878
             221	        0.294142	        0.295838	     0.000335442
             222	        0.293223	        0.295826	     0.000334137
             223	        0.290102	          0.2958	     0.000333624
             224	        0.285689	        0.295755	     0.000335174
             225	        0.285946	        0.295712	     0.000336508
             226	        0.293264	        0.295701	     0.000335193
             227	        0.299342	        0.295717	       0.0003341
             228	        0.300441	        0.295738	     0.000333276
             229	        0.304633	        0.295776	     0.000334077
             230	        0.300713	        0.295798	     0.000333314
             231	        0.291645	         0.29578	     0.000332355
             232	        0.291219	         0.29576	     0.000331504
             233	          0.2933	         0.29575	     0.000330249
             234	        0.302742	         0.29578	     0.000330187
             235	         0.28973	        0.295754	     0.000329784
             236	        0.300002	        0.295772	     0.000328877
             237	        0.293498	        0.295762	     0.000327629
             238	        0.290621	        0.295741	     0.000326964
             239	        0.290863	         0.29572	     0.000326232
             240	        0.288835	        0.295691	     0.000326132
             241	        0.306807	        0.295738	     0.000328024
             242	         0.29364	        0.295729	     0.000326783
             243	        0.304542	        0.295765	     0.000327445
             244	        0.296428	        0.295768	     0.000326114
             245	        0.293847	         0.29576	     0.000324877
             246	        0.292783	        0.295748	     0.000323782
             247	        0.293343	        0.295738	     0.000322617
             248	        0.302589	        0.295766	     0.000322497
             249	        0.299707	        0.295782	      0.00032159
             250	        0.301377	        0.295804	     0.000321081
             251	        0.303559	        0.295835	     0.000321285
             252	        0.312925	        0.295903	     0.000327089
             253	        0.303773	        0.295934	     0.000327272
             254	        0.299204	        0.295947	     0.000326237
             255	        0.283405	        0.295898	     0.000328644
             256	        0.294698	        0.295893	     0.000327394
             257	        0.295228	         0.29589	      0.00032613
             258	        0.308392	        0.295939	     0.000328446
             259	        0.291674	        0.295922	     0.000327591
             260	        0.291209	        0.295904	     0.000326832
             261	        0.299194	        0.295917	     0.000325823
             262	        0.295229	        0.295914	      0.00032459
             263	        0.287685	        0.295883	      0.00032486
             264	        0.295816	        0.295883	      0.00032363
             265	        0.295902	        0.295883	     0.000322408
             266	        0.295961	        0.295883	     0.000321196
             267	        0.296935	        0.295887	     0.000320018
             268	        0.293654	        0.295879	     0.000318932
             269	        0.289954	        0.295857	     0.000318506
             270	        0.289838	        0.295834	     0.000318106
             271	        0.308161	         0.29588	     0.000320167
             272	        0.298952	        0.295891	     0.000319189
             273	        0.299886	        0.295906	     0.000318356
             274	        0.286607	        0.295872	     0.000318997
             275	        0.294928	        0.295868	     0.000317856
             276	        0.295996	        0.295869	     0.000316704
             277	        0.290223	        0.295848	     0.000316216
             278	        0.301469	        0.295869	     0.000315725
             279	        0.297618	        0.295875	     0.000314655
             280	        0.296903	        0.295879	     0.000313553
             281	        0.292161	        0.295865	     0.000312716
             282	        0.311935	        0.295922	     0.000316756
             283	        0.296249	        0.295923	     0.000315639
             284	        0.294808	         0.29592	     0.000314552
             285	        0.299349	        0.295932	     0.000313679
             286	        0.299215	        0.295943	     0.000312792
             287	        0.291633	        0.295928	     0.000312062
             288	        0.302514	        0.295951	     0.000311816
             289	        0.299375	        0.295963	     0.000310962
             290	        0.285936	        0.295928	     0.000311806
             291	        0.292134	        0.295915	     0.000311007
             292	        0.296523	        0.295917	     0.000309949
             293	         0.28892	        0.295893	     0.000309809
             294	        0.286485	        0.295861	     0.000310404
             295	        0.304388	         0.29589	     0.000310695
             296	        0.288856	        0.295866	     0.000310553
             297	        0.298314	        0.295875	     0.000309616
             298	         0.28794	        0.295848	      0.00030972
             299	        0.291792	        0.295835	     0.000308981
             300	        0.295304	        0.295833	     0.000307956
             301	        0.291229	        0.295817	     0.000307313
             302	        0.296264	        0.295819	     0.000306299
             303	        0.304018	        0.295846	     0.000306481
             304	        0.288222	        0.295821	     0.000306497
             305	        0.298914	        0.295831	      0.00030566
             306	         0.30065	        0.295847	     0.000305066
             307	        0.298049	        0.295854	     0.000304157
             308	        0.295986	        0.295854	      0.00030317
             309	        0.304847	        0.295884	     0.000303582
             310	        0.297863	         0.29589	      0.00030267
             311	        0.290253	        0.295872	     0.000302239
             312	          0.2982	        0.295879	     0.000301362
             313	        0.300298	        0.295893	      0.00030073
             314	        0.298712	        0.295902	     0.000299906
             315	         0.29884	        0.295912	     0.000299099
             316	        0.303051	        0.295934	     0.000299005
             317	        0.294568	         0.29593	     0.000298093
             318	        0.297191	        0.295934	     0.000297182
             319	        0.293852	        0.295927	     0.000296322
             320	        0.302052	        0.295947	     0.000296013
             321	        0.298554	        0.295955	     0.000295202
             322	        0.295237	        0.295952	     0.000294294
             323	        0.297628	        0.295958	     0.000293429
             324	        0.278511	        0.295904	     0.000297423
             325	        0.297447	        0.295909	     0.000296546
             326	        0.291554	        0.295895	     0.000295937
             327	        0.282829	        0.295855	     0.000297717
             328	        0.294324	        0.295851	     0.000296846
             329	        0.295765	         0.29585	     0.000295944
             330	        0.297059	        0.295854	     0.000295069
             331	        0.299357	        0.295865	     0.000294368
             332	        0.297684	         0.29587	     0.000293532
             333	        0.292135	        0.295859	     0.000292865
             334	        0.292893	         0.29585	     0.000292123
             335	        0.287374	        0.295825	     0.000292344
             336	        0.290038	        0.295807	     0.000291981
             337	        0.309864	        0.295849	     0.000294079
             338	        0.283231	        0.295812	     0.000295568
             339	         0.29706	        0.295815	      0.00029472
             340	        0.297308	         0.29582	     0.000293885
             341	        0.287064	        0.295794	     0.000294143
             342	        0.285747	        0.295765	     0.000294747
             343	        0.283211	        0.295728	     0.000296151
             344	        0.287554	        0.295704	     0.000296242
             345	        0.303271	        0.295726	     0.000296194
             346	        0.286378	        0.295699	     0.000296567
             347	        0.299638	        0.295711	      0.00029593
             348	        0.294373	        0.295707	     0.000295104
             349	        0.290091	        0.295691	     0.000294697
             350	        0.294048	        0.295686	     0.000293893
             351	        0.296122	        0.295687	     0.000293058
             352	        0.296205	        0.295689	     0.000292229
             353	        0.289486	        0.295671	     0.000291929
             354	        0.302765	        0.295691	     0.000291791
             355	        0.286954	        0.295667	     0.000292006
             356	        0.297661	        0.295672	     0.000291239
             357	        0.302721	        0.295692	     0.000291092
             358	        0.293708	        0.295686	     0.000290331
             359	        0.297669	        0.295692	     0.000289575
             360	        0.294523	        0.295689	     0.000288789
             361	        0.285923	        0.295662	     0.000289253
             362	        0.286168	        0.295635	     0.000289641
             363	        0.292672	        0.295627	     0.000288958
             364	         0.28913	        0.295609	     0.000288715
             365	        0.298376	        0.295617	     0.000288023
             366	        0.287612	        0.295595	     0.000288065
             367	        0.293634	         0.29559	      0.00028733
             368	        0.291708	        0.295579	     0.000286743
             369	        0.292838	        0.295572	     0.000286062
             370	        0.290154	        0.295557	     0.000285663
             371	        0.286936	        0.295534	     0.000285837
             372	        0.298935	        0.295543	     0.000285215
             373	        0.291252	        0.295532	     0.000284682
             374	        0.287839	        0.295511	     0.000284663
             375	        0.290652	        0.295498	     0.000284198
             376	        0.306937	        0.295528	     0.000285066
             377	        0.292903	        0.295521	     0.000284395
             378	        0.302086	        0.295539	     0.000284172
             379	        0.286128	        0.295514	     0.000284505
             380	        0.293639	        0.295509	     0.000283799
             381	        0.294112	        0.295505	     0.000283078
             382	        0.288876	        0.295488	     0.000282869
             383	        0.297726	        0.295494	      0.00028219
             384	        0.288454	        0.295476	      0.00028205
             385	        0.302378	        0.295494	     0.000281887
             386	        0.295339	        0.295493	     0.000281157
             387	        0.293583	        0.295488	     0.000280474
             388	        0.291328	        0.295477	     0.000279956
             389	        0.300324	         0.29549	     0.000279513
             390	        0.303259	         0.29551	     0.000279505
             391	        0.291767	          0.2955	     0.000278954
             392	        0.292966	        0.295494	     0.000278318
             393	        0.294825	        0.295492	     0.000277615
             394	        0.293741	        0.295488	     0.000276946
             395	        0.287426	        0.295467	     0.000276996
             396	        0.297643	        0.295473	     0.000276351
             397	        0.295552	        0.295473	     0.000275655
             398	        0.298122	         0.29548	     0.000275042
             399	        0.298608	        0.295487	     0.000274465
             400	        0.280291	        0.295449	     0.000276395
             401	        0.292119	        0.295441	     0.000275831
             402	        0.287253	        0.295421	     0.000275896
             403	        0.289259	        0.295405	     0.000275634
             404	        0.294212	        0.295403	     0.000274968
             405	        0.301134	        0.295417	     0.000274653
             406	         0.29735	        0.295421	     0.000274018
             407	        0.291005	        0.295411	     0.000273559
             408	        0.295221	         0.29541	     0.000272889
             409	        0.290321	        0.295398	     0.000272505
             410	        0.305737	        0.295423	     0.000273005
             411	         0.28734	        0.295403	     0.000273048
             412	        0.298221	         0.29541	     0.000272471
             413	        0.296486	        0.295413	     0.000271824
             414	        0.296166	        0.295414	     0.000271173
             415	        0.288736	        0.295398	     0.000270997
             416	        0.285194	        0.295374	     0.000271454
             417	         0.29816	        0.295381	     0.000270885
             418	        0.293315	        0.295376	     0.000270282
             419	        0.301993	        0.295391	     0.000270098
             420	        0.293388	        0.295387	     0.000269497
             421	        0.302145	        0.295403	     0.000269334
             422	        0.292423	        0.295396	     0.000268789
             423	        0.301853	        0.295411	     0.000268586
             424	        0.292128	        0.295403	     0.000268065
             425	        0.301982	        0.295419	      0.00026788
             426	        0.298678	        0.295426	     0.000267361
             427	        0.297228	         0.29543	     0.000266768
             428	        0.285948	        0.295408	     0.000267063
             429	        0.290989	        0.295398	     0.000266639
             430	        0.297217	        0.295402	     0.000266053
             431	        0.300474	        0.295414	     0.000265696
             432	        0.302494	         0.29543	     0.000265585
             433	        0.295047	         0.29543	     0.000264974
             434	        0.298571	        0.295437	     0.000264462
             435	        0.300341	        0.295448	     0.000264094
             436	        0.300956	        0.295461	      0.00026379
             437	        0.300083	        0.295471	     0.000263399
             438	         0.31505	        0.295516	     0.000266563
             439	        0.293901	        0.295512	     0.000265982
             440	        0.292912	        0.295506	     0.000265443
             441	        0.297507	        0.295511	      0.00026488
             442	        0.299739	         0.29552	     0.000264453
             443	         0.30562	        0.295543	     0.000264837
             444	        0.295968	        0.295544	     0.000264242
             445	        0.291455	        0.295535	     0.000263808
             446	         0.28871	         0.29552	      0.00026366
             447	        0.291451	        0.295511	     0.000263227
             448	        0.298626	        0.295518	     0.000262732
             449	        0.302105	        0.295532	     0.000262556
             450	        0.290405	        0.295521	     0.000262219
             451	        0.294198	        0.295518	     0.000261654
             452	        0.294246	        0.295515	     0.000261091
             453	        0.282524	        0.295486	     0.000262085
             454	        0.294575	        0.295484	     0.000261515
             455	          0.3048	        0.295505	      0.00026174
             456	        0.300756	        0.295516	      0.00026142
             457	        0.291619	        0.295508	     0.000260987
             458	        0.286573	        0.295488	     0.000261145
             459	        0.294966	        0.295487	     0.000260578
             460	        0.289482	        0.295474	     0.000260339
             461	        0.299913	        0.295484	     0.000259952
             462	        0.295032	        0.295483	     0.000259391
             463	        0.309711	        0.295514	     0.000260645
             464	        0.294264	        0.295511	     0.000260097
             465	        0.298305	        0.295517	     0.000259607
             466	        0.298601	        0.295524	     0.000259134
             467	        0.298272	        0.295529	     0.000258646
             468	        0.290805	        0.295519	     0.000258291
             469	        0.295702	         0.29552	      0.00025774
             470	        0.302924	        0.295535	     0.000257673
             471	        0.298171	        0.295541	     0.000257186
             472	        0.291703	        0.295533	      0.00025677
             473	        0.299171	        0.295541	     0.000256342
             474	        0.290912	        0.295531	     0.000255988
             475	        0.294497	        0.295529	     0.000255458
             476	        0.302921	        0.295544	     0.000255393
             477	        0.296971	        0.295547	     0.000254875
             478	        0.288957	        0.295533	     0.000254714
             479	        0.292359	        0.295527	     0.000254269
             480	         0.28541	        0.295506	     0.000254611
             481	        0.300182	        0.295515	     0.000254267
             482	        0.297343	        0.295519	     0.000253768
             483	        0.303038	        0.295535	      0.00025372
             484	        0.297131	        0.295538	     0.000253217
             485	        0.297621	        0.295542	     0.000252731
             486	        0.293239	        0.295538	     0.000252256
             487	        0.294715	        0.295536	     0.000251743
             488	        0.284078	        0.295512	      0.00025232
             489	          0.2967	        0.295515	     0.000251816
             490	        0.298467	        0.295521	     0.000251374
             491	        0.307958	        0.295546	     0.000252135
             492	        0.288562	        0.295532	     0.000252022
             493	        0.299267	         0.29554	     0.000251624
             494	        0.296828	        0.295542	     0.000251129
             495	        0.301527	        0.295554	     0.000250912
             496	        0.291489	        0.295546	      0.00025054
             497	        0.295342	        0.295546	     0.000250036
             498	        0.292367	        0.295539	     0.000249616
             499	        0.294794	        0.295538	      0.00024912
             500	        0.292539	        0.295532	     0.000248694
