#     BLOCK:   ACTUAL_X:     X_AVE:       ERROR:
               1	         24.4026	         24.4026	               0
               2	         57.2882	         40.8454	         11.6268
               3	          84.572	         55.4209	         14.2025
               4	         89.9725	         64.0588	         13.0163
               5	         99.1875	         71.0845	         12.1622
               6	         83.1846	         73.1012	          10.301
               7	         10.6192	         64.1752	         12.0934
               8	         75.1458	         65.5465	         10.6592
               9	         53.1832	         64.1728	         9.56296
              10	         46.9062	         62.4462	         8.76116
              11	         94.5218	         65.3621	           8.436
              12	          78.955	         66.4949	         7.80868
              13	         60.4021	         66.0262	         7.22206
              14	         60.1162	         65.6041	         6.71853
              15	         68.3584	         65.7877	         6.27314
              16	         46.4469	         64.5789	          5.9964
              17	          99.015	         66.6045	         5.97603
              18	         27.4946	         64.4318	         6.02609
              19	         67.2669	          64.581	         5.71077
              20	         95.6554	         66.1347	         5.63263
              21	         78.8293	         66.7392	         5.39675
              22	         64.6835	         66.6458	         5.15225
              23	          20.904	          64.657	         5.29819
              24	         97.2499	          66.015	         5.24859
              25	         82.0032	         66.6546	         5.07746
              26	         93.5365	         67.6885	         4.98633
              27	         85.5061	         68.3484	         4.84512
              28	         25.6304	         66.8227	         4.90641
              29	         68.2858	         66.8732	         4.73748
              30	         91.9819	         67.7101	         4.65291
              31	         87.0352	         68.3335	         4.54438
              32	         90.0864	         69.0133	         4.45292
              33	         69.5082	         69.0283	         4.31801
              34	         59.1075	         68.7365	         4.20086
              35	         41.9581	         67.9714	         4.14992
              36	         99.2669	         68.8407	         4.12469
              37	         81.5515	         69.1843	         4.02749
              38	         78.7378	         69.4357	         3.92935
              39	         86.9328	         69.8843	         3.85412
              40	         13.8358	         68.4831	         4.00439
              41	         56.8766	            68.2	         3.91672
              42	         87.1558	         68.6514	         3.84938
              43	         45.0614	         68.1028	         3.79875
              44	         59.3898	         67.9047	         3.71757
              45	         97.4267	         68.5608	         3.69239
              46	         87.0034	         68.9617	         3.63382
              47	         93.5258	         69.4843	         3.59389
              48	         77.6082	         69.6536	           3.523
              49	         87.9128	         70.0262	         3.47076
              50	         53.5419	         69.6965	         3.41697
              51	         91.3747	         70.1216	          3.3763
              52	         79.2914	         70.2979	         3.31597
              53	         91.5195	         70.6984	         3.27749
              54	         51.2259	         70.3378	         3.23658
              55	         92.7629	         70.7455	         3.20331
              56	         92.0576	         71.1261	         3.16863
              57	         42.7746	         70.6287	         3.15184
              58	         54.1008	         70.3437	         3.11035
              59	         86.2445	         70.6132	         3.06929
              60	           9.056	         69.5872	         3.18499
              61	         89.8611	         69.9196	         3.15007
              62	         98.4826	         70.3803	         3.13277
              63	         98.6611	         70.8292	         3.11504
              64	         83.8666	         71.0329	         3.07302
              65	         95.0163	         71.4019	         3.04782
              66	         41.4448	          70.948	         3.03525
              67	         55.5211	         70.7177	         2.99866
              68	         97.7347	          71.115	         2.98077
              69	         90.5666	          71.397	         2.95087
              70	         38.7901	         70.9311	         2.94525
              71	         51.9541	         70.6639	         2.91587
              72	         91.4784	         70.9529	         2.88967
              73	         75.1915	          71.011	         2.85067
              74	         91.8149	         71.2921	         2.82598
              75	         79.6723	         71.4039	          2.7905
              76	         81.4965	         71.5367	         2.75694
              77	         57.5829	         71.3555	         2.72709
              78	         64.8462	          71.272	          2.6934
              79	         88.7459	         71.4932	         2.66838
              80	         68.0299	         71.4499	         2.63537
              81	         32.5878	         70.9701	         2.64615
              82	         42.3498	         70.6211	          2.6368
              83	         74.4907	         70.6677	         2.60544
              84	         91.5499	         70.9163	         2.58626
              85	         32.9576	         70.4697	          2.5941
              86	         87.7405	         70.6706	          2.5717
              87	         82.7451	         70.8094	         2.54588
              88	         68.5053	         70.7832	         2.51708
              89	         48.3941	         70.5316	         2.50134
              90	         84.0578	         70.6819	         2.47806
              91	         89.8598	         70.8926	         2.45977
              92	          94.492	         71.1492	         2.44637
              93	         55.7931	          70.984	         2.42564
              94	         62.2248	         70.8909	         2.40162
              95	          59.785	          70.774	         2.37918
              96	         96.4251	         71.0412	         2.36936
              97	         69.2307	         71.0225	           2.345
              98	         34.3526	         70.6483	         2.35074
              99	         98.2496	         70.9271	         2.34347
             100	         68.2939	         70.9008	         2.32018
             101	         78.5042	         70.9761	         2.29843
             102	         89.5085	         71.1577	         2.28307
             103	         90.4581	         71.3451	         2.26858
             104	         60.1493	         71.2375	         2.24932
             105	         64.5824	         71.1741	         2.22879
             106	         9.52736	         70.5925	         2.28238
             107	         34.5986	         70.2561	          2.2857
             108	         83.6706	         70.3803	         2.26791
             109	         74.7898	         70.4208	         2.24747
             110	         95.2323	         70.6464	         2.23832
             111	         97.9349	         70.8922	         2.23162
             112	         44.8989	         70.6601	         2.22373
             113	         88.0064	         70.8136	         2.20934
             114	         88.8142	         70.9715	          2.1956
             115	         91.2142	         71.1475	         2.18355
             116	         72.8955	         71.1626	         2.16478
             117	         99.3323	         71.4034	         2.15962
             118	         94.2344	         71.5969	         2.14997
             119	         81.2875	         71.6783	         2.13345
             120	         70.5926	         71.6692	         2.11569
             121	         97.7682	         71.8849	         2.10917
             122	         98.2238	         72.1008	          2.1029
             123	         48.2104	         71.9066	         2.09475
             124	         43.8144	         71.6801	         2.09008
             125	         96.7976	          71.881	         2.08299
             126	         87.1621	         72.0023	         2.06999
             127	         99.4581	         72.2185	         2.06495
             128	          83.713	         72.3083	         2.05077
             129	         91.9845	         72.4608	         2.04053
             130	          78.267	         72.5055	         2.02533
             131	         79.5192	          72.559	         2.01057
             132	          98.712	         72.7571	         2.00508
             133	         66.9042	         72.7131	         1.99049
             134	         92.5114	         72.8609	         1.98111
             135	         67.7563	         72.8231	         1.96679
             136	         96.8789	         72.9999	         1.96027
             137	         82.0102	         73.0657	         1.94706
             138	         53.9718	         72.9273	         1.93787
             139	         47.2016	         72.7423	         1.93274
             140	         75.2341	         72.7601	         1.91902
             141	         86.4453	         72.8571	         1.90786
             142	         69.3339	         72.8323	         1.89459
             143	         91.3781	          72.962	         1.88577
             144	          84.329	         73.0409	         1.87433
             145	         67.2946	         73.0013	         1.86182
             146	         82.7613	         73.0682	         1.85027
             147	         61.0053	         72.9861	          1.8395
             148	         75.3126	         73.0018	         1.82714
             149	         82.7446	         73.0672	         1.81604
             150	         95.2573	         73.2151	         1.80995
             151	         96.0453	         73.3663	         1.80427
             152	         81.3757	          73.419	         1.79317
             153	         86.3986	         73.5039	         1.78345
             154	         92.3629	         73.6263	         1.77607
             155	         98.5318	          73.787	         1.77187
             156	         90.1171	         73.8917	          1.7636
             157	         81.5067	         73.9402	         1.75303
             158	         99.4085	         74.1014	         1.74933
             159	         94.1533	         74.2275	         1.74287
             160	         69.5574	         74.1983	         1.73222
             161	         89.9742	         74.2963	         1.72423
             162	         69.5355	         74.2669	         1.71384
             163	         94.6219	         74.3918	         1.70787
             164	         88.7274	         74.4792	         1.69969
             165	         11.8104	         74.0994	         1.73131
             166	         94.0526	         74.2196	         1.72504
             167	         95.9478	         74.3497	         1.71961
             168	         99.1925	         74.4976	         1.71572
             169	         99.6346	         74.6463	         1.71201
             170	         94.5952	         74.7636	         1.70595
             171	         93.7085	         74.8744	         1.69957
             172	         85.6168	         74.9369	         1.69084
             173	         35.4304	         74.7085	         1.69641
             174	         54.2693	         74.5911	         1.69073
             175	         79.9134	         74.6215	         1.68134
             176	          26.833	           74.35	         1.69357
             177	         38.4502	         74.1471	          1.6961
             178	         99.2206	          74.288	         1.69241
             179	         91.7678	         74.3856	         1.68577
             180	          66.509	         74.3419	         1.67697
             181	          73.812	          74.339	         1.66771
             182	         99.1125	         74.4751	         1.66409
             183	         40.0963	         74.2872	         1.66557
             184	         99.1794	         74.4225	           1.662
             185	         93.2514	         74.5243	         1.65613
             186	         58.6848	         74.4391	         1.64942
             187	          80.869	         74.4735	         1.64096
             188	         94.3221	         74.5791	         1.63562
             189	         99.2142	         74.7094	         1.63215
             190	         96.8906	         74.8262	         1.62773
             191	         99.2864	         74.9542	         1.62424
             192	         97.7526	          75.073	         1.62011
             193	         96.6858	          75.185	         1.61559
             194	         95.0618	         75.2874	          1.6105
             195	         87.9528	         75.3524	         1.60355
             196	         75.6616	         75.3539	         1.59537
             197	         72.8813	         75.3414	         1.58732
             198	         43.7003	         75.1816	         1.58733
             199	         54.6883	         75.0786	         1.58269
             200	         50.8173	         74.9573	         1.57942
