#     BLOCK:   ACTUAL_TE:    TE_AVE:      ERROR:
           1	   -0.363148	   -0.363148	           0
           2	   -0.367141	   -0.365144	  0.00141167
           3	   -0.359717	   -0.363335	  0.00175152
           4	    -0.36909	   -0.364774	  0.00181048
           5	   -0.364363	   -0.364692	  0.00145024
           6	    -0.37563	   -0.366515	  0.00205669
           7	   -0.370075	   -0.367023	  0.00182469
           8	   -0.375918	   -0.368135	  0.00190549
           9	   -0.360541	   -0.367291	   0.0018713
          10	   -0.378607	   -0.368423	  0.00199722
          11	   -0.379249	   -0.369407	   0.0020438
          12	   -0.373103	   -0.369715	  0.00189655
          13	   -0.369789	   -0.369721	  0.00175067
          14	   -0.365781	   -0.369439	  0.00164809
          15	   -0.361771	   -0.368928	  0.00161556
          16	   -0.368333	   -0.368891	  0.00151501
          17	   -0.365242	   -0.368676	  0.00144102
          18	   -0.367144	   -0.368591	  0.00136348
          19	    -0.37063	   -0.368698	  0.00129593
          20	   -0.374495	   -0.368988	  0.00126313
          21	   -0.371953	   -0.369129	  0.00121084
          22	    -0.36889	   -0.369119	  0.00115586
          23	   -0.360367	   -0.368738	  0.00116655
          24	   -0.366748	   -0.368655	  0.00112088
          25	   -0.372565	   -0.368812	   0.0010869
          26	   -0.365435	   -0.368682	  0.00105283
          27	   -0.371765	   -0.368796	  0.00102001
          28	   -0.358019	   -0.368411	   0.0010537
          29	   -0.368504	   -0.368414	  0.00101737
          30	    -0.35995	   -0.368132	  0.00102182
          31	   -0.367609	   -0.368115	 0.000989001
          32	   -0.367769	   -0.368104	 0.000958154
          33	   -0.361852	   -0.367915	 0.000947666
          34	   -0.364772	   -0.367822	 0.000924291
          35	    -0.35955	   -0.367586	 0.000927614
          36	    -0.36627	    -0.36755	 0.000902567
          37	   -0.363154	   -0.367431	 0.000885956
          38	   -0.373747	   -0.367597	 0.000878096
          39	    -0.36597	   -0.367555	 0.000856572
          40	   -0.368822	   -0.367587	 0.000835743
          41	   -0.362484	   -0.367462	 0.000824574
          42	   -0.368676	   -0.367491	 0.000805448
          43	   -0.359878	   -0.367314	 0.000805944
          44	   -0.371866	   -0.367418	 0.000794237
          45	   -0.370463	   -0.367485	 0.000779465
          46	   -0.363924	   -0.367408	 0.000766356
          47	   -0.370879	   -0.367482	 0.000753601
          48	   -0.372935	   -0.367595	 0.000746416
          49	   -0.357657	   -0.367393	  0.00075824
          50	    -0.36275	     -0.3673	 0.000748738
          51	   -0.372971	   -0.367411	 0.000742269
          52	   -0.377272	   -0.367601	 0.000751829
          53	   -0.372856	     -0.3677	 0.000744153
          54	   -0.381598	   -0.367957	 0.000773599
          55	   -0.373024	   -0.368049	 0.000764999
          56	   -0.364964	   -0.367994	  0.00075332
          57	   -0.368116	   -0.367996	 0.000740107
          58	   -0.364928	   -0.367943	 0.000729235
          59	   -0.370062	   -0.367979	 0.000717758
          60	   -0.366656	   -0.367957	 0.000706134
          61	   -0.361731	   -0.367855	 0.000701896
          62	    -0.36917	   -0.367876	 0.000690895
          63	   -0.366956	   -0.367862	 0.000680083
          64	    -0.37446	   -0.367965	 0.000677226
          65	   -0.370218	      -0.368	 0.000667694
          66	   -0.364734	    -0.36795	 0.000659409
          67	   -0.376752	   -0.368081	 0.000662524
          68	   -0.371306	   -0.368129	 0.000654475
          69	   -0.368702	   -0.368137	 0.000645043
          70	   -0.369449	   -0.368156	   0.0006361
          71	   -0.359866	   -0.368039	 0.000637768
          72	   -0.366891	   -0.368023	 0.000629109
          73	   -0.373724	   -0.368101	 0.000625319
          74	   -0.369858	   -0.368125	 0.000617319
          75	   -0.362015	   -0.368044	  0.00061444
          76	   -0.362597	   -0.367972	 0.000610521
          77	   -0.361146	   -0.367883	 0.000608994
          78	   -0.372856	   -0.367947	 0.000604515
          79	   -0.375003	   -0.368036	 0.000603425
          80	   -0.363159	   -0.367975	 0.000598954
          81	   -0.368302	   -0.367979	 0.000591573
          82	   -0.367506	   -0.367974	 0.000584387
          83	   -0.362658	    -0.36791	 0.000580845
          84	   -0.362518	   -0.367845	 0.000577465
          85	   -0.364075	   -0.367801	 0.000572373
          86	    -0.36874	   -0.367812	 0.000565821
          87	   -0.371627	   -0.367856	 0.000561014
          88	   -0.367295	   -0.367849	 0.000554675
          89	   -0.370258	   -0.367876	 0.000549103
          90	   -0.375439	    -0.36796	 0.000549394
          91	   -0.369535	   -0.367978	 0.000543629
          92	   -0.364792	   -0.367943	 0.000538822
          93	   -0.378737	   -0.368059	 0.000545384
          94	   -0.367348	   -0.368052	 0.000539635
          95	   -0.363388	   -0.368003	 0.000536182
          96	   -0.367879	   -0.368001	 0.000530599
          97	   -0.363952	    -0.36796	 0.000526768
          98	   -0.361054	   -0.367889	 0.000526086
          99	   -0.370107	   -0.367911	 0.000521248
         100	   -0.364704	   -0.367879	 0.000517022
