#   N_BLOCK:  ACCEPTANCE:
           1	           0
           2	           0
           3	           0
           4	           0
           5	           0
           6	           0
           7	           0
           8	           0
           9	           0
          10	           0
          11	           0
          12	           0
          13	           0
          14	           0
          15	           0
          16	           0
          17	           0
          18	           0
          19	           0
          20	           0
          21	           0
          22	           0
          23	           0
          24	           0
          25	           0
          26	           0
          27	           0
          28	           0
          29	           0
          30	           0
          31	           0
          32	           0
          33	           0
          34	           0
          35	           0
          36	           0
          37	           0
          38	           0
          39	           0
          40	           0
          41	           0
          42	           0
          43	           0
          44	           0
          45	           0
          46	           0
          47	           0
          48	           0
          49	           0
          50	           0
          51	           0
          52	           0
          53	           0
          54	           0
          55	           0
          56	           0
          57	           0
          58	           0
          59	           0
          60	           0
          61	           0
          62	           0
          63	           0
          64	           0
          65	           0
          66	           0
          67	           0
          68	           0
          69	           0
          70	           0
          71	           0
          72	           0
          73	           0
          74	           0
          75	           0
          76	           0
          77	           0
          78	 5.12821e-08
          79	 5.06329e-08
          80	       5e-08
          81	 4.93827e-08
          82	 4.87805e-08
          83	 8.33735e-06
          84	  8.2381e-06
          85	 8.14118e-06
          86	 8.04651e-06
          87	 7.95402e-06
          88	 7.86364e-06
          89	 7.77528e-06
          90	 7.68889e-06
          91	  7.6044e-06
          92	 7.52174e-06
          93	 7.44086e-06
          94	  7.3617e-06
          95	 7.28421e-06
          96	 7.20833e-06
          97	 7.13402e-06
          98	 7.06122e-06
          99	  6.9899e-06
         100	    6.92e-06
