#     BLOCK:   ACTUAL_X:     X_AVE:       ERROR:
               1	        0.803153	        0.803153	               0
               2	        0.843603	        0.823378	       0.0143011
               3	        0.836319	        0.827692	       0.0101638
               4	        0.857023	        0.835025	      0.00992149
               5	        0.878006	        0.843621	       0.0110506
               6	        0.831609	        0.841619	      0.00938843
               7	        0.824065	        0.839111	      0.00837544
               8	        0.790518	        0.833037	      0.00927313
               9	        0.831984	         0.83292	      0.00824352
              10	        0.853997	        0.835028	      0.00768389
              11	        0.810422	        0.832791	       0.0073037
              12	        0.850366	        0.834256	      0.00684033
              13	         0.88294	           0.838	      0.00726733
              14	        0.855491	         0.83925	      0.00685479
              15	        0.827302	        0.838453	      0.00644391
              16	        0.827975	        0.837798	      0.00607435
              17	         0.85271	        0.838676	      0.00578002
              18	        0.808707	        0.837011	      0.00569365
              19	        0.869454	        0.838718	      0.00564423
              20	        0.832843	        0.838424	      0.00536966
              21	        0.835609	         0.83829	      0.00511563
              22	        0.894428	        0.840842	       0.0054827
              23	        0.845358	        0.841038	      0.00524783
              24	        0.856778	        0.841694	      0.00506999
              25	        0.839361	        0.841601	      0.00486805
              26	        0.840561	        0.841561	      0.00468098
              27	        0.839929	        0.841501	        0.004508
              28	        0.824955	         0.84091	      0.00438556
              29	        0.845743	        0.841076	      0.00423749
              30	        0.861324	        0.841751	      0.00414965
              31	        0.808611	        0.840682	      0.00415121
              32	         0.87235	        0.841672	      0.00413776
              33	         0.85454	        0.842062	      0.00403071
              34	        0.847203	        0.842213	      0.00391499
              35	        0.838143	        0.842097	      0.00380486
              36	        0.821678	        0.841529	      0.00374121
              37	        0.810558	        0.840692	      0.00373257
              38	        0.852372	           0.841	      0.00364697
              39	        0.855526	        0.841372	      0.00357243
              40	        0.821994	        0.840888	      0.00351581
              41	        0.842753	        0.840933	      0.00343036
              42	        0.830657	        0.840689	       0.0033574
              43	        0.795526	        0.839638	      0.00343968
              44	        0.842691	        0.839708	      0.00336221
              45	        0.860012	        0.840159	      0.00331763
              46	        0.847104	         0.84031	      0.00324894
              47	        0.785919	        0.839153	      0.00337964
              48	        0.873991	        0.839878	      0.00338626
              49	         0.84986	        0.840082	      0.00332328
              50	        0.819216	        0.839665	      0.00328291
              51	        0.842564	        0.839722	      0.00321903
              52	         0.86364	        0.840182	      0.00318982
              53	         0.88529	        0.841033	      0.00324119
              54	         0.79284	         0.84014	      0.00330175
              55	        0.868403	        0.840654	      0.00328147
              56	        0.820481	        0.840294	      0.00324258
              57	        0.850608	        0.840475	      0.00319074
              58	        0.836074	        0.840399	      0.00313663
              59	        0.844595	         0.84047	      0.00308427
              60	        0.882781	        0.841175	      0.00311244
              61	        0.858518	         0.84146	      0.00307437
              62	        0.831023	        0.841291	      0.00302939
              63	         0.85378	         0.84149	      0.00298778
              64	        0.844933	        0.841543	      0.00294158
              65	         0.85676	        0.841777	      0.00290563
              66	        0.843327	        0.841801	       0.0028617
              67	        0.829709	         0.84162	      0.00282467
              68	        0.852583	        0.841782	      0.00278773
              69	        0.856428	        0.841994	       0.0027554
              70	        0.814828	        0.841606	      0.00274323
              71	        0.834332	        0.841503	       0.0027065
              72	        0.880871	         0.84205	      0.00272359
              73	        0.830248	        0.841888	      0.00269107
              74	          0.8692	        0.842258	      0.00267989
              75	        0.809383	        0.841819	      0.00267977
              76	        0.787988	        0.841111	      0.00273652
              77	        0.846918	        0.841186	      0.00270202
              78	        0.873011	        0.841594	      0.00269801
              79	        0.851184	        0.841716	      0.00266658
              80	        0.863802	        0.841992	       0.0026475
              81	        0.835857	        0.841916	       0.0026159
              82	        0.873234	        0.842298	      0.00261173
              83	        0.833789	        0.842195	      0.00258228
              84	         0.84493	        0.842228	      0.00255174
              85	         0.86346	        0.842478	      0.00253392
              86	        0.834084	         0.84238	      0.00250633
              87	        0.882112	        0.842837	      0.00251879
              88	        0.847281	        0.842887	      0.00249067
              89	        0.885854	         0.84337	      0.00250904
              90	         0.84191	        0.843354	      0.00248121
              91	        0.875609	        0.843708	      0.00247913
              92	        0.841997	         0.84369	      0.00245226
              93	        0.846239	        0.843717	      0.00242604
              94	        0.880254	        0.844106	      0.00243117
              95	        0.870589	        0.844385	      0.00242151
              96	        0.817705	        0.844107	      0.00241218
              97	        0.835203	        0.844015	      0.00238906
              98	        0.836856	        0.843942	       0.0023658
              99	        0.846558	        0.843968	      0.00234205
             100	        0.848577	        0.844014	      0.00231908
             101	         0.84426	        0.844017	      0.00229612
             102	        0.861519	        0.844188	      0.00228001
             103	        0.814943	        0.843905	      0.00227549
             104	        0.859944	        0.844059	      0.00225883
             105	        0.876974	        0.844372	      0.00225896
             106	        0.856372	        0.844485	      0.00224049
             107	        0.838285	        0.844427	       0.0022203
             108	        0.854391	         0.84452	      0.00220165
             109	        0.840667	        0.844484	      0.00218174
             110	        0.846214	          0.8445	      0.00216196
             111	        0.858509	        0.844626	      0.00214616
             112	        0.827278	        0.844471	      0.00213259
             113	         0.83316	        0.844371	      0.00211606
             114	        0.840118	        0.844334	      0.00209783
             115	        0.863957	        0.844505	      0.00208651
             116	        0.813309	        0.844236	      0.00208579
             117	        0.804946	          0.8439	      0.00209482
             118	        0.838667	        0.843856	      0.00207753
             119	        0.822912	         0.84368	      0.00206752
             120	        0.829126	        0.843558	      0.00205384
             121	        0.848465	        0.843599	      0.00203727
             122	         0.84991	        0.843651	      0.00202123
             123	        0.839975	        0.843621	      0.00200501
             124	        0.839944	        0.843591	      0.00198906
             125	        0.835724	        0.843528	      0.00197415
             126	        0.836713	        0.843474	      0.00195922
             127	        0.851814	         0.84354	      0.00194489
             128	         0.84156	        0.843524	      0.00192976
             129	        0.897966	        0.843946	      0.00196041
             130	        0.854546	        0.844028	      0.00194702
             131	        0.840843	        0.844003	      0.00193231
             132	          0.8644	        0.844158	      0.00192384
             133	        0.855578	        0.844244	      0.00191129
             134	        0.821637	        0.844075	      0.00190446
             135	        0.841405	        0.844055	      0.00189045
             136	        0.839085	        0.844019	      0.00187691
             137	        0.870819	        0.844214	      0.00187337
             138	        0.849355	        0.844252	      0.00186017
             139	        0.826264	        0.844122	      0.00185128
             140	        0.865966	        0.844278	      0.00184462
             141	        0.823938	        0.844134	      0.00183717
             142	        0.856741	        0.844223	      0.00182638
             143	        0.823612	        0.844079	      0.00181928
             144	        0.850794	        0.844125	      0.00180725
             145	        0.855064	        0.844201	      0.00179636
             146	        0.814878	           0.844	      0.00179524
             147	        0.853054	        0.844061	      0.00178409
             148	        0.807653	        0.843815	      0.00178891
             149	        0.840335	        0.843792	      0.00177706
             150	        0.816012	        0.843607	      0.00177484
             151	        0.820766	        0.843456	      0.00176952
             152	        0.858226	        0.843553	      0.00176054
             153	        0.856847	         0.84364	      0.00175118
             154	        0.833036	        0.843571	      0.00174116
             155	        0.843606	        0.843571	      0.00172993
             156	        0.866192	        0.843716	       0.0017249
             157	        0.836918	        0.843673	      0.00171446
             158	        0.849795	        0.843712	      0.00170405
             159	        0.869895	        0.843876	      0.00170127
             160	        0.841442	        0.843861	       0.0016907
             161	        0.828763	        0.843767	       0.0016828
             162	        0.865507	        0.843901	      0.00167776
             163	        0.843219	        0.843897	      0.00166747
             164	        0.860087	        0.843996	      0.00166022
             165	        0.873498	        0.844175	      0.00165976
             166	        0.869054	        0.844325	      0.00165651
             167	        0.878003	        0.844526	      0.00165882
             168	         0.83222	        0.844453	      0.00165057
             169	        0.818322	        0.844298	      0.00164803
             170	        0.827526	          0.8442	      0.00164128
             171	        0.835802	        0.844151	      0.00163242
             172	        0.855724	        0.844218	      0.00162431
             173	        0.851553	         0.84426	      0.00161548
             174	        0.831398	        0.844186	      0.00160788
             175	         0.79604	        0.843911	      0.00162206
             176	        0.818744	        0.843768	      0.00161914
             177	        0.861209	        0.843867	      0.00161299
             178	        0.836608	        0.843826	      0.00160444
             179	        0.832716	        0.843764	      0.00159668
             180	        0.810419	        0.843579	      0.00159852
             181	        0.832775	        0.843519	       0.0015908
             182	        0.827919	        0.843433	      0.00158437
             183	        0.817755	        0.843293	      0.00158191
             184	        0.847358	        0.843315	      0.00157347
             185	        0.829867	        0.843242	      0.00156664
             186	        0.814431	        0.843088	      0.00156586
             187	        0.866332	        0.843212	      0.00156241
             188	        0.843752	        0.843215	       0.0015541
             189	         0.84955	        0.843248	      0.00154624
             190	        0.852691	        0.843298	       0.0015389
             191	        0.842047	        0.843291	      0.00153086
             192	        0.844974	          0.8433	      0.00152291
             193	         0.84253	        0.843296	      0.00151502
             194	        0.850301	        0.843332	      0.00150764
             195	        0.855864	        0.843397	      0.00150128
             196	        0.862322	        0.843493	      0.00149672
             197	        0.786676	        0.843205	      0.00151666
             198	        0.887718	        0.843429	      0.00152557
             199	        0.899184	         0.84371	      0.00154342
             200	        0.859017	        0.843786	       0.0015376
             201	        0.791448	        0.843526	      0.00155184
             202	        0.845157	        0.843534	      0.00154418
             203	        0.876744	        0.843697	      0.00154521
             204	        0.831609	        0.843638	      0.00153877
             205	        0.834112	        0.843592	      0.00153197
             206	        0.818617	        0.843471	      0.00152932
             207	        0.853746	         0.84352	      0.00152274
             208	        0.837984	        0.843494	      0.00151565
             209	         0.83507	        0.843453	      0.00150893
             210	        0.850158	        0.843485	      0.00150209
             211	        0.874316	        0.843631	      0.00150206
             212	        0.828512	         0.84356	      0.00149667
             213	          0.8372	         0.84353	      0.00148994
             214	        0.815805	        0.843401	       0.0014886
             215	        0.834006	        0.843357	      0.00148231
             216	        0.864236	        0.843454	       0.0014786
             217	        0.847733	        0.843473	      0.00147192
             218	         0.85684	        0.843535	      0.00146644
             219	        0.829563	        0.843471	      0.00146113
             220	        0.845516	         0.84348	      0.00145452
             221	        0.810248	         0.84333	      0.00145569
             222	        0.827612	        0.843259	      0.00145085
             223	        0.840099	        0.843245	      0.00144442
             224	        0.851076	         0.84328	      0.00143839
             225	        0.843253	         0.84328	        0.001432
             226	          0.8268	        0.843207	      0.00142752
             227	        0.844797	        0.843214	      0.00142125
             228	        0.821622	        0.843119	      0.00141817
             229	        0.857786	        0.843183	      0.00141342
             230	        0.841622	        0.843176	      0.00140729
             231	        0.807674	        0.843023	      0.00140956
             232	        0.809572	        0.842878	      0.00141084
             233	        0.832905	        0.842836	      0.00140544
             234	         0.84094	        0.842827	      0.00139945
             235	        0.839935	        0.842815	      0.00139355
             236	        0.869727	        0.842929	      0.00139231
             237	        0.829671	        0.842873	      0.00138755
             238	        0.852403	        0.842913	       0.0013823
             239	        0.830326	        0.842861	      0.00137752
             240	        0.848211	        0.842883	      0.00137196
             241	        0.848189	        0.842905	      0.00136645
             242	        0.873346	        0.843031	      0.00136658
             243	        0.838809	        0.843013	      0.00136106
             244	        0.835758	        0.842984	      0.00135581
             245	        0.854735	        0.843032	      0.00135112
             246	        0.868422	        0.843135	      0.00134957
             247	        0.821885	        0.843049	      0.00134684
             248	        0.846527	        0.843063	      0.00134149
             249	        0.836555	        0.843037	      0.00133635
             250	        0.854192	        0.843081	      0.00133175
             251	        0.836819	        0.843056	      0.00132668
             252	        0.851662	         0.84309	      0.00132186
             253	        0.847566	        0.843108	      0.00131675
             254	        0.804016	        0.842954	      0.00132053
             255	        0.840372	        0.842944	      0.00131539
             256	        0.821597	        0.842861	      0.00131289
             257	        0.854425	        0.842906	      0.00130855
             258	        0.836812	        0.842882	       0.0013037
             259	        0.812992	        0.842767	      0.00130376
             260	         0.81124	        0.842645	      0.00130437
             261	        0.840105	        0.842636	      0.00129941
             262	        0.825429	         0.84257	      0.00129611
             263	        0.851256	        0.842603	       0.0012916
             264	        0.826676	        0.842543	      0.00128812
             265	        0.837237	        0.842523	      0.00128341
             266	        0.845932	        0.842536	      0.00127865
             267	        0.859085	        0.842597	      0.00127536
             268	        0.852952	        0.842636	      0.00127119
             269	        0.812375	        0.842524	      0.00127143
             270	        0.841625	         0.84252	      0.00126673
             271	        0.842775	        0.842521	      0.00126205
             272	        0.833622	        0.842489	      0.00125784
             273	        0.868788	        0.842585	      0.00125691
             274	        0.823324	        0.842515	      0.00125429
             275	        0.819305	         0.84243	      0.00125257
             276	         0.87284	         0.84254	      0.00125286
             277	        0.799898	        0.842386	      0.00125776
             278	        0.828341	        0.842336	      0.00125425
             279	        0.832406	          0.8423	      0.00125026
             280	        0.840369	        0.842293	      0.00124582
             281	        0.841693	        0.842291	      0.00124139
             282	        0.848115	        0.842312	      0.00123716
             283	        0.811011	        0.842201	      0.00123772
             284	        0.840626	        0.842196	      0.00123337
             285	        0.859281	        0.842256	       0.0012305
             286	        0.824943	        0.842195	      0.00122769
             287	        0.855296	        0.842241	      0.00122426
             288	        0.852006	        0.842275	      0.00122048
             289	        0.855839	        0.842322	      0.00121715
             290	        0.858006	        0.842376	      0.00121416
             291	        0.836679	        0.842356	      0.00121014
             292	        0.842186	        0.842356	        0.001206
             293	        0.833256	        0.842325	      0.00120228
             294	        0.876701	        0.842441	      0.00120387
             295	        0.866602	        0.842523	      0.00120257
             296	        0.856025	        0.842569	      0.00119937
             297	        0.862859	        0.842637	      0.00119728
             298	         0.82071	        0.842564	      0.00119552
             299	        0.865284	         0.84264	      0.00119393
             300	        0.813873	        0.842544	       0.0011938
             301	        0.845178	        0.842553	      0.00118986
             302	        0.830322	        0.842512	      0.00118661
             303	        0.836502	        0.842492	      0.00118286
             304	         0.84436	        0.842498	      0.00117899
             305	        0.864214	         0.84257	      0.00117727
             306	        0.846524	        0.842582	      0.00117349
             307	        0.865879	        0.842658	      0.00117212
             308	        0.832735	        0.842626	      0.00116876
             309	        0.847839	        0.842643	       0.0011651
             310	        0.832298	         0.84261	      0.00116182
             311	        0.884757	        0.842745	      0.00116596
             312	        0.855966	        0.842788	      0.00116299
             313	        0.852664	        0.842819	       0.0011597
             314	        0.844819	        0.842825	      0.00115603
             315	        0.817625	        0.842745	      0.00115512
             316	        0.807383	        0.842634	      0.00115687
             317	        0.825557	         0.84258	      0.00115448
             318	        0.852927	        0.842612	      0.00115131
             319	        0.864698	        0.842681	      0.00114978
             320	        0.820608	        0.842612	      0.00114825
             321	        0.816304	        0.842531	       0.0011476
             322	        0.856009	        0.842572	      0.00114479
             323	        0.838062	        0.842558	      0.00114134
             324	        0.819941	        0.842489	      0.00113995
             325	        0.842499	        0.842489	      0.00113644
             326	        0.825578	        0.842437	      0.00113413
             327	         0.83502	        0.842414	      0.00113089
             328	         0.80907	        0.842312	      0.00113201
             329	        0.843054	        0.842315	      0.00112857
             330	        0.863665	        0.842379	        0.001127
             331	        0.810211	        0.842282	      0.00112778
             332	        0.838381	         0.84227	      0.00112444
             333	        0.806788	        0.842164	       0.0011261
             334	        0.848416	        0.842183	      0.00112289
             335	        0.827588	        0.842139	      0.00112038
             336	        0.789231	        0.841982	      0.00112806
             337	         0.79107	         0.84183	      0.00113478
             338	        0.829346	        0.841794	      0.00113202
             339	        0.847516	         0.84181	      0.00112881
             340	        0.834273	        0.841788	      0.00112571
             341	         0.82604	        0.841742	      0.00112335
             342	        0.821529	        0.841683	      0.00112162
             343	        0.851873	        0.841713	      0.00111875
             344	        0.858741	        0.841762	      0.00111659
             345	        0.852282	        0.841793	      0.00111377
             346	         0.86004	        0.841845	       0.0011118
             347	        0.821491	        0.841787	      0.00111014
             348	        0.833836	        0.841764	      0.00110718
             349	        0.852025	        0.841793	       0.0011044
             350	        0.837091	         0.84178	      0.00110133
             351	        0.820112	        0.841718	      0.00109992
             352	        0.879231	        0.841825	      0.00110195
             353	        0.846307	        0.841837	       0.0010989
             354	        0.823904	        0.841787	      0.00109696
             355	        0.836614	        0.841772	      0.00109397
             356	        0.840484	        0.841769	       0.0010909
             357	        0.855278	        0.841806	       0.0010885
             358	        0.857253	         0.84185	      0.00108631
             359	        0.807398	        0.841754	      0.00108752
             360	        0.855619	        0.841792	      0.00108518
             361	        0.820409	        0.841733	      0.00108379
             362	        0.879485	        0.841837	       0.0010858
             363	        0.845361	        0.841847	      0.00108285
             364	          0.8332	        0.841823	      0.00108014
             365	        0.826288	        0.841781	      0.00107802
             366	        0.836087	        0.841765	      0.00107519
             367	        0.830955	        0.841736	      0.00107266
             368	        0.847854	        0.841752	      0.00106987
             369	        0.823383	        0.841702	      0.00106813
             370	        0.838843	        0.841695	      0.00106527
             371	        0.845755	        0.841706	      0.00106246
             372	        0.820195	        0.841648	      0.00106117
             373	        0.839411	        0.841642	      0.00105835
             374	        0.847888	        0.841658	      0.00105565
             375	        0.825668	        0.841616	      0.00105369
             376	        0.826155	        0.841575	      0.00105169
             377	         0.84578	        0.841586	      0.00104896
             378	        0.860484	        0.841636	      0.00104738
             379	        0.841538	        0.841636	      0.00104461
             380	        0.830716	        0.841607	      0.00104226
             381	        0.886298	        0.841724	       0.0010461
             382	        0.841687	        0.841724	      0.00104337
             383	        0.862571	        0.841779	      0.00104206
             384	         0.84511	        0.841787	      0.00103938
             385	        0.828741	        0.841753	      0.00103724
             386	         0.86125	        0.841804	      0.00103578
             387	        0.825848	        0.841763	      0.00103392
             388	        0.825309	         0.84172	      0.00103213
             389	        0.815237	        0.841652	      0.00103172
             390	        0.861482	        0.841703	      0.00103032
             391	        0.842465	        0.841705	      0.00102769
             392	        0.829216	        0.841673	      0.00102556
             393	        0.850301	        0.841695	      0.00102319
             394	        0.861591	        0.841745	      0.00102183
             395	        0.805426	        0.841654	      0.00102338
             396	        0.843336	        0.841658	       0.0010208
             397	        0.876974	        0.841747	       0.0010221
             398	        0.826223	        0.841708	      0.00102027
             399	        0.863076	        0.841761	      0.00101912
             400	        0.862555	        0.841813	       0.0010179
             401	        0.809485	        0.841733	      0.00101855
             402	        0.819476	        0.841677	      0.00101752
             403	        0.822217	        0.841629	      0.00101614
             404	        0.834788	        0.841612	      0.00101376
             405	         0.82871	         0.84158	      0.00101176
             406	        0.870564	        0.841652	      0.00101178
             407	        0.819876	        0.841598	      0.00101071
             408	        0.800047	        0.841496	      0.00101335
             409	        0.850583	        0.841518	      0.00101112
             410	        0.825219	        0.841479	      0.00100943
             411	        0.837643	        0.841469	      0.00100702
             412	        0.846456	        0.841481	      0.00100465
             413	        0.848254	        0.841498	      0.00100235
             414	        0.835023	        0.841482	      0.00100005
             415	         0.81774	        0.841425	     0.000999277
             416	        0.841082	        0.841424	     0.000996875
             417	         0.83267	        0.841403	     0.000994706
             418	        0.787439	        0.841274	      0.00100067
             419	        0.856481	         0.84131	     0.000998939
             420	        0.805764	        0.841226	      0.00100014
             421	        0.831929	        0.841204	     0.000998007
             422	        0.826366	        0.841169	     0.000996261
             423	        0.813113	        0.841102	     0.000996112
             424	        0.872388	        0.841176	     0.000996491
             425	        0.851684	        0.841201	     0.000994453
             426	        0.836797	         0.84119	     0.000992173
             427	        0.850831	        0.841213	     0.000990106
             428	        0.852459	        0.841239	     0.000988141
             429	        0.828242	        0.841209	     0.000986302
             430	        0.850105	         0.84123	     0.000984225
             431	        0.861805	        0.841277	     0.000983099
             432	        0.845374	        0.841287	     0.000980869
             433	         0.82742	        0.841255	     0.000979126
             434	         0.83706	        0.841245	     0.000976918
             435	        0.859637	        0.841287	     0.000975587
             436	         0.86222	        0.841335	      0.00097453
             437	        0.806828	        0.841256	     0.000975494
             438	        0.819764	        0.841207	       0.0009745
             439	        0.836558	        0.841197	     0.000972337
             440	        0.837963	        0.841189	     0.000970155
             441	         0.82489	        0.841153	     0.000968659
             442	        0.813879	        0.841091	     0.000968431
             443	         0.84013	        0.841089	     0.000966247
             444	        0.841916	        0.841091	     0.000964073
             445	        0.821634	        0.841047	     0.000962897
             446	        0.827457	        0.841016	      0.00096122
             447	        0.820493	         0.84097	     0.000960166
             448	        0.816865	        0.840917	     0.000959529
             449	        0.858583	        0.840956	     0.000958199
             450	        0.842471	        0.840959	     0.000956075
             451	        0.805653	        0.840881	     0.000957155
             452	        0.822716	        0.840841	     0.000955881
             453	         0.86387	        0.840892	     0.000955121
             454	        0.852155	        0.840916	      0.00095334
             455	        0.800124	        0.840827	     0.000955451
             456	        0.818133	        0.840777	     0.000954651
             457	        0.847839	        0.840793	     0.000952687
             458	        0.841929	        0.840795	      0.00095061
             459	        0.852127	         0.84082	     0.000948859
             460	        0.853386	        0.840847	      0.00094719
             461	        0.834933	        0.840834	     0.000945222
             462	        0.847259	        0.840848	     0.000943278
             463	        0.840223	        0.840847	     0.000941242
             464	        0.839445	        0.840844	     0.000939218
             465	        0.834332	         0.84083	     0.000937303
             466	         0.82844	        0.840803	     0.000935669
             467	        0.882912	        0.840893	        0.000938
             468	         0.84173	        0.840895	     0.000935997
             469	         0.85155	        0.840918	     0.000934277
             470	        0.818375	         0.84087	     0.000933519
             471	        0.826248	        0.840839	     0.000932054
             472	         0.83929	        0.840836	     0.000930085
             473	        0.857631	        0.840871	     0.000928796
             474	        0.822964	        0.840833	     0.000927604
             475	        0.863225	         0.84088	     0.000926849
             476	        0.886561	        0.840976	     0.000929856
             477	         0.83986	        0.840974	      0.00092791
             478	        0.878031	        0.841052	     0.000929202
             479	        0.866571	        0.841105	     0.000928788
             480	        0.850195	        0.841124	     0.000927046
             481	        0.850223	        0.841143	     0.000925312
             482	        0.827126	        0.841114	     0.000923849
             483	        0.831101	        0.841093	     0.000922169
             484	         0.82075	        0.841051	     0.000921221
             485	         0.86485	          0.8411	     0.000920627
             486	         0.83191	        0.841081	     0.000918927
             487	        0.832713	        0.841064	     0.000917201
             488	        0.846186	        0.841074	     0.000915381
             489	        0.841358	        0.841075	     0.000913509
             490	        0.862016	        0.841118	     0.000912644
             491	        0.828074	        0.841091	     0.000911172
             492	        0.839805	        0.841088	     0.000909324
             493	        0.850667	        0.841108	     0.000907687
             494	        0.852406	        0.841131	     0.000906138
             495	         0.82738	        0.841103	     0.000904733
             496	        0.848986	        0.841119	     0.000903048
             497	        0.844236	        0.841125	     0.000901253
             498	        0.857228	        0.841157	     0.000900023
             499	        0.849693	        0.841175	     0.000898382
             500	          0.8228	        0.841138	     0.000897337
