#     BLOCK:   ACTUAL_CV:    CV_AVE:      ERROR:
           1	    0.136372	    0.136372	           0
           2	    0.135998	    0.136185	 0.000132203
           3	    0.136455	    0.136275	 0.000114732
           4	    0.134532	    0.135839	 0.000387063
           5	    0.136544	     0.13598	 0.000334368
           6	    0.133322	    0.135537	 0.000491112
           7	    0.133722	    0.135278	 0.000484622
           8	    0.132752	    0.134962	 0.000516743
           9	    0.130797	    0.134499	 0.000633531
          10	    0.135894	    0.134639	 0.000585326
          11	    0.131122	    0.134319	 0.000613258
          12	    0.135737	    0.134437	 0.000573421
          13	    0.133292	    0.134349	 0.000536032
          14	    0.128866	    0.133957	 0.000624657
          15	    0.135502	     0.13406	 0.000591445
          16	    0.133817	    0.134045	 0.000554675
          17	    0.133377	    0.134006	 0.000523438
          18	    0.134551	    0.134036	 0.000495233
          19	    0.136662	    0.134174	 0.000488077
          20	    0.134946	    0.134213	 0.000465195
          21	    0.134431	    0.134223	 0.000443159
          22	    0.132411	    0.134141	 0.000430602
          23	    0.134682	    0.134164	 0.000412523
          24	    0.131809	    0.134066	 0.000406847
          25	    0.135283	    0.134115	 0.000393474
          26	    0.135157	    0.134155	 0.000380375
          27	    0.133163	    0.134118	 0.000368059
          28	    0.133389	    0.134092	 0.000355835
          29	    0.132159	    0.134026	 0.000349751
          30	     0.13396	    0.134023	   0.0003381
          31	     0.13139	    0.133938	 0.000337699
          32	     0.13578	    0.133996	 0.000332011
          33	    0.134849	    0.134022	 0.000322954
          34	    0.136988	    0.134109	 0.000325021
          35	    0.136267	    0.134171	 0.000321528
          36	    0.135645	    0.134212	 0.000315194
          37	    0.136366	     0.13427	 0.000312007
          38	    0.133353	    0.134246	 0.000304727
          39	    0.131304	     0.13417	 0.000306104
          40	    0.133368	     0.13415	 0.000299108
          41	    0.135307	    0.134178	  0.00029314
          42	    0.134001	    0.134174	 0.000286191
          43	    0.134923	    0.134192	 0.000280065
          44	    0.134887	    0.134207	 0.000274145
          45	    0.134129	    0.134206	 0.000268059
          46	    0.132488	    0.134168	 0.000264819
          47	    0.135163	     0.13419	 0.000260028
          48	    0.132493	    0.134154	 0.000257003
          49	    0.132367	    0.134118	 0.000254332
          50	    0.133408	    0.134104	  0.00024964
          51	    0.132296	    0.134068	  0.00024725
          52	    0.133361	    0.134055	 0.000242869
          53	    0.136811	    0.134107	 0.000243789
          54	    0.132726	    0.134081	 0.000240612
          55	    0.132518	    0.134053	  0.00023791
          56	    0.134284	    0.134057	 0.000233698
          57	     0.12982	    0.133982	  0.00024113
          58	    0.131691	    0.133943	 0.000240188
          59	    0.135286	    0.133966	 0.000237194
          60	    0.136942	    0.134015	 0.000238373
          61	    0.133521	    0.134007	 0.000234602
          62	    0.133062	    0.133992	 0.000231313
          63	    0.134882	    0.134006	 0.000228072
          64	    0.134811	    0.134019	 0.000224855
          65	    0.132857	    0.134001	 0.000222104
          66	    0.131834	    0.133968	 0.000221152
          67	     0.13561	    0.133992	 0.000219205
          68	    0.132815	    0.133975	 0.000216665
          69	    0.133044	    0.133962	 0.000213945
          70	    0.133845	     0.13396	 0.000210895
          71	    0.131865	     0.13393	 0.000209978
          72	    0.134273	    0.133935	 0.000207115
          73	    0.130389	    0.133887	 0.000209897
          74	    0.135734	    0.133912	 0.000208541
          75	    0.132535	    0.133893	 0.000206567
          76	    0.133492	    0.133888	 0.000203916
          77	    0.134064	     0.13389	 0.000201281
          78	    0.135036	    0.133905	 0.000199236
          79	    0.133206	    0.133896	  0.00019691
          80	    0.135997	    0.133922	 0.000196193
          81	    0.136997	     0.13396	  0.00019741
          82	    0.137668	    0.134005	 0.000200113
          83	    0.134801	    0.134015	 0.000197931
          84	    0.136604	    0.134046	  0.00019796
          85	     0.13572	    0.134066	 0.000196609
          86	    0.135514	    0.134082	 0.000195043
          87	    0.131903	    0.134057	 0.000194403
          88	    0.131563	    0.134029	  0.00019425
          89	    0.134563	    0.134035	  0.00019216
          90	     0.13338	    0.134028	 0.000190163
          91	    0.134973	    0.134038	 0.000188357
          92	    0.132449	    0.134021	   0.0001871
          93	    0.131291	    0.133991	 0.000187376
          94	    0.134657	    0.133999	 0.000185517
          95	    0.136175	    0.134021	 0.000184973
          96	    0.132228	    0.134003	 0.000183987
          97	    0.133668	    0.133999	 0.000182123
          98	    0.133036	     0.13399	 0.000180529
          99	    0.137054	     0.13402	  0.00018134
         100	    0.137101	    0.134051	 0.000182124
