#     BLOCK:   ACTUAL_CV:    CV_AVE:      ERROR:
           1	    0.130233	    0.130233	           0
           2	    0.127115	    0.128674	  0.00110236
           3	    0.117387	    0.124912	   0.0031587
           4	    0.137277	    0.128003	  0.00357479
           5	     0.12079	     0.12656	  0.00313744
           6	    0.125584	    0.126398	  0.00261875
           7	    0.122951	    0.125905	  0.00229047
           8	    0.131089	    0.126553	   0.0020938
           9	    0.116085	     0.12539	   0.0021602
          10	    0.113846	    0.124236	  0.00223143
          11	    0.115882	    0.123476	  0.00215393
          12	    0.123294	    0.123461	  0.00197449
          13	     0.12718	    0.123747	  0.00184322
          14	    0.118522	    0.123374	  0.00174894
          15	    0.123388	    0.123375	  0.00163234
          16	    0.123966	    0.123412	  0.00153074
          17	    0.126517	    0.123594	  0.00145155
          18	    0.119262	    0.123354	  0.00139072
          19	    0.124141	    0.123395	  0.00131814
          20	    0.130466	    0.123749	  0.00129878
          21	    0.118681	    0.123507	  0.00125915
          22	    0.122916	     0.12348	  0.00120221
          23	    0.121855	     0.12341	  0.00115201
          24	    0.133878	    0.123846	  0.00118371
          25	     0.12821	    0.124021	  0.00114916
          26	    0.128565	    0.124195	  0.00111818
          27	    0.127235	    0.124308	  0.00108242
          28	     0.12514	    0.124338	  0.00104417
          29	    0.126077	    0.124398	  0.00100988
          30	    0.111732	    0.123975	   0.0010608
          31	    0.121601	    0.123899	  0.00102935
          32	    0.121343	    0.123819	  0.00100027
          33	    0.121686	    0.123754	 0.000972046
          34	      0.1149	    0.123494	 0.000977716
          35	    0.128986	    0.123651	 0.000962292
          36	    0.131085	    0.123857	 0.000957464
          37	    0.128043	    0.123971	 0.000938247
          38	    0.123789	    0.123966	 0.000913568
          39	      0.1229	    0.123938	 0.000890553
          40	    0.119131	    0.123818	 0.000876361
          41	    0.118223	    0.123682	 0.000865545
          42	    0.136984	    0.123998	 0.000901022
          43	    0.118182	    0.123863	 0.000890164
          44	    0.124955	    0.123888	 0.000870279
          45	    0.122878	    0.123866	 0.000851228
          46	    0.118852	    0.123757	 0.000839673
          47	    0.120651	    0.123691	 0.000824404
          48	    0.125209	    0.123722	 0.000807836
          49	    0.130445	    0.123859	 0.000802916
          50	    0.125493	    0.123892	 0.000787523
          51	    0.116216	    0.123742	 0.000786334
          52	    0.126101	    0.123787	 0.000772519
          53	    0.127998	    0.123866	 0.000762019
          54	     0.12264	    0.123844	 0.000748246
          55	    0.122812	    0.123825	 0.000734876
          56	    0.122693	    0.123805	 0.000722031
          57	    0.118261	    0.123707	 0.000715884
          58	    0.123564	    0.123705	 0.000703545
          59	    0.113863	    0.123538	 0.000711123
          60	    0.116895	    0.123427	 0.000707838
          61	    0.125553	    0.123462	 0.000697091
          62	    0.118063	    0.123375	 0.000691266
          63	    0.115977	    0.123258	 0.000690197
          64	    0.123415	     0.12326	 0.000679417
          65	     0.12769	    0.123328	 0.000672374
          66	    0.113423	    0.123178	 0.000678729
          67	    0.127926	    0.123249	 0.000672288
          68	    0.130989	    0.123363	 0.000671967
          69	    0.126143	    0.123403	 0.000663435
          70	      0.1139	    0.123267	 0.000667704
          71	    0.119606	    0.123216	 0.000660288
          72	    0.126595	    0.123263	 0.000652784
          73	      0.1241	    0.123274	 0.000643942
          74	    0.113824	    0.123147	 0.000647779
          75	     0.11967	      0.1231	 0.000640799
          76	    0.123736	    0.123109	 0.000632422
          77	    0.123058	    0.123108	 0.000624209
          78	    0.121942	    0.123093	 0.000616385
          79	    0.125738	    0.123126	 0.000609491
          80	     0.11356	    0.123007	 0.000613493
          81	    0.127204	    0.123059	 0.000608103
          82	    0.126362	    0.123099	 0.000602019
          83	    0.131065	    0.123195	 0.000602367
          84	    0.132896	     0.12331	 0.000606166
          85	    0.125925	    0.123341	 0.000599814
          86	    0.116759	    0.123265	 0.000597703
          87	    0.122212	    0.123253	 0.000590955
          88	    0.122193	    0.123241	 0.000584362
          89	    0.127761	    0.123291	 0.000579999
          90	    0.120638	    0.123262	 0.000574303
          91	    0.122253	    0.123251	 0.000568099
          92	    0.129807	    0.123322	 0.000566377
          93	    0.128606	    0.123379	  0.00056313
          94	    0.122204	    0.123366	 0.000557278
          95	    0.126516	      0.1234	 0.000552397
          96	    0.122908	    0.123394	 0.000546667
          97	     0.12804	    0.123442	 0.000543125
          98	    0.127485	    0.123484	 0.000539148
          99	    0.127787	    0.123527	 0.000535451
         100	    0.125612	    0.123548	 0.000530503
