#     BLOCK:   ACTUAL_TE:    TE_AVE:      ERROR:
           1	    -0.35949	    -0.35949	           0
           2	   -0.362147	   -0.360819	 0.000939321
           3	   -0.364826	   -0.362155	  0.00125771
           4	   -0.361331	   -0.361949	 0.000959984
           5	   -0.363358	   -0.362231	 0.000808279
           6	   -0.359575	   -0.361788	 0.000785434
           7	   -0.362426	   -0.361879	 0.000678504
           8	   -0.364602	    -0.36222	 0.000673645
           9	   -0.353262	   -0.361224	  0.00111317
          10	   -0.358947	   -0.360996	  0.00102488
          11	   -0.352385	   -0.360214	  0.00119384
          12	   -0.354793	   -0.359762	  0.00117672
          13	   -0.358289	   -0.359649	  0.00109165
          14	   -0.365487	   -0.360066	  0.00109043
          15	   -0.354362	   -0.359685	  0.00108201
          16	   -0.363606	    -0.35993	  0.00104176
          17	   -0.366794	   -0.360334	  0.00105581
          18	   -0.359452	   -0.360285	  0.00099829
          19	   -0.361301	   -0.360339	 0.000947179
          20	   -0.347346	   -0.359689	  0.00110028
          21	   -0.354102	   -0.359423	  0.00107957
          22	   -0.368722	   -0.359846	  0.00111016
          23	   -0.365647	   -0.360098	  0.00109017
          24	   -0.363086	   -0.360222	  0.00105183
          25	   -0.359753	   -0.360204	  0.00100993
          26	   -0.357088	   -0.360084	 0.000978168
          27	   -0.362768	   -0.360183	 0.000946978
          28	   -0.354864	   -0.359993	 0.000932017
          29	   -0.357085	   -0.359893	 0.000905258
          30	   -0.356289	   -0.359773	 0.000883018
          31	   -0.350355	   -0.359469	 0.000905285
          32	   -0.354035	   -0.359299	 0.000892777
          33	    -0.35657	   -0.359216	 0.000869547
          34	   -0.357858	   -0.359176	  0.00084489
          35	   -0.349065	   -0.358888	 0.000868741
          36	   -0.355124	   -0.358783	 0.000850877
          37	   -0.356733	   -0.358728	 0.000829682
          38	    -0.36066	   -0.358778	 0.000809405
          39	   -0.355031	   -0.358682	 0.000794334
          40	   -0.352504	   -0.358528	  0.00078935
          41	   -0.361639	   -0.358604	 0.000773737
          42	    -0.35963	   -0.358628	   0.0007557
          43	   -0.355927	   -0.358565	 0.000740731
          44	   -0.352886	   -0.358436	 0.000735058
          45	   -0.352491	   -0.358304	   0.0007305
          46	   -0.356673	   -0.358269	  0.00071548
          47	    -0.35911	   -0.358287	 0.000700481
          48	    -0.36376	   -0.358401	 0.000695107
          49	    -0.35224	   -0.358275	 0.000692198
          50	   -0.353978	   -0.358189	 0.000683669
          51	   -0.369739	   -0.358415	  0.00070678
          52	   -0.355842	   -0.358366	 0.000694918
          53	   -0.354503	   -0.358293	 0.000685618
          54	   -0.358492	   -0.358297	 0.000672931
          55	   -0.352661	   -0.358194	 0.000668453
          56	   -0.356705	   -0.358168	 0.000657045
          57	     -0.3588	   -0.358179	 0.000645612
          58	   -0.358955	   -0.358192	 0.000634619
          59	   -0.364742	   -0.358303	 0.000633497
          60	   -0.359173	   -0.358318	 0.000623105
          61	   -0.366357	   -0.358449	 0.000626672
          62	   -0.361058	   -0.358492	 0.000617975
          63	   -0.352478	   -0.358396	 0.000615495
          64	   -0.357994	    -0.35839	  0.00060591
          65	   -0.365871	   -0.358505	 0.000607422
          66	     -0.3563	   -0.358472	 0.000599136
          67	   -0.359417	   -0.358486	  0.00059036
          68	   -0.362821	   -0.358549	 0.000585111
          69	   -0.364161	   -0.358631	 0.000582255
          70	   -0.363446	   -0.358699	 0.000577986
          71	   -0.359843	   -0.358716	  0.00057007
          72	   -0.356141	    -0.35868	 0.000563272
          73	   -0.364702	   -0.358762	 0.000561566
          74	   -0.359984	   -0.358779	  0.00055422
          75	   -0.366913	   -0.358887	  0.00055734
          76	   -0.359232	   -0.358892	 0.000550025
          77	   -0.361089	    -0.35892	 0.000543622
          78	   -0.352935	   -0.358844	 0.000542041
          79	   -0.363254	   -0.358899	 0.000538047
          80	   -0.361578	   -0.358933	 0.000532362
          81	    -0.36261	   -0.358978	 0.000527721
          82	   -0.368691	   -0.359097	 0.000534414
          83	    -0.36694	   -0.359191	 0.000536264
          84	   -0.359339	   -0.359193	 0.000529883
          85	   -0.354543	   -0.359138	 0.000526465
          86	   -0.364983	   -0.359206	 0.000524712
          87	   -0.366505	    -0.35929	 0.000525345
          88	   -0.357069	   -0.359265	 0.000519981
          89	    -0.36869	   -0.359371	 0.000524812
          90	    -0.37011	    -0.35949	 0.000532374
          91	   -0.359406	   -0.359489	 0.000526525
          92	   -0.352318	   -0.359411	 0.000526541
          93	   -0.367857	   -0.359502	 0.000528652
          94	    -0.36878	   -0.359601	 0.000532162
          95	   -0.357254	   -0.359576	 0.000527133
          96	   -0.354224	    -0.35952	 0.000524582
          97	   -0.361706	   -0.359543	 0.000519658
          98	   -0.369258	   -0.359642	 0.000523727
          99	   -0.350541	    -0.35955	 0.000526443
         100	   -0.356678	   -0.359521	 0.000521961
