#     BLOCK:   ACTUAL_CV:    CV_AVE:      ERROR:
           1	 5.44009e-11	 5.44009e-11	           0
           2	 5.44009e-11	 5.44009e-11	           0
           3	 5.44009e-11	 5.44009e-11	           0
           4	 5.44009e-11	 5.44009e-11	           0
           5	 5.44009e-11	 5.44009e-11	           0
           6	 5.44009e-11	 5.44009e-11	           0
           7	 5.44009e-11	 5.44009e-11	           0
           8	 5.44009e-11	 5.44009e-11	           0
           9	 5.44009e-11	 5.44009e-11	           0
          10	 5.44009e-11	 5.44009e-11	           0
          11	 5.44009e-11	 5.44009e-11	           0
          12	 5.44009e-11	 5.44009e-11	           0
          13	 5.44009e-11	 5.44009e-11	           0
          14	 5.44009e-11	 5.44009e-11	           0
          15	 5.44009e-11	 5.44009e-11	           0
          16	 5.44009e-11	 5.44009e-11	           0
          17	 5.44009e-11	 5.44009e-11	           0
          18	 5.44009e-11	 5.44009e-11	           0
          19	 5.44009e-11	 5.44009e-11	           0
          20	 5.44009e-11	 5.44009e-11	           0
          21	 5.44009e-11	 5.44009e-11	           0
          22	 5.44009e-11	 5.44009e-11	           0
          23	 5.44009e-11	 5.44009e-11	           0
          24	 5.44009e-11	 5.44009e-11	           0
          25	 5.44009e-11	 5.44009e-11	           0
          26	 5.44009e-11	 5.44009e-11	           0
          27	 5.44009e-11	 5.44009e-11	           0
          28	 5.44009e-11	 5.44009e-11	           0
          29	 5.44009e-11	 5.44009e-11	           0
          30	 5.44009e-11	 5.44009e-11	           0
          31	 5.44009e-11	 5.44009e-11	           0
          32	 5.44009e-11	 5.44009e-11	           0
          33	 5.44009e-11	 5.44009e-11	           0
          34	 5.44009e-11	 5.44009e-11	           0
          35	 5.44009e-11	 5.44009e-11	           0
          36	 5.44009e-11	 5.44009e-11	           0
          37	 5.44009e-11	 5.44009e-11	           0
          38	 5.44009e-11	 5.44009e-11	           0
          39	 5.44009e-11	 5.44009e-11	           0
          40	 5.44009e-11	 5.44009e-11	           0
          41	 5.44009e-11	 5.44009e-11	           0
          42	 5.44009e-11	 5.44009e-11	           0
          43	 5.44009e-11	 5.44009e-11	           0
          44	 5.44009e-11	 5.44009e-11	           0
          45	 5.44009e-11	 5.44009e-11	           0
          46	 5.44009e-11	 5.44009e-11	           0
          47	 5.44009e-11	 5.44009e-11	           0
          48	 5.44009e-11	 5.44009e-11	           0
          49	 5.44009e-11	 5.44009e-11	           0
          50	 5.44009e-11	 5.44009e-11	           0
          51	 5.44009e-11	 5.44009e-11	           0
          52	 5.44009e-11	 5.44009e-11	           0
          53	 5.44009e-11	 5.44009e-11	           0
          54	 5.44009e-11	 5.44009e-11	           0
          55	 5.44009e-11	 5.44009e-11	           0
          56	 5.44009e-11	 5.44009e-11	           0
          57	 5.44009e-11	 5.44009e-11	           0
          58	 5.44009e-11	 5.44009e-11	           0
          59	 5.44009e-11	 5.44009e-11	           0
          60	 5.44009e-11	 5.44009e-11	           0
          61	 5.44009e-11	 5.44009e-11	           0
          62	 5.44009e-11	 5.44009e-11	           0
          63	 5.44009e-11	 5.44009e-11	           0
          64	 5.44009e-11	 5.44009e-11	           0
          65	 5.44009e-11	 5.44009e-11	           0
          66	 5.44009e-11	 5.44009e-11	           0
          67	 5.44009e-11	 5.44009e-11	           0
          68	 5.44009e-11	 5.44009e-11	           0
          69	 5.44009e-11	 5.44009e-11	           0
          70	 5.44009e-11	 5.44009e-11	           0
          71	 5.44009e-11	 5.44009e-11	           0
          72	 5.44009e-11	 5.44009e-11	           0
          73	 5.44009e-11	 5.44009e-11	           0
          74	 5.44009e-11	 5.44009e-11	           0
          75	 5.44009e-11	 5.44009e-11	           0
          76	 5.44009e-11	 5.44009e-11	           0
          77	 5.44009e-11	 5.44009e-11	           0
          78	 5.44009e-11	 5.44009e-11	           0
          79	 5.44009e-11	 5.44009e-11	           0
          80	 5.44009e-11	 5.44009e-11	           0
          81	 5.44009e-11	 5.44009e-11	           0
          82	 5.44009e-11	 5.44009e-11	           0
          83	 5.44009e-11	 5.44009e-11	           0
          84	 5.44009e-11	 5.44009e-11	           0
          85	 5.44009e-11	 5.44009e-11	           0
          86	 5.44009e-11	 5.44009e-11	           0
          87	 5.44009e-11	 5.44009e-11	           0
          88	 5.44009e-11	 5.44009e-11	           0
          89	 5.44009e-11	 5.44009e-11	           0
          90	 5.44009e-11	 5.44009e-11	           0
          91	 5.44009e-11	 5.44009e-11	           0
          92	 5.44009e-11	 5.44009e-11	           0
          93	 5.44009e-11	 5.44009e-11	           0
          94	 5.44009e-11	 5.44009e-11	           0
          95	 5.44009e-11	 5.44009e-11	           0
          96	 5.44009e-11	 5.44009e-11	           0
          97	 5.44009e-11	 5.44009e-11	           0
          98	 5.44009e-11	 5.44009e-11	           0
          99	 5.44009e-11	 5.44009e-11	           0
         100	 5.44009e-11	 5.44009e-11	           0
