#     BLOCK:   ACTUAL_CV:    CV_AVE:      ERROR:
           1	    0.132066	    0.132066	           0
           2	    0.134212	    0.133139	 0.000758816
           3	    0.129884	    0.132054	  0.00102014
           4	    0.134863	    0.132756	 0.000977368
           5	    0.118968	    0.129998	   0.0025874
           6	    0.133827	    0.130637	  0.00223347
           7	     0.11941	    0.129033	  0.00242276
           8	    0.130878	    0.129263	  0.00213087
           9	    0.118532	    0.128071	  0.00220259
          10	    0.120398	    0.127304	  0.00211176
          11	    0.114437	    0.126134	   0.0022202
          12	    0.126862	    0.126195	  0.00203602
          13	    0.130242	    0.126506	  0.00190305
          14	    0.119126	    0.125979	  0.00183868
          15	    0.133234	    0.126463	  0.00177859
          16	    0.125897	    0.126427	  0.00166778
          17	    0.125979	    0.126401	  0.00156988
          18	    0.120951	    0.126098	  0.00151158
          19	    0.128386	    0.126219	  0.00143681
          20	    0.124269	    0.126121	  0.00136827
          21	    0.131754	    0.126389	  0.00132915
          22	    0.127746	    0.126451	  0.00127016
          23	    0.115492	    0.125975	  0.00130124
          24	    0.127958	    0.126057	  0.00124964
          25	    0.122186	    0.125902	  0.00120921
          26	    0.117113	    0.125564	  0.00120904
          27	    0.124586	    0.125528	   0.0011648
          28	    0.116527	    0.125207	  0.00116672
          29	    0.126882	    0.125264	  0.00112791
          30	    0.114213	    0.124896	  0.00114889
          31	    0.132312	    0.125135	  0.00113647
          32	    0.126336	    0.125173	  0.00110157
          33	    0.122134	    0.125081	  0.00107204
          34	    0.124145	    0.125053	  0.00104086
          35	    0.134339	    0.125318	  0.00104438
          36	    0.137521	    0.125657	  0.00106896
          37	    0.133327	    0.125865	  0.00105998
          38	    0.127058	    0.125896	  0.00103255
          39	    0.125898	    0.125896	  0.00100608
          40	    0.120814	    0.125769	 0.000988916
          41	    0.110773	    0.125403	  0.00103022
          42	    0.129346	    0.125497	  0.00100996
          43	    0.117265	    0.125306	  0.00100445
          44	    0.128253	    0.125373	 0.000983856
          45	     0.13151	    0.125509	   0.0009714
          46	    0.115377	    0.125289	 0.000974938
          47	    0.122542	     0.12523	 0.000955944
          48	    0.122458	    0.125173	 0.000937771
          49	    0.140639	    0.125488	 0.000970301
          50	    0.129427	    0.125567	 0.000954087
          51	    0.119517	    0.125448	 0.000942725
          52	    0.128606	    0.125509	 0.000926549
          53	    0.121989	    0.125443	 0.000911444
          54	    0.131925	    0.125563	 0.000902436
          55	      0.1298	     0.12564	 0.000889311
          56	     0.12896	    0.125699	 0.000875405
          57	    0.114225	    0.125498	  0.00088289
          58	    0.122449	    0.125445	 0.000869231
          59	    0.121049	    0.125371	 0.000857686
          60	    0.119967	    0.125281	 0.000848107
          61	    0.125503	    0.125284	 0.000834212
          62	    0.127662	    0.125323	 0.000821638
          63	    0.124697	    0.125313	 0.000808656
          64	    0.126114	    0.125325	 0.000796117
          65	    0.127598	     0.12536	 0.000784637
          66	    0.124166	    0.125342	 0.000772957
          67	    0.128565	     0.12539	 0.000762916
          68	    0.131703	    0.125483	 0.000757323
          69	    0.123265	    0.125451	 0.000747029
          70	    0.111735	    0.125255	 0.000761622
          71	    0.122987	    0.125223	 0.000751564
          72	    0.124193	    0.125209	 0.000741262
          73	    0.122773	    0.125175	 0.000731858
          74	     0.12024	    0.125109	    0.000725
          75	     0.13484	    0.125238	 0.000726851
          76	    0.129145	     0.12529	 0.000719102
          77	    0.130926	    0.125363	 0.000713478
          78	    0.135578	    0.125494	  0.00071625
          79	    0.119573	    0.125419	 0.000711094
          80	    0.119448	    0.125344	 0.000706111
          81	    0.129823	      0.1254	 0.000699554
          82	     0.12912	    0.125445	 0.000692493
          83	    0.129698	    0.125496	 0.000686043
          84	    0.129027	    0.125538	 0.000679162
          85	    0.131944	    0.125614	 0.000675339
          86	    0.122487	    0.125577	 0.000668464
          87	    0.124762	    0.125568	 0.000660846
          88	    0.120052	    0.125505	 0.000656303
          89	    0.118544	    0.125427	 0.000653573
          90	    0.126616	     0.12544	 0.000646445
          91	    0.123627	     0.12542	 0.000639648
          92	    0.140452	    0.125584	 0.000653229
          93	    0.139013	    0.125728	 0.000661974
          94	    0.125446	    0.125725	 0.000654939
          95	    0.128712	    0.125757	 0.000648799
          96	    0.113142	    0.125625	 0.000655212
          97	    0.133507	    0.125706	 0.000653477
          98	    0.126913	    0.125719	 0.000646924
          99	    0.136096	    0.125824	 0.000648826
         100	    0.130131	    0.125867	 0.000643766
