#     BLOCK:   ACTUAL_M:     M_AVE:       ERROR:
               1	          0.0112	          0.0112	               0
               2	         0.01512	         0.01316	      0.00138593
               3	         0.02464	       0.0169867	      0.00325821
               4	          0.0136	         0.01614	      0.00255129
               5	         0.04544	           0.022	      0.00562472
               6	          0.0298	          0.0233	      0.00483517
               7	         0.02544	       0.0236057	      0.00415408
               8	         0.00996	          0.0219	       0.0039696
               9	         0.01428	       0.0210533	       0.0036177
              10	         0.00972	         0.01992	      0.00342886
              11	         0.02128	       0.0200436	      0.00311937
              12	         0.01676	         0.01977	       0.0028714
              13	         0.00872	         0.01892	      0.00277348
              14	         0.02508	         0.01936	      0.00261004
              15	         0.02484	       0.0197253	      0.00246148
              16	         0.00444	         0.01877	      0.00248612
              17	          0.0354	       0.0197482	      0.00252501
              18	          -0.005	       0.0183733	      0.00273355
              19	         0.01584	         0.01824	      0.00259293
              20	         0.01344	           0.018	      0.00247436
              21	        -0.00548	       0.0168819	       0.0025969
              22	         -0.0204	       0.0151873	      0.00298093
              23	         0.03284	       0.0159548	      0.00294848
              24	          0.0228	         0.01624	      0.00283939
              25	         0.02148	       0.0164496	      0.00273354
              26	         0.00872	       0.0161523	      0.00264452
              27	         0.01296	       0.0160341	      0.00254921
              28	          0.0392	       0.0168614	      0.00258895
              29	         0.00516	       0.0164579	      0.00253093
              30	          0.0238	       0.0167027	      0.00245837
              31	         0.06152	       0.0181484	      0.00277176
              32	         0.03496	       0.0186737	      0.00273447
              33	         0.02632	       0.0189055	      0.00266141
              34	         0.01744	       0.0188624	      0.00258348
              35	         0.00296	        0.018408	      0.00254931
              36	          0.0228	         0.01853	      0.00248141
              37	          0.0768	       0.0201049	      0.00287093
              38	        -0.01288	       0.0192368	      0.00292366
              39	         0.02864	       0.0194779	      0.00285862
              40	         0.02068	        0.019508	      0.00278731
              41	          0.0354	       0.0198956	      0.00274615
              42	          0.0378	       0.0203219	      0.00271365
              43	         0.02312	        0.020387	      0.00265132
              44	         0.01312	       0.0202218	       0.0025962
              45	          0.0424	       0.0207147	      0.00258486
              46	         0.03748	       0.0210791	      0.00255424
              47	         0.01776	       0.0210085	      0.00250087
              48	        -0.00412	        0.020485	      0.00250296
              49	          0.0286	       0.0206506	      0.00245735
              50	         0.01672	        0.020572	      0.00240946
              51	          0.0154	       0.0204706	      0.00236435
              52	         0.01912	       0.0204446	      0.00231903
              53	         0.00416	       0.0201374	      0.00229553
              54	         0.02472	       0.0202222	      0.00225459
              55	         0.03824	       0.0205498	      0.00223727
              56	         0.01572	       0.0204636	      0.00219898
              57	         -0.0128	         0.01988	       0.0022365
              58	         0.00436	       0.0196124	      0.00221389
              59	         0.01404	        0.019518	      0.00217838
              60	         0.00464	         0.01927	      0.00215614
              61	         0.01412	       0.0191856	      0.00212245
              62	        -0.01468	       0.0186394	      0.00215735
              63	         0.00332	       0.0183962	      0.00213677
              64	         0.02084	       0.0184344	      0.00210372
              65	         0.01176	       0.0183317	      0.00207386
              66	         0.00452	       0.0181224	      0.00205297
              67	         0.00028	       0.0178561	      0.00203953
              68	         0.01928	       0.0178771	      0.00200964
              69	         0.02168	       0.0179322	      0.00198128
              70	         0.02012	       0.0179634	      0.00195322
              71	        -0.00792	       0.0175989	      0.00195943
              72	          0.0328	         0.01781	      0.00194356
              73	         0.02604	       0.0179227	       0.0019202
              74	         0.00984	       0.0178135	      0.00189736
              75	         0.04452	       0.0181696	      0.00190518
              76	         0.02668	       0.0182816	       0.0018834
              77	         0.01872	       0.0182873	      0.00185895
              78	         0.01188	       0.0182051	      0.00183693
              79	         0.03936	       0.0184729	      0.00183309
              80	         0.02728	        0.018583	      0.00181348
              81	         0.02752	       0.0186933	      0.00179445
              82	          0.0084	       0.0185678	      0.00177695
              83	        -0.00436	       0.0182916	      0.00177688
              84	         0.04368	       0.0185938	      0.00178125
              85	         0.01788	       0.0185854	      0.00176031
              86	         0.00808	       0.0184633	      0.00174408
              87	          0.0058	       0.0183177	      0.00173009
              88	        -0.00496	       0.0180532	      0.00173054
              89	         0.01976	       0.0180724	       0.0017112
              90	         0.03492	       0.0182596	      0.00170239
              91	         0.01168	       0.0181873	      0.00168522
              92	         0.02168	       0.0182252	      0.00166733
              93	         0.01344	       0.0181738	       0.0016502
              94	         0.00456	       0.0180289	      0.00163898
              95	         0.02744	        0.018128	      0.00162472
              96	        -0.00352	       0.0179025	      0.00162337
              97	         0.00192	       0.0177377	      0.00161498
              98	         0.00892	       0.0176478	        0.001601
              99	        -0.01324	       0.0173358	      0.00161494
             100	         0.00204	       0.0171828	      0.00160602
             101	         0.00152	       0.0170277	      0.00159759
             102	           0.027	       0.0171255	      0.00158492
             103	         0.01496	       0.0171045	      0.00156967
             104	         0.00292	       0.0169681	      0.00156049
             105	         0.02176	       0.0170137	      0.00154629
             106	          0.0012	       0.0168645	      0.00153889
             107	         0.00444	       0.0167484	      0.00152888
             108	         0.00624	       0.0166511	      0.00151782
             109	         0.02432	       0.0167215	      0.00150552
             110	         0.00124	       0.0165807	       0.0014984
             111	         0.01596	       0.0165751	      0.00148491
             112	         0.02712	       0.0166693	      0.00147463
             113	         -0.0082	       0.0164492	      0.00147792
             114	         0.01832	       0.0164656	      0.00146504
             115	         0.00104	       0.0163315	      0.00145843
             116	         0.01348	       0.0163069	      0.00144606
             117	         0.02948	       0.0164195	      0.00143808
             118	         0.01224	       0.0163841	      0.00142633
             119	         0.01344	       0.0163593	      0.00141456
             120	          0.0008	       0.0162297	       0.0014087
             121	        -0.00224	        0.016077	       0.0014053
             122	        -0.00108	       0.0159364	       0.0014008
             123	         0.01972	       0.0159672	      0.00138975
             124	          0.0378	       0.0161432	      0.00138965
             125	         0.01976	       0.0161722	      0.00137884
             126	          0.0134	       0.0161502	      0.00136807
             127	         0.00908	       0.0160945	      0.00135843
             128	         0.01352	       0.0160744	      0.00134797
             129	         0.02468	       0.0161411	      0.00133917
             130	         0.03072	       0.0162532	      0.00133355
             131	         0.00404	         0.01616	      0.00132663
             132	         0.01812	       0.0161748	      0.00131666
             133	         0.03772	       0.0163368	      0.00131669
             134	         0.04344	       0.0165391	      0.00132231
             135	           0.031	       0.0166462	      0.00131684
             136	         0.03112	       0.0167526	      0.00131145
             137	         0.00324	        0.016654	      0.00130559
             138	         0.01156	       0.0166171	      0.00129665
             139	         0.02012	       0.0166423	      0.00128756
             140	         0.02072	       0.0166714	       0.0012787
             141	         0.01336	       0.0166479	      0.00126984
             142	         0.01216	       0.0166163	      0.00126129
             143	         0.02256	       0.0166579	      0.00125316
             144	         0.04848	       0.0168789	      0.00126379
             145	         0.03776	       0.0170229	      0.00126325
             146	         0.04876	       0.0172403	      0.00127317
             147	         0.01084	       0.0171967	      0.00126525
             148	          0.0186	       0.0172062	      0.00125674
             149	         0.03072	       0.0172969	      0.00125157
             150	         0.02868	       0.0173728	      0.00124552
             151	         0.00148	       0.0172675	      0.00124171
             152	         0.01796	       0.0172721	      0.00123355
             153	         0.02788	       0.0173414	      0.00122744
             154	         0.02624	       0.0173992	      0.00122083
             155	         0.03444	       0.0175092	      0.00121789
             156	         0.03328	       0.0176103	      0.00121427
             157	          0.0192	       0.0176204	      0.00120658
             158	         0.00408	       0.0175347	      0.00120198
             159	         0.00688	       0.0174677	      0.00119629
             160	         0.01048	        0.017424	      0.00118961
             161	         0.00772	       0.0173637	      0.00118375
             162	         0.03512	       0.0174733	       0.0011815
             163	         0.03812	          0.0176	      0.00118103
             164	          0.0006	       0.0174963	      0.00117836
             165	         0.03968	       0.0176308	      0.00117887
             166	          0.0504	       0.0178282	      0.00118818
             167	         0.01708	       0.0178237	      0.00118107
             168	         0.01252	       0.0177921	      0.00117446
             169	         0.01412	       0.0177704	      0.00116772
             170	          0.0222	       0.0177965	      0.00116114
             171	         0.03672	       0.0179071	      0.00115961
             172	          0.0082	       0.0178507	      0.00115424
             173	         0.00948	       0.0178023	      0.00114858
             174	         0.01372	       0.0177789	      0.00114222
             175	         0.01188	       0.0177451	      0.00113619
             176	         0.04768	       0.0179152	      0.00114239
             177	         0.02252	       0.0179412	      0.00113624
             178	          0.0338	       0.0180303	      0.00113334
             179	           0.032	       0.0181084	      0.00112969
             180	         0.00292	        0.018024	      0.00112656
             181	         0.03176	       0.0180999	      0.00112289
             182	          0.0352	       0.0181938	      0.00112065
             183	         0.01468	       0.0181746	      0.00111469
             184	         0.00512	       0.0181037	      0.00111089
             185	         0.03432	       0.0181914	      0.00110833
             186	         0.01496	        0.018174	      0.00110251
             187	         0.01808	       0.0181735	      0.00109662
             188	         0.02612	       0.0182157	       0.0010916
             189	         0.03924	        0.018327	      0.00109147
             190	         0.00064	       0.0182339	      0.00108969
             191	         0.05112	       0.0184061	      0.00109751
             192	          0.0128	       0.0183769	      0.00109218
             193	         0.05144	       0.0185482	      0.00109987
             194	         0.01176	       0.0185132	      0.00109476
             195	         0.02432	        0.018543	      0.00108955
             196	           0.011	       0.0185045	      0.00108467
             197	         0.00368	       0.0184292	      0.00108177
             198	         0.02704	       0.0184727	      0.00107718
             199	         0.02596	       0.0185104	      0.00107243
             200	         0.00308	       0.0184332	      0.00106984
