#     BLOCK:   ACTUAL_CV:    CV_AVE:      ERROR:
               1	        0.121091	        0.121091	               0
               2	         0.11992	        0.120505	     0.000414299
               3	        0.117335	        0.119449	     0.000906059
               4	        0.119245	        0.119398	     0.000680967
               5	        0.120896	        0.119697	     0.000607093
               6	        0.116073	        0.119093	     0.000748342
               7	        0.119152	        0.119102	     0.000641483
               8	        0.118227	        0.118992	     0.000570538
               9	        0.116652	        0.118732	     0.000563298
              10	        0.119946	        0.118854	     0.000519879
              11	        0.115673	        0.118564	     0.000547164
              12	        0.120922	        0.118761	     0.000535683
              13	        0.117602	        0.118672	     0.000501842
              14	        0.116416	        0.118511	     0.000491183
              15	        0.119887	        0.118602	     0.000466925
              16	        0.117311	        0.118522	     0.000444661
              17	        0.118006	        0.118491	     0.000419537
              18	        0.119869	        0.118568	     0.000403149
              19	        0.121566	        0.118726	      0.00041165
              20	        0.119658	        0.118772	     0.000393698
              21	        0.120462	        0.118853	     0.000383088
              22	        0.117564	        0.118794	     0.000370128
              23	        0.119944	        0.118844	     0.000357395
              24	        0.115568	        0.118708	     0.000367654
              25	        0.121194	        0.118807	     0.000366157
              26	        0.120442	         0.11887	     0.000357431
              27	        0.118171	        0.118844	     0.000345128
              28	        0.118885	        0.118846	     0.000332806
              29	        0.116901	        0.118779	     0.000328017
              30	        0.121421	        0.118867	     0.000328698
              31	        0.117204	        0.118813	     0.000322442
              32	        0.120325	         0.11886	     0.000315811
              33	        0.120338	        0.118905	       0.0003094
              34	        0.121173	        0.118972	     0.000307409
              35	        0.120433	        0.119013	     0.000301447
              36	        0.118476	        0.118999	     0.000293443
              37	        0.120061	        0.119027	     0.000286914
              38	        0.119982	        0.119052	     0.000280462
              39	        0.115477	        0.118961	     0.000287863
              40	        0.117523	        0.118925	     0.000282902
              41	        0.119299	        0.118934	     0.000276149
              42	        0.119589	         0.11895	     0.000270015
              43	        0.119368	        0.118959	     0.000263911
              44	        0.118502	        0.118949	     0.000258117
              45	        0.118441	        0.118938	     0.000252627
              46	        0.118197	        0.118921	     0.000247647
              47	        0.120051	        0.118946	     0.000243542
              48	        0.115614	        0.118876	     0.000248161
              49	         0.11748	        0.118848	     0.000244727
              50	        0.116967	         0.11881	     0.000242707
              51	        0.117409	        0.118783	     0.000239497
              52	        0.118354	        0.118774	     0.000235033
              53	        0.118922	        0.118777	     0.000230615
              54	        0.117194	        0.118748	     0.000228199
              55	        0.117388	        0.118723	     0.000225386
              56	        0.120601	        0.118757	     0.000223843
              57	        0.114904	        0.118689	     0.000229894
              58	        0.117202	        0.118663	     0.000227356
              59	        0.118807	        0.118666	     0.000223515
              60	        0.121047	        0.118705	     0.000223285
              61	         0.11962	         0.11872	     0.000220127
              62	        0.118589	        0.118718	     0.000216587
              63	        0.118657	        0.118717	     0.000213151
              64	        0.118858	         0.11872	     0.000209832
              65	        0.116573	        0.118686	     0.000209187
              66	        0.117275	        0.118665	     0.000207108
              67	        0.119946	        0.118684	     0.000204898
              68	        0.118346	        0.118679	     0.000201945
              69	        0.118864	        0.118682	     0.000199036
              70	        0.119192	        0.118689	     0.000196326
              71	         0.11604	        0.118652	     0.000197075
              72	        0.120058	        0.118671	     0.000195304
              73	        0.115193	        0.118624	     0.000198357
              74	        0.119829	         0.11864	     0.000196345
              75	         0.11863	         0.11864	     0.000193727
              76	        0.116313	        0.118609	     0.000193583
              77	        0.119905	        0.118626	     0.000191799
              78	        0.117917	        0.118617	     0.000189555
              79	        0.118842	         0.11862	     0.000187177
              80	        0.121585	        0.118657	     0.000188473
              81	        0.124836	        0.118733	     0.000200993
              82	        0.120508	        0.118755	     0.000199703
              83	        0.119163	         0.11876	     0.000197357
              84	        0.121315	         0.11879	     0.000197337
              85	        0.118694	        0.118789	     0.000195019
              86	        0.119671	        0.118799	     0.000193021
              87	        0.117432	        0.118784	     0.000191441
              88	        0.116974	        0.118763	     0.000190366
              89	        0.118277	        0.118758	     0.000188305
              90	        0.118003	        0.118749	       0.0001864
              91	        0.117367	        0.118734	     0.000184969
              92	        0.117585	        0.118722	      0.00018338
              93	        0.116214	        0.118695	      0.00018338
              94	        0.118168	        0.118689	     0.000181515
              95	        0.121336	        0.118717	      0.00018173
              96	        0.117933	        0.118709	      0.00018002
              97	        0.118367	        0.118705	     0.000178199
              98	        0.119452	        0.118713	     0.000176543
              99	        0.121088	        0.118737	     0.000176383
             100	        0.119198	        0.118741	     0.000174679
             101	        0.117736	        0.118731	     0.000173233
             102	        0.117984	        0.118724	      0.00017169
             103	        0.117774	        0.118715	      0.00017027
             104	        0.119526	        0.118723	     0.000168812
             105	        0.121182	        0.118746	     0.000168821
             106	        0.118314	        0.118742	     0.000167277
             107	          0.1166	        0.118722	     0.000166908
             108	        0.117564	        0.118711	     0.000165707
             109	        0.121236	        0.118734	     0.000165797
             110	        0.116909	        0.118718	     0.000165118
             111	        0.119967	        0.118729	     0.000164013
             112	        0.119009	        0.118732	     0.000162568
             113	        0.116253	         0.11871	     0.000162602
             114	        0.118584	        0.118709	     0.000161179
             115	        0.118622	        0.118708	     0.000159779
             116	        0.119688	        0.118716	     0.000158625
             117	         0.11897	        0.118718	     0.000157284
             118	        0.118807	        0.118719	     0.000155953
             119	        0.116417	          0.1187	     0.000155838
             120	        0.118282	        0.118696	     0.000154578
             121	        0.114667	        0.118663	     0.000156846
             122	        0.122356	        0.118693	     0.000158455
             123	        0.118195	        0.118689	     0.000157219
             124	        0.119179	        0.118693	        0.000156
             125	        0.119858	        0.118703	      0.00015503
             126	        0.117428	        0.118692	     0.000154129
             127	        0.121605	        0.118715	     0.000154612
             128	        0.118465	        0.118713	     0.000153417
             129	        0.117198	        0.118702	     0.000152677
             130	        0.119942	        0.118711	       0.0001518
             131	        0.118814	        0.118712	     0.000150643
             132	          0.1173	        0.118701	     0.000149881
             133	        0.118334	        0.118699	      0.00014878
             134	        0.117369	        0.118689	        0.000148
             135	        0.116764	        0.118674	     0.000147589
             136	        0.120327	        0.118686	     0.000147003
             137	        0.121196	        0.118705	     0.000147067
             138	        0.122771	        0.118734	     0.000148924
             139	        0.121267	        0.118752	     0.000148963
             140	        0.119036	        0.118755	     0.000147913
             141	        0.121621	        0.118775	     0.000148254
             142	        0.118311	        0.118772	     0.000147246
             143	        0.119969	         0.11878	     0.000146455
             144	        0.120306	        0.118791	     0.000145821
             145	        0.118616	        0.118789	      0.00014482
             146	        0.116677	        0.118775	     0.000144549
             147	           0.118	         0.11877	     0.000143662
             148	        0.117503	        0.118761	     0.000142946
             149	        0.118501	        0.118759	     0.000141997
             150	        0.118873	         0.11876	     0.000141052
             151	        0.122345	        0.118784	     0.000142102
             152	        0.120678	        0.118796	     0.000141712
             153	         0.11795	        0.118791	     0.000140894
             154	        0.117871	        0.118785	     0.000140106
             155	        0.116893	        0.118773	     0.000139733
             156	         0.12022	        0.118782	     0.000139145
             157	        0.120716	        0.118794	     0.000138803
             158	        0.115794	        0.118775	     0.000139217
             159	        0.117834	        0.118769	     0.000138467
             160	        0.119497	        0.118774	     0.000137676
             161	        0.120251	        0.118783	     0.000137127
             162	        0.119074	        0.118785	     0.000136292
             163	        0.118479	        0.118783	     0.000135469
             164	        0.119332	        0.118786	     0.000134684
             165	        0.120001	        0.118794	     0.000134069
             166	        0.117799	        0.118788	     0.000133395
             167	        0.117308	        0.118779	      0.00013289
             168	        0.115822	        0.118761	     0.000133259
             169	        0.118644	         0.11876	     0.000132472
             170	        0.118158	        0.118757	      0.00013174
             171	        0.117604	         0.11875	     0.000131142
             172	        0.118188	        0.118747	     0.000130421
             173	        0.119169	        0.118749	      0.00012969
             174	        0.119573	        0.118754	     0.000129031
             175	        0.117972	         0.11875	     0.000128371
             176	        0.117853	        0.118745	     0.000127742
             177	        0.119522	        0.118749	     0.000127096
             178	        0.118567	        0.118748	     0.000126386
             179	        0.118081	        0.118744	     0.000125735
             180	         0.11727	        0.118736	     0.000125303
             181	        0.116152	        0.118722	     0.000125421
             182	        0.118516	        0.118721	     0.000124737
             183	        0.115674	        0.118704	     0.000125162
             184	        0.119935	        0.118711	      0.00012466
             185	         0.11822	        0.118708	     0.000124015
             186	        0.116357	        0.118695	      0.00012399
             187	         0.12108	        0.118708	     0.000123981
             188	        0.116134	        0.118694	     0.000124076
             189	        0.118708	        0.118694	     0.000123419
             190	        0.119206	        0.118697	     0.000122799
             191	        0.120433	        0.118706	     0.000122492
             192	        0.116147	        0.118693	     0.000122577
             193	        0.121444	        0.118707	     0.000122768
             194	        0.119316	         0.11871	     0.000122175
             195	         0.11738	        0.118703	     0.000121739
             196	        0.120793	        0.118714	     0.000121583
             197	        0.115877	          0.1187	     0.000121816
             198	        0.116569	        0.118689	     0.000121675
             199	        0.120093	        0.118696	     0.000121268
             200	        0.123103	        0.118718	     0.000122647
             201	        0.118686	        0.118718	     0.000122037
             202	        0.115081	          0.1187	     0.000122754
             203	        0.119235	        0.118703	     0.000122178
             204	         0.11631	        0.118691	      0.00012214
             205	        0.117686	        0.118686	     0.000121643
             206	        0.119609	         0.11869	     0.000121135
             207	          0.1184	        0.118689	     0.000120558
             208	        0.119632	        0.118694	     0.000120064
             209	        0.121064	        0.118705	     0.000120024
             210	        0.117358	        0.118698	     0.000119623
             211	        0.116424	        0.118688	     0.000119541
             212	        0.119525	        0.118692	     0.000119042
             213	        0.117929	        0.118688	     0.000118537
             214	        0.118453	        0.118687	     0.000117988
             215	        0.117922	        0.118683	     0.000117493
             216	        0.118457	        0.118682	     0.000116954
             217	        0.121273	        0.118694	     0.000117023
             218	        0.120721	        0.118704	     0.000116855
             219	        0.116872	        0.118695	      0.00011662
             220	        0.119703	          0.1187	      0.00011618
             221	        0.120027	        0.118706	     0.000115809
             222	        0.117553	        0.118701	     0.000115404
             223	        0.118284	        0.118699	     0.000114902
             224	        0.117948	        0.118695	     0.000114438
             225	        0.119562	        0.118699	     0.000113994
             226	        0.117739	        0.118695	     0.000113569
             227	        0.115392	         0.11868	     0.000113996
             228	        0.119967	        0.118686	     0.000113636
             229	        0.120065	        0.118692	     0.000113299
             230	        0.116623	        0.118683	     0.000113163
             231	        0.118079	         0.11868	     0.000112704
             232	        0.117455	        0.118675	     0.000112342
             233	        0.113194	        0.118652	     0.000114296
             234	        0.122312	        0.118667	     0.000114873
             235	        0.119866	        0.118672	     0.000114497
             236	        0.119238	        0.118675	     0.000114037
             237	        0.119677	        0.118679	     0.000113634
             238	        0.117643	        0.118675	      0.00011324
             239	        0.113508	        0.118653	     0.000114811
             240	        0.118379	        0.118652	     0.000114339
             241	        0.116911	        0.118645	     0.000114092
             242	        0.116727	        0.118637	     0.000113895
             243	        0.120258	        0.118643	     0.000113622
             244	        0.118084	        0.118641	      0.00011318
             245	        0.118345	         0.11864	     0.000112724
             246	        0.120067	        0.118646	     0.000112415
             247	        0.119711	         0.11865	     0.000112042
             248	        0.117977	        0.118647	     0.000111624
             249	        0.122253	        0.118662	     0.000112111
             250	        0.120443	        0.118669	     0.000111888
             251	        0.119132	        0.118671	     0.000111458
             252	        0.118545	         0.11867	     0.000111017
             253	        0.115726	        0.118659	     0.000111186
             254	        0.118056	        0.118656	     0.000110774
             255	        0.119286	        0.118659	     0.000110367
             256	        0.115732	        0.118647	     0.000110527
             257	         0.11821	        0.118646	      0.00011011
             258	        0.118636	        0.118646	     0.000109683
             259	        0.118265	        0.118644	     0.000109269
             260	        0.116328	        0.118635	     0.000109211
             261	        0.119122	        0.118637	     0.000108809
             262	        0.121066	        0.118646	     0.000108788
             263	        0.119905	        0.118651	      0.00010848
             264	        0.117094	        0.118645	     0.000108229
             265	        0.119877	         0.11865	      0.00010792
             266	        0.119429	        0.118653	     0.000107555
             267	        0.117982	         0.11865	     0.000107181
             268	        0.119522	        0.118654	     0.000106831
             269	        0.119304	        0.118656	     0.000106461
             270	        0.117995	        0.118654	     0.000106095
             271	        0.121484	        0.118664	     0.000106216
             272	        0.115752	        0.118653	     0.000106364
             273	        0.119686	        0.118657	     0.000106041
             274	        0.117312	        0.118652	     0.000105768
             275	        0.116982	        0.118646	     0.000105558
             276	        0.116261	        0.118637	     0.000105528
             277	        0.118919	        0.118638	     0.000105152
             278	        0.118615	        0.118638	     0.000104774
             279	        0.118999	         0.11864	     0.000104406
             280	        0.116143	        0.118631	     0.000104413
             281	         0.11523	        0.118619	     0.000104741
             282	        0.118332	        0.118618	     0.000104375
             283	         0.11906	        0.118619	     0.000104017
             284	        0.118917	         0.11862	     0.000103657
             285	        0.114409	        0.118605	     0.000104341
             286	        0.118601	        0.118605	     0.000103976
             287	        0.118995	        0.118607	     0.000103622
             288	        0.115969	        0.118598	     0.000103667
             289	        0.117061	        0.118592	     0.000103444
             290	        0.121666	        0.118603	     0.000103629
             291	        0.118773	        0.118603	     0.000103274
             292	         0.11718	        0.118599	     0.000103036
             293	        0.117792	        0.118596	     0.000102721
             294	        0.119778	          0.1186	      0.00010245
             295	        0.118084	        0.118598	     0.000102118
             296	        0.117266	        0.118594	     0.000101872
             297	        0.117092	        0.118589	     0.000101654
             298	        0.117099	        0.118584	     0.000101436
             299	        0.121224	        0.118592	      0.00010148
             300	        0.119015	        0.118594	     0.000101152
             301	        0.117854	        0.118591	     0.000100846
             302	        0.119253	        0.118594	     0.000100536
             303	         0.11822	        0.118592	     0.000100211
             304	        0.120697	        0.118599	     0.000100121
             305	        0.116421	        0.118592	     0.000100047
             306	        0.118164	        0.118591	     9.97296e-05
             307	        0.118787	        0.118591	     9.94068e-05
             308	        0.117524	        0.118588	     9.91445e-05
             309	        0.117422	        0.118584	     9.88954e-05
             310	        0.120502	         0.11859	     9.87697e-05
             311	        0.119856	        0.118594	     9.85358e-05
             312	        0.119858	        0.118598	     9.83032e-05
             313	        0.121311	        0.118607	     9.83705e-05
             314	        0.114465	        0.118594	     9.89377e-05
             315	        0.117509	         0.11859	     9.86835e-05
             316	        0.119528	        0.118593	     9.84158e-05
             317	        0.119286	        0.118596	     9.81296e-05
             318	        0.115396	        0.118586	     9.83353e-05
             319	        0.115839	        0.118577	     9.84034e-05
             320	        0.115629	        0.118568	     9.85261e-05
             321	        0.121617	        0.118577	      9.8676e-05
             322	        0.118512	        0.118577	     9.83697e-05
             323	          0.1176	        0.118574	     9.81117e-05
             324	        0.122238	        0.118585	     9.84586e-05
             325	        0.119723	        0.118589	     9.82179e-05
             326	        0.116773	        0.118583	     9.80744e-05
             327	        0.118413	        0.118583	     9.77758e-05
             328	        0.120848	         0.11859	     9.77215e-05
             329	        0.118308	        0.118589	     9.74282e-05
             330	        0.123668	        0.118604	     9.83413e-05
             331	        0.115512	        0.118595	     9.84869e-05
             332	        0.118898	        0.118596	     9.81945e-05
             333	        0.119653	        0.118599	     9.79509e-05
             334	        0.117307	        0.118595	      9.7734e-05
             335	        0.117365	        0.118591	     9.75112e-05
             336	         0.11884	        0.118592	     9.72238e-05
             337	        0.118122	        0.118591	     9.69453e-05
             338	        0.117807	        0.118588	     9.66862e-05
             339	        0.117611	        0.118586	      9.6444e-05
             340	        0.119788	        0.118589	     9.62252e-05
             341	        0.117851	        0.118587	     9.59673e-05
             342	        0.116318	         0.11858	     9.59159e-05
             343	        0.114937	         0.11857	     9.62226e-05
             344	        0.118318	        0.118569	     9.59457e-05
             345	        0.114951	        0.118558	      9.6239e-05
             346	        0.118676	        0.118559	     9.59614e-05
             347	        0.117511	        0.118556	     9.57324e-05
             348	        0.119087	        0.118557	     9.54695e-05
             349	        0.120353	        0.118562	     9.53344e-05
             350	        0.118881	        0.118563	     9.50664e-05
             351	        0.118252	        0.118562	     9.47996e-05
             352	        0.119977	        0.118566	     9.46155e-05
             353	         0.12196	        0.118576	     9.48345e-05
             354	        0.121003	        0.118583	     9.48142e-05
             355	        0.119005	        0.118584	     9.45545e-05
             356	        0.118434	        0.118584	     9.42899e-05
             357	         0.11963	        0.118587	     9.40713e-05
             358	        0.119034	        0.118588	     9.38169e-05
             359	        0.118508	        0.118588	     9.35558e-05
             360	        0.116776	        0.118583	     9.34312e-05
             361	        0.119109	        0.118584	     9.31838e-05
             362	        0.118812	        0.118585	     9.29285e-05
             363	        0.118849	        0.118585	     9.26753e-05
             364	        0.119563	        0.118588	     9.24596e-05
             365	        0.118445	        0.118588	     9.22071e-05
             366	        0.113798	        0.118575	     9.28792e-05
             367	        0.119138	        0.118576	     9.26388e-05
             368	        0.119237	        0.118578	     9.24045e-05
             369	        0.116896	        0.118573	     9.22664e-05
             370	        0.118678	        0.118574	     9.20175e-05
             371	        0.116944	        0.118569	     9.18743e-05
             372	        0.116384	        0.118563	     9.18149e-05
             373	        0.118313	        0.118563	     9.15712e-05
             374	        0.119343	        0.118565	     9.13502e-05
             375	        0.118835	        0.118566	     9.11094e-05
             376	         0.11917	        0.118567	     9.08813e-05
             377	        0.122649	        0.118578	     9.12828e-05
             378	        0.119628	        0.118581	     9.10836e-05
             379	        0.120574	        0.118586	      9.0995e-05
             380	        0.115837	        0.118579	     9.10426e-05
             381	        0.122976	         0.11859	     9.15322e-05
             382	        0.122379	          0.1186	     9.18284e-05
             383	        0.119256	        0.118602	     9.16046e-05
             384	        0.118622	        0.118602	     9.13661e-05
             385	        0.117564	        0.118599	     9.11685e-05
             386	         0.12186	        0.118608	     9.13228e-05
             387	        0.119136	        0.118609	      9.1097e-05
             388	        0.118947	         0.11861	     9.08664e-05
             389	        0.118742	         0.11861	     9.06335e-05
             390	        0.119548	        0.118613	     9.04329e-05
             391	          0.1183	        0.118612	     9.02052e-05
             392	        0.120464	        0.118617	     9.00987e-05
             393	         0.11705	        0.118613	     8.99576e-05
             394	        0.117755	         0.11861	     8.97556e-05
             395	        0.118943	        0.118611	     8.95324e-05
             396	        0.118206	         0.11861	     8.93121e-05
             397	        0.120392	        0.118615	     8.91999e-05
             398	         0.12027	        0.118619	     8.90727e-05
             399	        0.118847	         0.11862	     8.88513e-05
             400	        0.116457	        0.118614	     8.87935e-05
             401	        0.120395	        0.118619	      8.8683e-05
             402	        0.115994	        0.118612	     8.87025e-05
             403	        0.119118	        0.118613	     8.84912e-05
             404	        0.118375	        0.118613	     8.82742e-05
             405	        0.118972	        0.118614	     8.80606e-05
             406	        0.117157	         0.11861	     8.79168e-05
             407	        0.120131	        0.118614	     8.77802e-05
             408	        0.115072	        0.118605	     8.79932e-05
             409	        0.119477	        0.118607	     8.78039e-05
             410	        0.115701	          0.1186	     8.78754e-05
             411	         0.12382	        0.118613	     8.85745e-05
             412	        0.116377	        0.118607	     8.85256e-05
             413	        0.117192	        0.118604	     8.83775e-05
             414	        0.117694	        0.118602	     8.81914e-05
             415	        0.116761	        0.118597	     8.80903e-05
             416	        0.118441	        0.118597	     8.78794e-05
             417	        0.117541	        0.118594	     8.77051e-05
             418	        0.117287	        0.118591	      8.7551e-05
             419	        0.121631	        0.118599	     8.76421e-05
             420	        0.117077	        0.118595	     8.75082e-05
             421	         0.11732	        0.118592	     8.73528e-05
             422	        0.121076	        0.118598	     8.73439e-05
             423	        0.121512	        0.118605	     8.74087e-05
             424	        0.119422	        0.118607	     8.72239e-05
             425	        0.122213	        0.118615	     8.74305e-05
             426	        0.118816	        0.118616	     8.72265e-05
             427	        0.116245	         0.11861	     8.71987e-05
             428	          0.1157	        0.118603	     8.72597e-05
             429	        0.115787	        0.118597	     8.73029e-05
             430	         0.12129	        0.118603	     8.73243e-05
             431	        0.118213	        0.118602	     8.71264e-05
             432	        0.116836	        0.118598	     8.70206e-05
             433	        0.120507	        0.118602	     8.69312e-05
             434	         0.11918	        0.118604	     8.67411e-05
             435	        0.117152	          0.1186	     8.66059e-05
             436	        0.119288	        0.118602	     8.64216e-05
             437	        0.117618	          0.1186	     8.62532e-05
             438	        0.119468	        0.118602	      8.6079e-05
             439	        0.121519	        0.118608	     8.61391e-05
             440	        0.115976	        0.118602	     8.61509e-05
             441	        0.113592	        0.118591	     8.67014e-05
             442	         0.11993	        0.118594	     8.65582e-05
             443	        0.118572	        0.118594	     8.63628e-05
             444	        0.120973	        0.118599	     8.63344e-05
             445	        0.115677	        0.118593	     8.63897e-05
             446	        0.119944	        0.118596	     8.62492e-05
             447	        0.117942	        0.118594	     8.60686e-05
             448	        0.118016	        0.118593	     8.58862e-05
             449	        0.120017	        0.118596	     8.57535e-05
             450	        0.119657	        0.118598	     8.55953e-05
             451	        0.120793	        0.118603	     8.55437e-05
             452	        0.120453	        0.118607	     8.54523e-05
             453	        0.117611	        0.118605	      8.5292e-05
             454	        0.121249	        0.118611	     8.53027e-05
             455	        0.119893	        0.118614	     8.51617e-05
             456	        0.119826	        0.118617	     8.50164e-05
             457	        0.118512	        0.118616	     8.48307e-05
             458	        0.121857	        0.118623	       8.494e-05
             459	        0.119296	        0.118625	     8.47676e-05
             460	        0.118945	        0.118626	     8.45861e-05
             461	        0.121377	        0.118632	      8.4613e-05
             462	         0.11824	        0.118631	     8.44341e-05
             463	        0.118254	         0.11863	     8.42557e-05
             464	        0.118651	         0.11863	     8.40741e-05
             465	        0.119097	        0.118631	     8.38993e-05
             466	         0.12108	        0.118636	     8.38837e-05
             467	        0.118613	        0.118636	     8.37041e-05
             468	        0.121122	        0.118641	     8.36936e-05
             469	        0.117118	        0.118638	     8.35781e-05
             470	        0.117991	        0.118637	     8.34116e-05
             471	         0.12165	        0.118643	     8.34795e-05
             472	        0.121014	        0.118648	     8.34536e-05
             473	        0.118076	        0.118647	     8.32859e-05
             474	        0.114446	        0.118638	     8.35805e-05
             475	        0.117217	        0.118635	     8.34581e-05
             476	        0.118557	        0.118635	     8.32829e-05
             477	        0.120856	         0.11864	     8.32383e-05
             478	        0.121564	        0.118646	     8.32886e-05
             479	        0.120621	         0.11865	     8.32168e-05
             480	        0.118144	        0.118649	     8.30501e-05
             481	        0.117165	        0.118646	     8.29347e-05
             482	        0.118575	        0.118646	     8.27628e-05
             483	        0.117368	        0.118643	     8.26337e-05
             484	        0.115998	        0.118638	     8.26435e-05
             485	        0.116729	        0.118634	     8.25668e-05
             486	        0.114484	        0.118625	     8.28371e-05
             487	        0.117888	        0.118624	     8.26809e-05
             488	        0.117877	        0.118622	     8.25256e-05
             489	        0.118077	        0.118621	     8.23644e-05
             490	        0.117784	        0.118619	      8.2214e-05
             491	        0.117782	        0.118617	     8.20642e-05
             492	        0.116118	        0.118612	     8.20545e-05
             493	        0.117086	        0.118609	     8.19464e-05
             494	        0.117722	        0.118607	     8.18002e-05
             495	        0.119758	         0.11861	      8.1668e-05
             496	        0.121467	        0.118616	     8.17062e-05
             497	        0.116762	        0.118612	     8.16269e-05
             498	        0.119743	        0.118614	     8.14945e-05
             499	        0.119948	        0.118617	     8.13751e-05
             500	        0.119727	        0.118619	     8.12426e-05
