#     BLOCK:   ACTUAL_X:     X_AVE:       ERROR:
           1	    0.997076	    0.997076	           0
           2	     1.15388	     1.07548	   0.0554395
           3	     1.02928	     1.06008	   0.0390402
           4	    0.998891	     1.04478	   0.0321376
           5	    0.927059	     1.02124	   0.0332338
           6	    0.992471	     1.01644	   0.0280385
           7	    0.936706	     1.00505	   0.0262451
           8	    0.929647	    0.995626	   0.0245988
           9	    0.956672	    0.991298	   0.0222431
          10	    0.909546	    0.983123	   0.0214686
          11	     1.00121	    0.984767	   0.0195798
          12	     1.11708	    0.995793	   0.0208224
          13	    0.957412	     0.99284	   0.0194289
          14	    0.841244	    0.982012	   0.0208413
          15	     1.03842	    0.985773	   0.0197882
          16	      1.0317	    0.988643	   0.0187585
          17	    0.950655	    0.986408	   0.0177876
          18	    0.982118	     0.98617	    0.016801
          19	     0.92195	     0.98279	   0.0162532
          20	      1.0325	    0.985276	   0.0156295
          21	     1.01341	    0.986615	   0.0149425
          22	      1.0402	    0.989051	   0.0144605
          23	    0.916504	    0.985897	   0.0141716
          24	    0.900034	    0.982319	   0.0140254
          25	    0.963765	    0.981577	    0.013484
          26	    0.825916	     0.97559	   0.0142326
          27	      1.0196	     0.97722	   0.0137985
          28	    0.945513	    0.976088	   0.0133521
          29	     0.97442	     0.97603	   0.0128918
          30	     1.08965	    0.979817	   0.0130064
          31	    0.968269	    0.979445	   0.0125922
          32	    0.937076	    0.978121	   0.0122681
          33	     1.06904	    0.980876	   0.0122018
          34	    0.916168	    0.978973	   0.0119904
          35	    0.902017	    0.976774	   0.0118477
          36	    0.923025	    0.975281	   0.0116123
          37	    0.960739	    0.974888	   0.0113051
          38	     1.01956	    0.976064	   0.0110686
          39	     1.00269	    0.976746	   0.0108058
          40	    0.963664	    0.976419	   0.0105406
          41	      1.0276	    0.977668	   0.0103572
          42	     1.01375	    0.978527	   0.0101461
          43	    0.956437	    0.978013	  0.00992318
          44	    0.971866	    0.977873	  0.00969864
          45	    0.986252	    0.978059	   0.0094849
          46	    0.962857	    0.977729	  0.00928446
          47	    0.998958	    0.978181	   0.0090979
          48	     1.04235	    0.979518	  0.00900605
          49	     1.00215	    0.979979	   0.0088341
          50	      1.0758	    0.981896	  0.00886284
          51	    0.991361	    0.982081	    0.008691
          52	    0.935261	    0.981181	  0.00857038
          53	     1.08313	    0.983104	  0.00862182
          54	    0.888807	    0.981358	  0.00863719
          55	     1.02521	    0.982156	  0.00851687
          56	    0.904538	     0.98077	  0.00847681
          57	     1.01271	     0.98133	  0.00834659
          58	    0.965008	    0.981048	  0.00820743
          59	    0.905613	     0.97977	   0.0081673
          60	     1.02333	    0.980496	  0.00806338
          61	    0.872168	     0.97872	   0.0081244
          62	     1.06629	    0.980132	  0.00811519
          63	    0.917412	    0.979137	  0.00804721
          64	     0.92837	    0.978343	  0.00796048
          65	    0.920773	    0.977458	  0.00788712
          66	    0.935261	    0.976818	  0.00779349
          67	    0.963092	    0.976614	  0.00767987
          68	     1.04508	     0.97762	  0.00763263
          69	    0.956538	    0.977315	  0.00752813
          70	    0.982017	    0.977382	  0.00742088
          71	    0.924672	     0.97664	  0.00735341
          72	    0.931261	    0.976009	  0.00727823
          73	    0.915328	    0.975178	  0.00722585
          74	     1.15956	     0.97767	  0.00754558
          75	    0.878992	    0.976354	  0.00755882
          76	     1.04282	    0.977229	  0.00750978
          77	    0.806958	    0.975017	  0.00773097
          78	     1.08803	    0.976466	  0.00776645
          79	       1.076	    0.977726	  0.00776966
          80	    0.943597	      0.9773	  0.00768424
          81	    0.926588	    0.976674	  0.00761484
          82	    0.899126	    0.975728	  0.00758047
          83	     1.06437	    0.976796	    0.007564
          84	    0.887529	    0.975733	  0.00754823
          85	     1.00776	     0.97611	  0.00746883
          86	     1.01506	    0.976563	   0.0073957
          87	     1.00618	    0.976903	  0.00731853
          88	    0.940235	    0.976487	  0.00724721
          89	    0.911798	     0.97576	  0.00720214
          90	    0.966958	    0.975662	  0.00712278
          91	    0.828672	    0.974047	  0.00722534
          92	    0.937378	    0.973648	  0.00715779
          93	     1.08803	    0.974878	  0.00718572
          94	     1.05405	     0.97572	  0.00715847
          95	    0.938588	     0.97533	  0.00709378
          96	     0.93395	    0.974898	  0.00703297
          97	     1.10528	    0.976243	  0.00708774
          98	     1.09862	    0.977491	  0.00712457
          99	    0.984807	    0.977565	  0.00705299
         100	    0.956639	    0.977356	  0.00698557
