#     BLOCK:   ACTUAL_M:     M_AVE:       ERROR:
           1	     0.05048	     0.05048	           0
           2	    0.052552	    0.051516	 0.000732563
           3	    0.036484	   0.0465053	  0.00412024
           4	    0.041904	    0.045355	  0.00324679
           5	    0.041204	   0.0445248	  0.00270149
           6	    0.050076	     0.04545	  0.00240446
           7	    0.042284	   0.0449977	  0.00210307
           8	    0.058428	   0.0466765	  0.00241916
           9	    0.046092	   0.0466116	  0.00215123
          10	    0.044992	   0.0464496	   0.0019422
          11	    0.030112	   0.0449644	  0.00226337
          12	     0.03846	   0.0444223	  0.00213868
          13	    0.042336	   0.0442618	  0.00198017
          14	    0.054244	   0.0449749	  0.00196291
          15	     0.04944	   0.0452725	  0.00185448
          16	    0.033116	   0.0445127	  0.00188781
          17	    0.029068	   0.0436042	  0.00198337
          18	    0.045352	   0.0437013	  0.00187555
          19	    0.048148	   0.0439354	  0.00179138
          20	    0.037828	     0.04363	  0.00172765
          21	    0.044968	   0.0436937	  0.00164655
          22	     0.03512	    0.043304	  0.00161717
          23	    0.032672	   0.0428417	  0.00161157
          24	    0.046004	   0.0429735	   0.0015498
          25	    0.039532	   0.0428358	  0.00149391
          26	    0.042016	   0.0428043	  0.00143678
          27	    0.036336	   0.0425647	   0.0014034
          28	    0.030848	   0.0421463	  0.00141429
          29	    0.046944	   0.0423117	  0.00137516
          30	    0.036872	   0.0421304	  0.00134123
          31	    0.043292	   0.0421679	  0.00129848
          32	     0.04672	   0.0423101	  0.00126567
          33	    0.039936	   0.0422382	  0.00122936
          34	    0.042728	   0.0422526	  0.00119329
          35	    0.040448	    0.042201	  0.00116031
          36	    0.054244	   0.0425356	  0.00117531
          37	    0.047212	   0.0426619	  0.00115032
          38	    0.038648	   0.0425563	  0.00112489
          39	    0.038068	   0.0424412	  0.00110192
          40	    0.041856	   0.0424266	  0.00107447
          41	    0.043056	    0.042442	  0.00104837
          42	    0.043716	   0.0424723	  0.00102385
          43	    0.042552	   0.0424741	  0.00100004
          44	    0.036112	   0.0423295	  0.00098771
          45	     0.05426	   0.0425947	  0.00100071
          46	    0.050136	   0.0427586	 0.000992294
          47	    0.045476	   0.0428164	 0.000972864
          48	    0.045608	   0.0428746	 0.000954333
          49	    0.043868	   0.0428949	 0.000935072
          50	      0.0456	    0.042949	 0.000917935
          51	    0.053276	   0.0431515	    0.000922
          52	       0.037	   0.0430332	 0.000911826
          53	    0.041736	   0.0430087	 0.000894951
          54	    0.058708	   0.0432994	 0.000924394
          55	    0.051876	   0.0434553	 0.000920646
          56	    0.035116	   0.0433064	  0.00091617
          57	     0.02622	   0.0430067	 0.000947869
          58	    0.055588	   0.0432236	 0.000956025
          59	    0.040184	   0.0431721	 0.000941209
          60	    0.055048	     0.04337	 0.000946105
          61	    0.052428	   0.0435185	 0.000942176
          62	    0.051656	   0.0436497	 0.000936077
          63	    0.037236	   0.0435479	 0.000926738
          64	    0.041776	   0.0435202	 0.000912671
          65	    0.044296	   0.0435322	 0.000898708
          66	    0.037524	   0.0434412	  0.00088969
          67	      0.0479	   0.0435077	 0.000878896
          68	     0.04768	   0.0435691	 0.000868111
          69	    0.025696	     0.04331	 0.000893339
          70	     0.05656	   0.0434993	 0.000900407
          71	      0.0423	   0.0434824	 0.000887884
          72	    0.044684	   0.0434991	 0.000875709
          73	     0.04436	   0.0435109	 0.000863792
          74	    0.044332	    0.043522	 0.000852191
          75	     0.04556	   0.0435492	 0.000841261
          76	     0.04704	   0.0435951	 0.000831445
          77	    0.051948	   0.0437036	 0.000827693
          78	    0.044552	   0.0437145	 0.000817153
          79	    0.046836	    0.043754	 0.000807764
          80	    0.041252	   0.0437227	 0.000798273
          81	     0.05164	   0.0438204	 0.000794379
          82	    0.046568	    0.043854	 0.000785398
          83	    0.038004	   0.0437835	 0.000779091
          84	    0.047556	   0.0438284	  0.00077111
          85	    0.038952	    0.043771	 0.000764169
          86	    0.038648	   0.0437114	 0.000757602
          87	    0.031204	   0.0435677	 0.000762412
          88	    0.035092	   0.0434714	 0.000759807
          89	    0.049356	   0.0435375	 0.000754142
          90	    0.034768	     0.04344	 0.000752031
          91	    0.042324	   0.0434278	 0.000743867
          92	    0.052236	   0.0435235	 0.000741917
          93	     0.03582	   0.0434407	 0.000738549
          94	    0.039448	   0.0433982	 0.000731912
          95	    0.039412	   0.0433563	  0.00072541
          96	    0.047504	   0.0433995	 0.000719139
          97	      0.0424	   0.0433892	 0.000711799
          98	     0.05072	    0.043464	 0.000708456
          99	    0.049156	   0.0435215	 0.000703629
         100	    0.042596	   0.0435122	 0.000696653
