#     BLOCK:   ACTUAL_CV:    CV_AVE:      ERROR:
           1	    0.271688	    0.271688	           0
           2	    0.271533	     0.27161	 5.48893e-05
           3	    0.273286	    0.272169	 0.000457499
           4	    0.268627	    0.271283	 0.000840066
           5	    0.277349	    0.272496	  0.00127629
           6	    0.275774	    0.273043	   0.0011747
           7	     0.27279	    0.273007	  0.00100744
           8	    0.276751	    0.273475	 0.000984232
           9	    0.276747	    0.273838	 0.000939643
          10	    0.274123	    0.273867	 0.000846111
          11	    0.272535	    0.273746	 0.000777813
          12	    0.272692	    0.273658	 0.000717938
          13	    0.264424	    0.272948	 0.000951259
          14	    0.272273	    0.272899	 0.000884531
          15	    0.272429	    0.272868	 0.000826118
          16	    0.277728	    0.273172	 0.000828446
          17	    0.278614	    0.273492	 0.000839283
          18	    0.275377	    0.273597	 0.000799166
          19	    0.269662	     0.27339	 0.000783481
          20	    0.271873	    0.273314	 0.000747967
          21	    0.277845	     0.27353	 0.000742818
          22	    0.266583	    0.273214	 0.000773253
          23	    0.275383	    0.273308	 0.000745365
          24	    0.276011	    0.273421	 0.000722767
          25	    0.279628	    0.273669	  0.00073527
          26	    0.278644	     0.27386	 0.000731468
          27	    0.275081	    0.273906	 0.000705771
          28	    0.274123	    0.273913	 0.000680608
          29	    0.270812	    0.273806	 0.000665488
          30	    0.271979	    0.273745	 0.000646086
          31	    0.280816	    0.273974	 0.000664285
          32	    0.276738	     0.27406	 0.000649118
          33	    0.269969	    0.273936	 0.000641177
          34	    0.267315	    0.273741	 0.000651223
          35	    0.267039	     0.27355	 0.000660172
          36	    0.272418	    0.273518	 0.000642582
          37	    0.276319	    0.273594	 0.000629657
          38	    0.270362	    0.273509	 0.000618806
          39	    0.270644	    0.273435	 0.000607284
          40	    0.279691	    0.273592	 0.000611906
          41	    0.276476	    0.273662	 0.000601012
          42	    0.272052	    0.273624	 0.000587923
          43	    0.274234	    0.273638	 0.000574422
          44	     0.26762	    0.273501	 0.000577423
          45	    0.274007	    0.273512	   0.0005647
          46	    0.270812	    0.273454	 0.000555468
          47	    0.277471	    0.273539	 0.000550185
          48	    0.275759	    0.273585	 0.000540663
          49	    0.276334	    0.273642	 0.000532532
          50	    0.274177	    0.273652	 0.000521989
          51	    0.279785	    0.273773	 0.000525423
          52	    0.272078	     0.27374	 0.000516328
          53	    0.270932	    0.273687	 0.000509298
          54	    0.270089	     0.27362	 0.000504206
          55	    0.271789	    0.273587	 0.000496137
          56	    0.270974	     0.27354	 0.000489466
          57	    0.273759	    0.273544	 0.000480894
          58	    0.267639	    0.273442	 0.000483262
          59	     0.27321	    0.273438	 0.000475087
          60	    0.273123	    0.273433	 0.000467198
          61	    0.271462	    0.273401	 0.000460655
          62	      0.2738	    0.273407	  0.00045327
          63	    0.271314	    0.273374	 0.000447292
          64	    0.276364	    0.273421	 0.000442736
          65	    0.270377	    0.273374	 0.000438394
          66	    0.262708	    0.273212	 0.000460575
          67	    0.276484	    0.273261	 0.000456281
          68	    0.275208	     0.27329	 0.000450468
          69	    0.275474	    0.273322	  0.00044505
          70	    0.274895	    0.273344	  0.00043926
          71	    0.269417	    0.273289	 0.000436542
          72	    0.277494	    0.273347	 0.000434368
          73	    0.272166	    0.273331	 0.000428719
          74	    0.273511	    0.273333	 0.000422933
          75	    0.280174	    0.273425	 0.000427014
          76	    0.270141	    0.273381	 0.000423576
          77	     0.26997	    0.273337	 0.000420385
          78	    0.276066	    0.273372	 0.000416449
          79	    0.273018	    0.273368	 0.000411202
          80	    0.273696	    0.273372	 0.000406082
          81	    0.271396	    0.273347	 0.000401801
          82	    0.267841	     0.27328	 0.000402473
          83	    0.268289	     0.27322	 0.000402092
          84	    0.273734	    0.273226	 0.000397352
          85	    0.268795	    0.273174	 0.000396081
          86	    0.268003	    0.273114	 0.000396013
          87	    0.278528	    0.273176	  0.00039632
          88	    0.273947	    0.273185	 0.000391914
          89	      0.2752	    0.273207	 0.000388163
          90	    0.274286	    0.273219	 0.000384035
          91	    0.269705	    0.273181	 0.000381752
          92	    0.275383	    0.273205	 0.000378352
          93	    0.279539	    0.273273	 0.000380365
          94	    0.272934	    0.273269	 0.000376335
          95	    0.267608	     0.27321	 0.000377062
          96	    0.269636	    0.273172	 0.000374968
          97	    0.277202	    0.273214	 0.000373396
          98	    0.272407	    0.273206	 0.000369677
          99	    0.271677	     0.27319	 0.000366265
         100	    0.267843	    0.273137	 0.000366485
