#     BLOCK:   ACTUAL_X:     X_AVE:       ERROR:
           1	    0.912183	    0.912183	           0
           2	    0.858312	    0.885247	   0.0190462
           3	    0.848365	    0.872953	    0.016186
           4	     0.79346	     0.85308	   0.0210613
           5	    0.774266	    0.837317	   0.0219695
           6	    0.843133	    0.838286	   0.0183293
           7	    0.787042	    0.830966	   0.0171104
           8	     0.82251	    0.829909	   0.0150042
           9	    0.749171	    0.820938	   0.0157928
          10	    0.756106	    0.814455	   0.0154872
          11	    0.832274	    0.816075	   0.0141637
          12	    0.844106	    0.818411	   0.0131746
          13	    0.888304	    0.823787	   0.0132128
          14	    0.807635	    0.822633	   0.0123193
          15	    0.758175	    0.818336	   0.0122245
          16	    0.865065	    0.821257	   0.0118042
          17	    0.787498	    0.819271	   0.0112756
          18	    0.753734	     0.81563	   0.0112216
          19	    0.830875	    0.816432	   0.0106597
          20	    0.652837	    0.808252	   0.0128885
          21	      0.8153	    0.808588	   0.0122791
          22	    0.959909	    0.815466	   0.0135108
          23	    0.815878	    0.815484	   0.0129234
          24	    0.850859	    0.816958	   0.0124687
          25	    0.782023	    0.815561	    0.012048
          26	    0.754555	    0.813214	   0.0118109
          27	    0.773019	    0.811726	   0.0114669
          28	    0.772837	    0.810337	   0.0111411
          29	    0.777856	    0.809217	   0.0108131
          30	    0.827103	    0.809813	   0.0104691
          31	    0.866829	    0.811652	   0.0102917
          32	    0.840365	    0.812549	   0.0100091
          33	    0.783331	    0.811664	  0.00974486
          34	    0.825703	    0.812077	  0.00946699
          35	    0.791544	     0.81149	  0.00921467
          36	    0.850951	    0.812586	  0.00902366
          37	    0.857551	    0.813802	  0.00886124
          38	    0.762798	    0.812459	   0.0087291
          39	    0.758084	    0.811065	  0.00861591
          40	     0.85597	    0.812188	  0.00847333
          41	    0.800913	    0.811913	  0.00827113
          42	    0.883437	    0.813616	  0.00824764
          43	     0.70692	    0.811134	  0.00842082
          44	    0.837597	    0.811736	  0.00825088
          45	    0.782418	    0.811084	  0.00809321
          46	    0.877992	    0.812539	  0.00804692
          47	    0.901262	    0.814427	   0.0080941
          48	    0.817612	    0.814493	  0.00792574
          49	    0.857582	    0.815372	  0.00781262
          50	    0.771285	    0.814491	  0.00770597
          51	    0.859589	    0.815375	  0.00760544
          52	    0.795346	     0.81499	  0.00746893
          53	    0.822084	    0.815124	   0.0073292
          54	    0.847361	    0.815721	  0.00721775
          55	    0.731468	    0.814189	  0.00724726
          56	    0.859407	    0.814996	  0.00716268
          57	    0.833217	    0.815316	  0.00704415
          58	    0.849369	    0.815903	  0.00694712
          59	    0.824517	    0.816049	  0.00683091
          60	    0.757354	    0.815071	  0.00678675
          61	    0.812563	     0.81503	  0.00667562
          62	    0.841156	    0.815451	  0.00658123
          63	    0.826707	     0.81563	  0.00647919
          64	     0.80362	    0.815442	  0.00638067
          65	    0.830297	    0.815671	   0.0062866
          66	    0.847118	    0.816147	  0.00620938
          67	    0.856852	    0.816755	  0.00614635
          68	    0.793582	    0.816414	   0.0060654
          69	    0.775148	    0.815816	  0.00600691
          70	    0.771468	    0.815182	  0.00595441
          71	    0.794494	    0.814891	  0.00587767
          72	    0.774783	    0.814334	  0.00582237
          73	    0.811863	      0.8143	  0.00574271
          74	     0.84289	    0.814686	  0.00567809
          75	    0.832608	    0.814925	  0.00560741
          76	    0.788076	    0.814572	  0.00554474
          77	    0.861536	    0.815182	  0.00550618
          78	    0.827072	    0.815334	   0.0054377
          79	    0.953186	    0.817079	   0.0056419
          80	    0.831148	    0.817255	  0.00557412
          81	     0.83997	    0.817536	  0.00551235
          82	      0.8807	    0.818306	  0.00549868
          83	    0.876776	     0.81901	  0.00547737
          84	    0.796106	    0.818738	  0.00541895
          85	    0.819316	    0.818744	   0.0053552
          86	    0.884441	    0.819508	  0.00534714
          87	    0.791513	    0.819187	  0.00529535
          88	    0.810859	    0.819092	  0.00523602
          89	    0.785734	    0.818717	  0.00519059
          90	    0.866068	    0.819243	  0.00515951
          91	    0.850403	    0.819586	  0.00511416
          92	    0.755133	    0.818885	  0.00510633
          93	    0.860471	    0.819332	  0.00507097
          94	    0.837506	    0.819526	  0.00502071
          95	    0.816517	    0.819494	  0.00496796
          96	    0.775392	    0.819035	   0.0049374
          97	    0.864608	    0.819504	   0.0049088
          98	    0.846935	    0.819784	  0.00486669
          99	    0.910905	    0.820705	  0.00490379
         100	    0.799848	    0.820496	  0.00485919
