#     BLOCK:   ACTUAL_X:     X_AVE:       ERROR:
               1	        0.689452	        0.689452	               0
               2	        0.715101	        0.702277	      0.00906802
               3	         0.71259	        0.705714	      0.00666523
               4	        0.728023	        0.711291	      0.00695104
               5	        0.749654	        0.718964	      0.00883269
               6	        0.719691	        0.719085	      0.00736141
               7	        0.709319	         0.71769	      0.00644063
               8	        0.688326	         0.71402	      0.00659907
               9	        0.724899	        0.715228	      0.00597553
              10	        0.730357	        0.716741	      0.00556621
              11	          0.6896	        0.714274	      0.00558033
              12	        0.726329	        0.715278	      0.00520494
              13	        0.736153	        0.716884	      0.00504618
              14	        0.726777	        0.717591	      0.00473496
              15	        0.708879	         0.71701	      0.00445477
              16	         0.70985	        0.716563	      0.00419876
              17	        0.722536	        0.716914	      0.00396645
              18	        0.686292	        0.715213	       0.0040947
              19	        0.738006	        0.716412	      0.00405111
              20	         0.72023	        0.716603	      0.00385304
              21	        0.717339	        0.716638	      0.00366973
              22	        0.753027	        0.718292	      0.00385771
              23	        0.727492	        0.718692	      0.00371066
              24	        0.724491	        0.718934	      0.00356391
              25	         0.72101	        0.719017	      0.00342232
              26	        0.717132	        0.718944	      0.00329146
              27	        0.710548	        0.718633	      0.00318421
              28	        0.719875	        0.718678	       0.0030708
              29	        0.722017	        0.718793	      0.00296707
              30	         0.73577	        0.719359	      0.00292163
              31	        0.699555	         0.71872	      0.00289639
              32	           0.746	        0.719573	      0.00292865
              33	        0.740701	        0.720213	      0.00290905
              34	        0.721033	        0.720237	      0.00282359
              35	        0.718094	        0.720176	      0.00274358
              36	        0.711382	        0.719931	      0.00267822
              37	        0.698505	        0.719352	      0.00266771
              38	        0.722877	        0.719445	      0.00259911
              39	        0.721081	        0.719487	      0.00253281
              40	        0.701501	        0.719037	      0.00250909
              41	        0.723257	         0.71914	         0.00245
              42	        0.711906	        0.718968	      0.00239771
              43	        0.687424	        0.718234	       0.0024516
              44	        0.711892	         0.71809	      0.00240012
              45	        0.753623	         0.71888	      0.00247326
              46	        0.711847	        0.718727	      0.00242421
              47	        0.674749	        0.717791	      0.00254682
              48	        0.740482	        0.718264	      0.00253726
              49	        0.725804	        0.718418	      0.00249014
              50	        0.709904	        0.718248	      0.00244615
              51	         0.72078	        0.718297	      0.00239869
              52	        0.731455	         0.71855	      0.00236587
              53	        0.754627	        0.719231	      0.00241717
              54	        0.676965	        0.718448	      0.00249592
              55	        0.737118	        0.718788	      0.00247352
              56	        0.702644	        0.718499	      0.00244609
              57	        0.724196	        0.718599	      0.00240521
              58	        0.716735	        0.718567	      0.00236396
              59	        0.718292	        0.718563	       0.0023239
              60	         0.75415	        0.719156	      0.00235964
              61	        0.729799	         0.71933	       0.0023274
              62	         0.71177	        0.719208	      0.00229306
              63	        0.729183	        0.719367	      0.00226212
              64	        0.716857	        0.719327	      0.00222711
              65	        0.729311	        0.719481	      0.00219814
              66	        0.726828	        0.719592	      0.00216765
              67	         0.71078	        0.719461	      0.00213928
              68	        0.735716	          0.7197	      0.00212114
              69	        0.727302	         0.71981	      0.00209326
              70	        0.697016	        0.719484	      0.00208853
              71	        0.711923	        0.719378	      0.00206183
              72	        0.748116	        0.719777	      0.00207146
              73	        0.720525	        0.719787	      0.00204311
              74	        0.739265	         0.72005	      0.00203239
              75	        0.675818	        0.719461	      0.00208911
              76	         0.67838	         0.71892	       0.0021304
              77	         0.71718	        0.718898	      0.00210285
              78	        0.734845	        0.719102	      0.00208581
              79	        0.723804	        0.719162	      0.00206025
              80	        0.741994	        0.719447	      0.00205417
              81	        0.712394	         0.71936	      0.00203066
              82	        0.743035	        0.719649	      0.00202632
              83	        0.722624	        0.719684	      0.00200222
              84	        0.716582	        0.719648	      0.00197873
              85	        0.744806	        0.719943	      0.00197746
              86	        0.707577	          0.7198	      0.00195969
              87	        0.760704	         0.72027	      0.00199276
              88	        0.721035	        0.720279	      0.00197014
              89	        0.762281	         0.72075	      0.00200373
              90	        0.718409	        0.720724	      0.00198163
              91	        0.737677	        0.720911	      0.00196859
              92	         0.71667	        0.720865	      0.00194774
              93	        0.719583	        0.720851	      0.00192684
              94	        0.747106	         0.72113	      0.00192648
              95	        0.754879	        0.721485	      0.00193868
              96	        0.710865	        0.721375	      0.00192164
              97	         0.71202	        0.721278	      0.00190425
              98	        0.716789	        0.721233	      0.00188537
              99	        0.742011	        0.721442	      0.00187797
             100	        0.723245	         0.72146	      0.00185928
             101	        0.719867	        0.721445	      0.00184094
             102	        0.735651	        0.721584	      0.00182815
             103	        0.708684	        0.721459	      0.00181468
             104	        0.734794	        0.721587	      0.00180176
             105	        0.750006	        0.721858	      0.00180481
             106	        0.724687	        0.721884	      0.00178798
             107	        0.707518	         0.72175	      0.00177631
             108	        0.725467	        0.721784	      0.00176019
             109	        0.715518	        0.721727	      0.00174498
             110	        0.722533	        0.721734	      0.00172914
             111	         0.73526	        0.721856	      0.00171785
             112	         0.70705	        0.721724	      0.00170759
             113	         0.71404	        0.721656	      0.00169383
             114	        0.736834	        0.721789	       0.0016842
             115	        0.734925	        0.721903	      0.00167342
             116	        0.689396	        0.721623	       0.0016823
             117	        0.693132	         0.72138	      0.00168545
             118	        0.717648	        0.721348	      0.00167146
             119	        0.719881	        0.721336	      0.00165746
             120	        0.717963	        0.721307	      0.00164389
             121	        0.732426	        0.721399	      0.00163287
             122	        0.735311	        0.721513	      0.00162346
             123	        0.717475	        0.721481	      0.00161059
             124	        0.731064	        0.721558	      0.00159946
             125	        0.722074	        0.721562	      0.00158667
             126	        0.713277	        0.721496	      0.00157544
             127	        0.725705	        0.721529	      0.00156338
             128	        0.712443	        0.721458	      0.00155278
             129	        0.749438	        0.721675	      0.00155582
             130	        0.733504	        0.721766	      0.00154651
             131	        0.729773	        0.721827	      0.00153591
             132	        0.725532	        0.721855	      0.00152453
             133	        0.730965	        0.721924	       0.0015146
             134	        0.702828	        0.721781	      0.00150999
             135	        0.719938	        0.721768	      0.00149887
             136	        0.727475	         0.72181	      0.00148843
             137	        0.747813	           0.722	      0.00148962
             138	        0.726471	        0.722032	      0.00147918
             139	        0.706576	        0.721921	      0.00147271
             140	        0.733461	        0.722003	       0.0014645
             141	        0.712417	        0.721935	      0.00145569
             142	        0.723376	        0.721945	      0.00144547
             143	         0.71118	         0.72187	      0.00143732
             144	        0.734667	        0.721959	      0.00143009
             145	         0.73478	        0.722047	      0.00142295
             146	        0.710967	        0.721971	      0.00141523
             147	        0.722182	        0.721973	       0.0014056
             148	        0.696255	        0.721799	      0.00140681
             149	        0.726284	        0.721829	      0.00139769
             150	        0.688689	        0.721608	      0.00140572
             151	        0.699512	        0.721462	      0.00140401
             152	        0.729217	        0.721513	       0.0013957
             153	        0.726499	        0.721546	      0.00138696
             154	        0.702982	        0.721425	      0.00138318
             155	        0.721901	        0.721428	      0.00137426
             156	         0.73166	        0.721494	      0.00136701
             157	         0.72735	        0.721531	      0.00135881
             158	        0.733733	        0.721608	      0.00135241
             159	        0.760304	        0.721852	      0.00136562
             160	        0.709013	        0.721771	      0.00135944
             161	        0.712865	        0.721716	      0.00135212
             162	        0.754261	        0.721917	      0.00135862
             163	        0.717662	        0.721891	      0.00135054
             164	        0.740437	        0.722004	      0.00134703
             165	        0.751217	        0.722181	      0.00135045
             166	        0.739818	        0.722287	      0.00134649
             167	        0.746874	        0.722434	      0.00134645
             168	        0.721793	        0.722431	      0.00133844
             169	        0.698777	        0.722291	      0.00133782
             170	        0.717671	        0.722263	      0.00133022
             171	        0.708553	        0.722183	      0.00132486
             172	        0.730462	        0.722231	      0.00131803
             173	        0.732956	        0.722293	      0.00131187
             174	        0.710068	        0.722223	      0.00130621
             175	        0.683586	        0.722002	      0.00131727
             176	        0.691087	        0.721827	      0.00132145
             177	        0.737688	        0.721916	      0.00131702
             178	        0.716948	        0.721888	      0.00130991
             179	        0.718729	        0.721871	      0.00130271
             180	        0.703679	         0.72177	      0.00129939
             181	        0.707007	        0.721688	      0.00129477
             182	         0.71657	         0.72166	      0.00128796
             183	        0.706755	        0.721579	       0.0012835
             184	        0.728278	        0.721615	      0.00127704
             185	        0.710936	        0.721557	      0.00127144
             186	        0.689748	        0.721386	      0.00127605
             187	        0.737543	        0.721473	      0.00127215
             188	        0.719597	        0.721463	      0.00126542
             189	        0.740054	        0.721561	      0.00126254
             190	        0.722516	        0.721566	      0.00125591
             191	        0.725745	        0.721588	      0.00124952
             192	        0.731532	         0.72164	      0.00124409
             193	        0.729447	         0.72168	       0.0012383
             194	         0.72895	        0.721718	      0.00123248
             195	         0.72495	        0.721734	      0.00122628
             196	        0.735682	        0.721805	      0.00122208
             197	        0.688845	        0.721638	      0.00122728
             198	        0.781299	        0.721939	      0.00125753
             199	        0.756522	        0.722113	      0.00126316
             200	        0.738746	        0.722196	      0.00125958
             201	        0.684687	         0.72201	      0.00126706
             202	        0.714953	        0.721975	      0.00126127
             203	        0.767214	        0.722198	      0.00127459
             204	        0.715668	        0.722166	      0.00126874
             205	        0.717501	        0.722143	      0.00126276
             206	        0.698315	        0.722027	      0.00126192
             207	        0.725506	        0.722044	      0.00125593
             208	        0.713677	        0.722004	      0.00125054
             209	        0.721509	        0.722001	      0.00124456
             210	         0.72878	        0.722034	      0.00123905
             211	        0.746607	         0.72215	      0.00123864
             212	        0.720323	        0.722142	      0.00123282
             213	        0.708732	        0.722079	      0.00122864
             214	        0.701943	        0.721985	       0.0012265
             215	        0.720136	        0.721976	      0.00122083
             216	        0.739325	        0.722056	      0.00121781
             217	        0.713875	        0.722019	      0.00121278
             218	        0.726488	        0.722039	      0.00120739
             219	        0.719827	        0.722029	      0.00120192
             220	        0.726213	        0.722048	      0.00119661
             221	        0.691455	         0.72191	      0.00119918
             222	        0.701989	         0.72182	      0.00119713
             223	        0.719543	         0.72181	       0.0011918
             224	        0.716247	        0.721785	      0.00118674
             225	        0.721217	        0.721782	      0.00118147
             226	        0.699643	        0.721684	      0.00118029
             227	          0.7224	        0.721687	       0.0011751
             228	        0.705824	        0.721618	        0.001172
             229	        0.732091	        0.721664	      0.00116778
             230	        0.715875	        0.721638	      0.00116297
             231	        0.688647	        0.721496	      0.00116667
             232	         0.70194	        0.721411	      0.00116469
             233	         0.71025	        0.721363	      0.00116067
             234	        0.719759	        0.721357	      0.00115573
             235	        0.725685	        0.721375	      0.00115096
             236	        0.743631	        0.721469	      0.00114994
             237	        0.717523	        0.721453	      0.00114521
             238	        0.722845	        0.721458	      0.00114041
             239	        0.713166	        0.721424	      0.00113617
             240	        0.733994	        0.721476	      0.00113264
             241	         0.73013	        0.721512	      0.00112851
             242	        0.730187	        0.721548	      0.00112442
             243	        0.717075	        0.721529	      0.00111994
             244	        0.737121	        0.721593	      0.00111717
             245	        0.722652	        0.721598	      0.00111262
             246	        0.741472	        0.721678	      0.00111103
             247	        0.710491	        0.721633	      0.00110745
             248	        0.719626	        0.721625	      0.00110302
             249	        0.717671	        0.721609	       0.0010987
             250	        0.725067	        0.721623	      0.00109439
             251	        0.724982	        0.721636	      0.00109011
             252	        0.722315	        0.721639	      0.00108579
             253	        0.751237	        0.721756	      0.00108778
             254	        0.697529	        0.721661	      0.00108767
             255	        0.717044	        0.721643	      0.00108356
             256	        0.710959	        0.721601	      0.00108013
             257	        0.732037	        0.721642	      0.00107669
             258	        0.716772	        0.721623	      0.00107268
             259	        0.717733	        0.721608	      0.00106865
             260	        0.704252	        0.721541	      0.00106662
             261	        0.718508	        0.721529	       0.0010626
             262	        0.704667	        0.721465	      0.00106049
             263	        0.732142	        0.721505	      0.00105723
             264	        0.719833	        0.721499	      0.00105325
             265	        0.713691	         0.72147	      0.00104968
             266	        0.713203	        0.721439	       0.0010462
             267	        0.737702	          0.7215	      0.00104405
             268	        0.714553	        0.721474	      0.00104048
             269	        0.696516	        0.721381	      0.00104074
             270	        0.732165	        0.721421	      0.00103765
             271	        0.721305	         0.72142	      0.00103382
             272	        0.721691	        0.721421	      0.00103002
             273	        0.751674	        0.721532	      0.00103219
             274	        0.703248	        0.721465	      0.00103058
             275	        0.700704	         0.72139	      0.00102959
             276	        0.736244	        0.721444	      0.00102727
             277	        0.696729	        0.721355	      0.00102743
             278	        0.712275	        0.721322	      0.00102425
             279	         0.70916	        0.721278	      0.00102151
             280	        0.726479	        0.721297	      0.00101803
             281	        0.724074	        0.721307	      0.00101445
             282	        0.727007	        0.721327	      0.00101106
             283	        0.693223	        0.721228	      0.00101235
             284	        0.728111	        0.721252	      0.00100907
             285	        0.738031	        0.721311	      0.00100725
             286	        0.699328	        0.721234	      0.00100666
             287	        0.737762	        0.721291	      0.00100479
             288	        0.731313	        0.721326	      0.00100191
             289	        0.734919	        0.721373	     0.000999544
             290	        0.730791	        0.721406	     0.000996625
             291	        0.711186	        0.721371	     0.000993818
             292	        0.733254	        0.721411	     0.000991248
             293	        0.718142	          0.7214	     0.000987928
             294	        0.739776	        0.721463	     0.000986542
             295	        0.744522	        0.721541	      0.00098629
             296	        0.726996	        0.721559	      0.00098313
             297	        0.737884	        0.721614	     0.000981355
             298	         0.70897	        0.721572	     0.000978979
             299	        0.748363	        0.721661	     0.000979797
             300	        0.686681	        0.721545	     0.000983444
             301	        0.729696	        0.721572	      0.00098055
             302	        0.718043	         0.72156	     0.000977373
             303	         0.71543	         0.72154	     0.000974356
             304	        0.730664	         0.72157	     0.000971613
             305	        0.739226	        0.721628	     0.000970151
             306	        0.725461	         0.72164	     0.000967061
             307	        0.745875	        0.721719	     0.000967128
             308	        0.715765	          0.7217	     0.000964181
             309	        0.728879	        0.721723	      0.00096134
             310	        0.714959	        0.721701	     0.000958487
             311	        0.756423	        0.721813	     0.000961885
             312	        0.728601	        0.721835	     0.000959048
             313	        0.715637	        0.721815	     0.000956189
             314	        0.728698	        0.721837	     0.000953395
             315	        0.697935	        0.721761	     0.000953383
             316	        0.691084	        0.721664	     0.000955296
             317	         0.71678	        0.721649	     0.000952406
             318	        0.737129	        0.721697	     0.000950655
             319	        0.740335	        0.721756	     0.000949468
             320	         0.70002	        0.721688	     0.000948928
             321	        0.704099	        0.721633	     0.000947552
             322	        0.720235	        0.721629	     0.000944619
             323	         0.71787	        0.721617	     0.000941766
             324	        0.711923	        0.721587	     0.000939335
             325	        0.723535	        0.721593	     0.000936464
             326	        0.701129	         0.72153	     0.000935693
             327	        0.719021	        0.721523	     0.000932863
             328	        0.705532	        0.721474	     0.000931292
             329	         0.72554	        0.721486	     0.000928543
             330	        0.745279	        0.721558	     0.000928524
             331	        0.697648	        0.721486	     0.000928525
             332	        0.726357	        0.721501	     0.000925844
             333	        0.691966	        0.721412	     0.000927302
             334	        0.728488	        0.721433	     0.000924768
             335	        0.704888	        0.721384	     0.000923325
             336	        0.679118	        0.721258	     0.000929106
             337	        0.666732	        0.721096	     0.000940332
             338	         0.71067	        0.721065	     0.000938056
             339	        0.723152	        0.721072	     0.000935309
             340	        0.724445	        0.721082	     0.000932611
             341	        0.704162	        0.721032	     0.000931195
             342	        0.699748	         0.72097	     0.000930549
             343	        0.720953	         0.72097	     0.000927836
             344	        0.731938	        0.721001	     0.000925687
             345	        0.734848	        0.721042	     0.000923873
             346	        0.730145	        0.721068	     0.000921578
             347	        0.706474	        0.721026	     0.000919881
             348	        0.710423	        0.720995	     0.000917742
             349	        0.732894	        0.721029	     0.000915746
             350	        0.714843	        0.721012	       0.0009133
             351	        0.707645	        0.720974	     0.000911491
             352	        0.755288	        0.721071	       0.0009141
             353	        0.719957	        0.721068	     0.000911516
             354	        0.707345	        0.721029	     0.000909765
             355	        0.727288	        0.721047	     0.000907373
             356	         0.71962	        0.721043	     0.000904833
             357	        0.736516	        0.721086	     0.000903336
             358	        0.732026	        0.721117	     0.000901329
             359	        0.693855	        0.721041	     0.000902012
             360	        0.745609	        0.721109	     0.000902084
             361	        0.709458	        0.721077	     0.000900163
             362	        0.739878	        0.721129	     0.000899173
             363	        0.725555	        0.721141	     0.000896779
             364	        0.719427	        0.721136	     0.000894327
             365	        0.714735	        0.721119	     0.000892049
             366	        0.728817	         0.72114	      0.00088986
             367	        0.729333	        0.721162	     0.000887715
             368	        0.728051	        0.721181	       0.0008855
             369	        0.718573	        0.721174	     0.000883129
             370	        0.719915	         0.72117	     0.000880748
             371	        0.724712	         0.72118	     0.000878426
             372	        0.708945	        0.721147	      0.00087668
             373	         0.72297	        0.721152	     0.000874343
             374	        0.732721	        0.721183	     0.000872553
             375	        0.706142	        0.721143	     0.000871147
             376	        0.705847	        0.721102	      0.00086978
             377	        0.731753	         0.72113	     0.000867931
             378	        0.739237	        0.721178	     0.000866956
             379	         0.71794	         0.72117	     0.000864711
             380	        0.711801	        0.721145	     0.000862786
             381	        0.765152	         0.72126	     0.000868219
             382	        0.720247	        0.721258	      0.00086595
             383	        0.738513	        0.721303	      0.00086486
             384	        0.727759	         0.72132	     0.000862771
             385	        0.713274	        0.721299	     0.000860784
             386	        0.734434	        0.721333	     0.000859226
             387	        0.705455	        0.721292	     0.000857985
             388	        0.699526	        0.721236	     0.000857605
             389	        0.695569	         0.72117	     0.000857935
             390	        0.733546	        0.721201	     0.000856322
             391	        0.709325	        0.721171	      0.00085467
             392	        0.715087	        0.721156	     0.000852631
             393	        0.724621	        0.721164	     0.000850507
             394	        0.729288	        0.721185	     0.000848598
             395	        0.701991	        0.721136	      0.00084784
             396	        0.723441	        0.721142	     0.000845719
             397	        0.737762	        0.721184	     0.000844624
             398	        0.710695	        0.721158	     0.000842913
             399	        0.730088	         0.72118	     0.000841098
             400	        0.745484	        0.721241	     0.000841187
             401	        0.703989	        0.721198	     0.000840188
             402	        0.710939	        0.721172	     0.000838486
             403	        0.703759	        0.721129	     0.000837518
             404	        0.704255	        0.721087	     0.000836486
             405	        0.712999	        0.721067	     0.000834659
             406	        0.749146	        0.721137	     0.000835463
             407	        0.714414	         0.72112	     0.000833574
             408	         0.69263	         0.72105	      0.00083445
             409	        0.740706	        0.721098	     0.000833793
             410	        0.712026	        0.721076	     0.000832053
             411	        0.720749	        0.721075	     0.000830029
             412	        0.731929	        0.721102	     0.000828432
             413	         0.73377	        0.721132	     0.000826994
             414	        0.715322	        0.721118	     0.000825115
             415	        0.712749	        0.721098	     0.000823373
             416	        0.711609	        0.721075	      0.00082171
             417	        0.706326	         0.72104	     0.000820501
             418	        0.676911	        0.720934	     0.000825302
             419	        0.727762	        0.720951	     0.000823493
             420	         0.70886	        0.720922	     0.000822035
             421	        0.715194	        0.720908	     0.000820195
             422	         0.72198	        0.720911	     0.000818255
             423	        0.712037	         0.72089	      0.00081659
             424	        0.735898	        0.720925	     0.000815431
             425	        0.731739	        0.720951	     0.000813909
             426	        0.718936	        0.720946	     0.000812012
             427	        0.734565	        0.720978	     0.000810737
             428	        0.722292	        0.720981	     0.000808848
             429	         0.71375	        0.720964	     0.000807138
             430	         0.73787	        0.721003	     0.000806218
             431	         0.74141	        0.721051	     0.000805737
             432	        0.732539	        0.721077	      0.00080431
             433	        0.706769	        0.721044	     0.000803131
             434	        0.713699	        0.721027	     0.000801459
             435	        0.735379	         0.72106	     0.000800295
             436	        0.739648	        0.721103	     0.000799595
             437	        0.699435	        0.721053	     0.000799301
             438	        0.703387	        0.721013	     0.000798493
             439	        0.708953	        0.720986	     0.000797146
             440	        0.722701	         0.72099	     0.000795344
             441	        0.704145	        0.720951	     0.000794457
             442	        0.699172	        0.720902	     0.000794187
             443	        0.725577	        0.720913	     0.000792464
             444	        0.733623	        0.720941	     0.000791196
             445	        0.697007	        0.720887	     0.000791244
             446	        0.717762	         0.72088	     0.000789501
             447	        0.703813	        0.720842	     0.000788657
             448	        0.693285	        0.720781	     0.000789292
             449	        0.732797	        0.720807	     0.000787988
             450	        0.701546	        0.720765	     0.000787398
             451	        0.683813	        0.720683	     0.000789904
             452	        0.708091	        0.720655	     0.000788647
             453	        0.741677	        0.720701	     0.000788271
             454	        0.737892	        0.720739	     0.000787443
             455	        0.699123	        0.720692	     0.000787144
             456	        0.709535	        0.720667	     0.000785798
             457	        0.725149	        0.720677	      0.00078414
             458	        0.724091	        0.720684	     0.000782463
             459	        0.734783	        0.720715	     0.000781361
             460	        0.734896	        0.720746	     0.000780271
             461	        0.723376	        0.720752	     0.000778599
             462	        0.728599	        0.720769	     0.000777099
             463	        0.723852	        0.720775	     0.000775449
             464	        0.714284	        0.720761	     0.000773904
             465	        0.717234	        0.720754	     0.000772277
             466	        0.722584	        0.720758	      0.00077063
             467	        0.760718	        0.720843	     0.000773715
             468	         0.72187	        0.720845	     0.000772065
             469	        0.714545	        0.720832	     0.000770536
             470	        0.702644	        0.720793	     0.000769868
             471	        0.702196	        0.720754	     0.000769245
             472	        0.715589	        0.720743	     0.000767693
             473	        0.729671	        0.720762	     0.000766302
             474	        0.700911	         0.72072	     0.000765829
             475	        0.754216	         0.72079	     0.000767456
             476	        0.739214	        0.720829	      0.00076682
             477	        0.723833	        0.720835	     0.000765238
             478	        0.736746	        0.720869	      0.00076436
             479	        0.729892	        0.720888	     0.000762997
             480	        0.741572	        0.720931	     0.000762623
             481	        0.735433	        0.720961	     0.000761633
             482	        0.699379	        0.720916	     0.000761368
             483	        0.712113	        0.720898	      0.00076001
             484	        0.714167	        0.720884	     0.000758567
             485	        0.743501	        0.720931	     0.000758435
             486	        0.709546	        0.720907	     0.000757236
             487	        0.715027	        0.720895	     0.000755777
             488	        0.730417	        0.720915	      0.00075448
             489	        0.724247	        0.720921	     0.000752968
             490	        0.742843	        0.720966	      0.00075276
             491	        0.717921	         0.72096	     0.000751252
             492	        0.709705	        0.720937	     0.000750073
             493	        0.724973	        0.720945	     0.000748596
             494	        0.720428	        0.720944	     0.000747082
             495	        0.710204	        0.720922	     0.000745888
             496	        0.731892	        0.720945	     0.000744712
             497	        0.730343	        0.720963	     0.000743453
             498	        0.728845	        0.720979	     0.000742129
             499	        0.734536	        0.721006	     0.000741139
             500	        0.686729	        0.720938	      0.00074282
