#     BLOCK:   ACTUAL_CV:    CV_AVE:      ERROR:
           1	    0.137028	    0.137028	           0
           2	     0.13191	    0.134469	  0.00180955
           3	    0.140377	    0.136438	   0.0020103
           4	    0.132765	     0.13552	  0.00170459
           5	    0.132979	    0.135012	  0.00143744
           6	    0.139114	    0.135696	  0.00135072
           7	    0.130994	    0.135024	  0.00131418
           8	    0.142098	    0.135908	  0.00141652
           9	    0.126757	    0.134891	  0.00158252
          10	    0.135017	    0.134904	  0.00142432
          11	    0.133684	    0.134793	  0.00129914
          12	    0.135832	     0.13488	  0.00119377
          13	    0.138242	    0.135138	   0.0011296
          14	     0.12922	    0.134716	  0.00112523
          15	    0.143734	    0.135317	  0.00120013
          16	    0.136426	    0.135386	  0.00112713
          17	    0.133333	    0.135265	  0.00106728
          18	    0.124886	    0.134689	  0.00115329
          19	    0.149018	    0.135443	  0.00131628
          20	    0.134518	    0.135397	  0.00125128
          21	    0.138634	    0.135551	  0.00120115
          22	    0.141473	     0.13582	  0.00117633
          23	    0.137486	    0.135892	  0.00112742
          24	    0.133241	    0.135782	  0.00108584
          25	    0.127323	    0.135444	  0.00109385
          26	     0.12709	    0.135122	  0.00109795
          27	    0.145894	    0.135521	  0.00112744
          28	    0.143909	    0.135821	  0.00112626
          29	    0.143022	    0.136069	  0.00111446
          30	    0.127513	    0.135784	  0.00111321
          31	    0.132798	    0.135688	  0.00108145
          32	    0.131405	    0.135554	  0.00105591
          33	    0.127543	    0.135311	  0.00105145
          34	     0.12808	    0.135098	  0.00104181
          35	    0.150723	    0.135545	  0.00110354
          36	    0.152122	    0.136005	  0.00116501
          37	    0.128959	    0.135815	  0.00114898
          38	    0.123561	    0.135492	  0.00116312
          39	    0.140766	    0.135628	  0.00114113
          40	    0.143097	    0.135814	  0.00112777
          41	    0.148833	    0.136132	   0.0011441
          42	    0.127672	     0.13593	  0.00113445
          43	    0.134368	    0.135894	  0.00110865
          44	    0.131341	    0.135791	  0.00108827
          45	    0.141744	    0.135923	   0.0010721
          46	     0.13644	    0.135934	  0.00104885
          47	    0.138507	    0.135989	  0.00102796
          48	     0.13896	    0.136051	  0.00100841
          49	     0.14126	    0.136157	 0.000993415
          50	    0.136472	    0.136163	 0.000973567
          51	    0.136407	    0.136168	 0.000954489
          52	    0.133906	    0.136125	 0.000937124
          53	    0.143155	    0.136257	 0.000928783
          54	    0.150258	    0.136517	 0.000947078
          55	    0.115316	    0.136131	  0.00100525
          56	    0.129983	    0.136021	 0.000993271
          57	    0.130875	    0.135931	  0.00097994
          58	    0.135966	    0.135932	 0.000963044
          59	    0.138087	    0.135968	 0.000947414
          60	    0.132324	    0.135907	 0.000933569
          61	    0.124532	    0.135721	 0.000936703
          62	    0.146902	    0.135901	 0.000938796
          63	    0.126856	    0.135758	  0.00093481
          64	    0.142133	    0.135857	 0.000925496
          65	    0.144061	    0.135984	 0.000919823
          66	    0.128157	    0.135865	 0.000913498
          67	    0.139565	     0.13592	 0.000901532
          68	    0.132565	    0.135871	 0.000889623
          69	    0.133882	    0.135842	 0.000877197
          70	    0.121465	    0.135637	 0.000888386
          71	    0.129219	    0.135546	 0.000880459
          72	    0.140145	     0.13561	 0.000870544
          73	    0.129229	    0.135523	 0.000862997
          74	    0.139304	    0.135574	 0.000852846
          75	    0.121988	    0.135393	 0.000860498
          76	    0.135092	    0.135389	 0.000849184
          77	    0.130528	    0.135326	 0.000840499
          78	     0.13609	    0.135335	 0.000829781
          79	    0.127556	    0.135237	 0.000825099
          80	    0.134898	    0.135233	 0.000814796
          81	    0.136301	    0.135246	 0.000804844
          82	    0.128026	    0.135158	  0.00079983
          83	     0.14662	    0.135296	 0.000802026
          84	    0.136938	    0.135315	 0.000792717
          85	    0.132815	    0.135286	 0.000783936
          86	    0.126293	    0.135181	 0.000781764
          87	    0.137471	    0.135208	 0.000773221
          88	    0.124615	    0.135087	 0.000773748
          89	    0.133749	    0.135072	   0.0007652
          90	    0.119523	      0.1349	 0.000775956
          91	     0.13727	    0.134926	 0.000767866
          92	    0.130437	    0.134877	 0.000761068
          93	    0.140781	     0.13494	 0.000755528
          94	    0.130542	    0.134894	 0.000748938
          95	    0.147029	    0.135021	  0.00075187
          96	    0.138684	    0.135059	 0.000745006
          97	    0.139064	    0.135101	 0.000738468
          98	    0.138656	    0.135137	 0.000731823
          99	    0.133398	    0.135119	 0.000724642
         100	    0.129733	    0.135066	 0.000719395
