#     BLOCK:   ACTUAL_X:     X_AVE:       ERROR:
           1	    0.813696	    0.813696	           0
           2	    0.774941	    0.794319	   0.0137019
           3	    0.792202	    0.793613	  0.00915277
           4	    0.789919	    0.792689	  0.00691102
           5	    0.799215	    0.793995	   0.0056507
           6	    0.783341	    0.792219	  0.00498006
           7	    0.801176	    0.793499	  0.00442996
           8	    0.831642	    0.798267	  0.00590903
           9	    0.813777	     0.79999	  0.00549806
          10	    0.816048	    0.801596	  0.00517745
          11	    0.817696	    0.803059	  0.00490931
          12	    0.802902	    0.803046	  0.00450021
          13	    0.802583	    0.803011	  0.00415419
          14	    0.820265	    0.804243	  0.00403613
          15	    0.822824	    0.805482	  0.00395258
          16	    0.808821	    0.805691	  0.00371104
          17	    0.833263	    0.807313	  0.00383082
          18	    0.802268	    0.807032	  0.00362823
          19	    0.804445	    0.806896	  0.00343983
          20	    0.793648	    0.806234	    0.003331
          21	    0.780848	    0.805025	  0.00338463
          22	    0.790568	    0.804368	  0.00329395
          23	    0.801753	    0.804254	   0.0031527
          24	    0.810686	    0.804522	   0.0030327
          25	    0.791525	    0.804002	  0.00295562
          26	    0.787251	    0.803358	  0.00291132
          27	    0.813618	    0.803738	  0.00282818
          28	    0.776857	    0.802778	  0.00288552
          29	    0.828331	    0.803659	  0.00291745
          30	    0.829248	    0.804512	  0.00294225
          31	     0.80852	    0.804641	  0.00285018
          32	    0.792665	    0.804267	  0.00278558
          33	    0.803498	    0.804244	  0.00270126
          34	    0.794015	    0.803943	  0.00263852
          35	    0.789922	    0.803542	  0.00259336
          36	    0.802659	    0.803518	  0.00252144
          37	    0.802707	    0.803496	  0.00245339
          38	    0.834788	    0.804319	  0.00252324
          39	    0.813441	    0.804553	  0.00246936
          40	    0.782812	     0.80401	  0.00246672
          41	    0.801477	    0.803948	  0.00240733
          42	    0.829771	    0.804563	  0.00242726
          43	    0.829744	    0.805148	  0.00244044
          44	    0.813158	     0.80533	  0.00239175
          45	    0.813988	    0.805523	  0.00234633
          46	    0.815326	    0.805736	  0.00230498
          47	    0.798171	    0.805575	  0.00226155
          48	    0.796935	    0.805395	  0.00222158
          49	     0.82382	    0.805771	  0.00220784
          50	    0.806662	    0.805789	  0.00216375
          51	    0.779546	    0.805274	  0.00218165
          52	     0.79006	    0.804982	  0.00215923
          53	    0.818238	    0.805232	  0.00213292
          54	    0.803952	    0.805208	  0.00209356
          55	    0.798791	    0.805091	  0.00205874
          56	    0.820824	    0.805372	  0.00204106
          57	    0.783919	    0.804996	  0.00203966
          58	    0.813236	    0.805138	  0.00200943
          59	    0.757281	    0.804327	  0.00213281
          60	    0.783417	    0.803978	  0.00212555
          61	    0.811492	    0.804102	  0.00209427
          62	    0.806734	    0.804144	  0.00206092
          63	    0.795868	    0.804013	  0.00203239
          64	    0.829988	    0.804418	  0.00204076
          65	     0.78625	    0.804139	  0.00202841
          66	    0.808084	    0.804199	  0.00199856
          67	     0.80529	    0.804215	   0.0019688
          68	    0.814123	    0.804361	  0.00194523
          69	    0.790956	    0.804166	  0.00192671
          70	    0.787062	    0.803922	  0.00191462
          71	    0.802586	    0.803903	  0.00188775
          72	    0.813633	    0.804038	  0.00186636
          73	    0.794905	    0.803913	  0.00184498
          74	    0.785669	    0.803667	  0.00183645
          75	    0.781167	    0.803367	   0.0018363
          76	    0.808944	     0.80344	   0.0018136
          77	    0.822442	    0.803687	  0.00180676
          78	    0.772015	    0.803281	  0.00182866
          79	    0.803308	    0.803281	  0.00180551
          80	    0.810824	    0.803376	   0.0017854
          81	    0.794244	    0.803263	  0.00176692
          82	    0.807395	    0.803313	  0.00174609
          83	    0.790457	    0.803158	  0.00173191
          84	    0.801501	    0.803139	   0.0017114
          85	    0.777284	    0.802834	  0.00171808
          86	    0.819405	    0.803027	  0.00170888
          87	     0.77898	    0.802751	  0.00171144
          88	    0.818773	    0.802933	  0.00170165
          89	    0.788647	    0.802772	  0.00169008
          90	    0.792869	    0.802662	  0.00167488
          91	    0.787284	    0.802493	  0.00166498
          92	    0.809714	    0.802572	  0.00164873
          93	    0.806153	     0.80261	  0.00163145
          94	    0.799062	    0.802572	  0.00161453
          95	    0.789002	     0.80243	  0.00160385
          96	    0.788265	    0.802282	  0.00159391
          97	    0.790881	    0.802165	  0.00158181
          98	    0.782532	    0.801964	   0.0015783
          99	    0.810496	     0.80205	  0.00156471
         100	     0.78572	    0.801887	  0.00155756
