#     BLOCK:   ACTUAL_CV:    CV_AVE:      ERROR:
               1	        0.122603	        0.122603	               0
               2	        0.119992	        0.121297	     0.000923097
               3	         0.11388	        0.118825	      0.00211046
               4	        0.117945	        0.118605	      0.00159426
               5	        0.110322	        0.116948	        0.001955
               6	        0.120841	        0.117597	      0.00173348
               7	        0.115079	        0.117237	      0.00152271
               8	        0.121124	        0.117723	      0.00140774
               9	         0.11806	         0.11776	      0.00125183
              10	        0.111402	        0.117125	      0.00127796
              11	        0.110019	        0.116479	      0.00131496
              12	        0.115224	        0.116374	      0.00120953
              13	        0.124315	        0.116985	      0.00126134
              14	        0.114482	        0.116806	      0.00118385
              15	        0.119976	        0.117018	      0.00112363
              16	        0.118902	        0.117135	      0.00105956
              17	        0.114483	        0.116979	      0.00100865
              18	        0.112751	        0.116744	     0.000979586
              19	         0.12181	        0.117011	      0.00096363
              20	        0.123842	        0.117353	     0.000974101
              21	        0.110689	        0.117035	     0.000978036
              22	        0.117166	        0.117041	     0.000933598
              23	        0.113371	        0.116882	     0.000906543
              24	        0.118324	        0.116942	     0.000870759
              25	        0.114195	        0.116832	     0.000842832
              26	        0.120942	         0.11699	     0.000825105
              27	        0.120942	        0.117136	     0.000807422
              28	        0.120686	        0.117263	     0.000788477
              29	        0.122142	        0.117431	     0.000779029
              30	        0.110961	        0.117216	     0.000782348
              31	        0.116767	        0.117201	     0.000757245
              32	        0.115796	        0.117157	     0.000734852
              33	        0.117194	        0.117158	     0.000712585
              34	        0.110381	        0.116959	     0.000718967
              35	        0.131439	        0.117373	     0.000808739
              36	        0.118201	        0.117396	     0.000786601
              37	        0.123256	        0.117554	     0.000781125
              38	        0.121855	        0.117667	     0.000768726
              39	        0.112294	        0.117529	     0.000761261
              40	        0.117992	        0.117541	     0.000742317
              41	        0.106801	        0.117279	     0.000769045
              42	        0.124487	        0.117451	     0.000769646
              43	        0.119173	        0.117491	     0.000752789
              44	        0.119685	        0.117541	      0.00073733
              45	        0.117661	        0.117543	      0.00072095
              46	        0.116572	        0.117522	     0.000705586
              47	        0.113208	         0.11743	     0.000696519
              48	        0.110575	        0.117288	     0.000696496
              49	        0.113668	        0.117214	     0.000686187
              50	        0.119179	        0.117253	     0.000673588
              51	        0.106498	        0.117042	     0.000692602
              52	        0.115094	        0.117005	     0.000680296
              53	        0.121205	        0.117084	     0.000672061
              54	        0.110305	        0.116958	     0.000671238
              55	        0.119397	        0.117003	     0.000660496
              56	        0.114832	        0.116964	     0.000649837
              57	        0.116997	        0.116965	     0.000638437
              58	        0.113041	        0.116897	     0.000631003
              59	        0.109026	        0.116764	     0.000634252
              60	        0.115085	        0.116736	     0.000624298
              61	        0.123504	        0.116846	     0.000623846
              62	        0.116499	        0.116841	     0.000613809
              63	        0.114242	          0.1168	     0.000605451
              64	        0.122771	        0.116893	     0.000603138
              65	        0.111032	        0.116803	     0.000600561
              66	         0.11228	        0.116734	     0.000595359
              67	        0.112323	        0.116668	     0.000590103
              68	        0.125424	        0.116797	     0.000595308
              69	        0.110631	        0.116708	     0.000593349
              70	        0.108169	        0.116586	     0.000597279
              71	        0.111573	        0.116515	     0.000593025
              72	        0.117619	        0.116531	     0.000584987
              73	        0.118002	        0.116551	      0.00057732
              74	        0.113629	        0.116511	     0.000570867
              75	        0.110191	        0.116427	     0.000569441
              76	        0.119758	        0.116471	     0.000563633
              77	        0.117918	         0.11649	     0.000556626
              78	        0.116979	        0.116496	     0.000549525
              79	         0.11673	        0.116499	     0.000542577
              80	        0.105382	         0.11636	     0.000553304
              81	        0.111133	        0.116295	     0.000550222
              82	        0.113275	        0.116258	     0.000544744
              83	        0.115697	        0.116252	     0.000538222
              84	        0.116218	        0.116251	     0.000531815
              85	        0.115469	        0.116242	     0.000525638
              86	        0.111467	        0.116187	      0.00052245
              87	        0.120087	        0.116231	     0.000518365
              88	        0.107009	        0.116127	     0.000522961
              89	        0.112764	        0.116089	     0.000518448
              90	        0.121219	        0.116146	     0.000515811
              91	        0.119489	        0.116183	     0.000511449
              92	        0.116995	        0.116191	     0.000505966
              93	        0.121264	        0.116246	     0.000503457
              94	        0.116783	        0.116252	     0.000498134
              95	         0.12684	        0.116363	     0.000505206
              96	         0.11479	        0.116347	     0.000500209
              97	        0.122801	        0.116413	     0.000499459
              98	        0.112933	        0.116378	     0.000495623
              99	        0.120938	        0.116424	     0.000492753
             100	        0.119086	         0.11645	     0.000488544
             101	        0.120636	        0.116492	     0.000485462
             102	        0.116414	        0.116491	     0.000480703
             103	        0.118679	        0.116512	     0.000476505
             104	        0.114158	         0.11649	     0.000472461
             105	        0.107608	        0.116405	     0.000475473
             106	        0.114685	        0.116389	     0.000471264
             107	        0.123557	        0.116456	     0.000471597
             108	        0.113309	        0.116427	     0.000468129
             109	        0.116204	        0.116425	     0.000463839
             110	        0.115864	         0.11642	      0.00045965
             111	        0.107617	         0.11634	     0.000462299
             112	        0.112383	        0.116305	      0.00045952
             113	        0.111303	        0.116261	     0.000457581
             114	        0.112855	        0.116231	     0.000454541
             115	        0.104282	        0.116127	     0.000462312
             116	        0.125205	        0.116205	     0.000464903
             117	        0.115545	          0.1162	     0.000460964
             118	        0.123056	        0.116258	     0.000460705
             119	        0.116356	        0.116258	     0.000456834
             120	        0.119038	        0.116282	     0.000453614
             121	        0.119805	        0.116311	     0.000450799
             122	        0.116105	        0.116309	     0.000447107
             123	        0.110157	        0.116259	      0.00044626
             124	        0.114944	        0.116248	     0.000442788
             125	        0.116505	        0.116251	      0.00043925
             126	        0.121744	        0.116294	     0.000437923
             127	        0.115922	        0.116291	     0.000434484
             128	        0.113805	        0.116272	     0.000431524
             129	        0.116389	        0.116273	      0.00042818
             130	        0.120159	        0.116303	     0.000425928
             131	        0.123016	        0.116354	     0.000425749
             132	        0.111245	        0.116315	     0.000424279
             133	        0.124297	        0.116375	     0.000425312
             134	        0.119286	        0.116397	     0.000422692
             135	        0.120674	        0.116429	     0.000420747
             136	         0.11594	        0.116425	     0.000417669
             137	        0.118004	        0.116436	     0.000414779
             138	        0.112383	        0.116407	     0.000412812
             139	        0.112748	        0.116381	     0.000410681
             140	        0.117727	         0.11639	      0.00040786
             141	        0.111636	        0.116357	     0.000406359
             142	        0.115635	        0.116352	     0.000403529
             143	        0.114717	         0.11634	     0.000400869
             144	         0.11941	        0.116361	     0.000398651
             145	        0.119891	        0.116386	     0.000396644
             146	        0.114138	         0.11637	     0.000394226
             147	        0.109695	        0.116325	     0.000394151
             148	        0.117223	        0.116331	     0.000391535
             149	        0.115069	        0.116323	     0.000388999
             150	        0.107685	        0.116265	     0.000390644
             151	        0.123146	        0.116311	     0.000390706
             152	        0.122254	         0.11635	     0.000390088
             153	        0.111387	        0.116317	     0.000388885
             154	         0.11783	        0.116327	     0.000386483
             155	        0.113761	        0.116311	     0.000384344
             156	        0.125258	        0.116368	     0.000386137
             157	        0.120249	        0.116393	     0.000384468
             158	        0.119462	        0.116412	     0.000382525
             159	        0.116667	        0.116414	     0.000380122
             160	        0.111067	         0.11638	     0.000379212
             161	        0.121694	        0.116413	     0.000378291
             162	        0.118884	        0.116428	     0.000376263
             163	        0.126044	        0.116487	     0.000378551
             164	        0.114917	        0.116478	     0.000376364
             165	         0.11574	        0.116473	     0.000374109
             166	         0.11494	        0.116464	     0.000371969
             167	        0.114164	         0.11645	     0.000369997
             168	         0.11849	        0.116463	     0.000367994
             169	        0.120493	        0.116486	     0.000366589
             170	        0.108123	        0.116437	     0.000367719
             171	        0.120392	         0.11646	     0.000366295
             172	         0.11571	        0.116456	     0.000364191
             173	        0.121838	        0.116487	     0.000363412
             174	        0.118018	        0.116496	      0.00036143
             175	        0.118274	        0.116506	     0.000359508
             176	        0.109805	        0.116468	     0.000359476
             177	        0.109492	        0.116429	     0.000359599
             178	        0.112049	        0.116404	     0.000358419
             179	        0.111422	        0.116376	     0.000357496
             180	        0.108018	         0.11633	     0.000358513
             181	        0.116891	        0.116333	     0.000356546
             182	        0.117789	        0.116341	     0.000354676
             183	        0.111366	        0.116314	     0.000353778
             184	        0.124914	         0.11636	      0.00035493
             185	         0.11436	         0.11635	     0.000353176
             186	        0.121082	        0.116375	     0.000352192
             187	        0.117286	         0.11638	     0.000350343
             188	        0.112881	        0.116361	     0.000348973
             189	        0.120822	        0.116385	     0.000347924
             190	        0.111189	        0.116357	     0.000347166
             191	        0.122733	        0.116391	      0.00034695
             192	        0.117036	        0.116394	     0.000345159
             193	        0.112942	        0.116376	     0.000343834
             194	        0.114253	        0.116365	     0.000342235
             195	        0.116822	        0.116368	     0.000340488
             196	        0.122359	        0.116398	     0.000340121
             197	        0.115458	        0.116394	     0.000338428
             198	        0.119173	        0.116408	     0.000337009
             199	         0.11291	         0.11639	     0.000335774
             200	        0.109971	        0.116358	     0.000335625
