#     BLOCK:   ACTUAL_TE:    TE_AVE:      ERROR:
           1	   -0.844163	   -0.844163	           0
           2	   -0.825526	   -0.834845	   0.0065891
           3	   -0.844499	   -0.838063	  0.00511863
           4	   -0.844052	    -0.83956	  0.00405205
           5	   -0.834878	   -0.838624	  0.00334808
           6	   -0.848054	   -0.840195	  0.00313732
           7	   -0.812998	    -0.83631	  0.00449124
           8	   -0.850529	   -0.838087	  0.00426704
           9	   -0.829845	   -0.837172	  0.00388997
          10	   -0.818951	    -0.83535	  0.00390444
          11	    -0.84673	   -0.836384	  0.00368402
          12	   -0.844762	   -0.837082	  0.00344255
          13	   -0.827248	   -0.836326	  0.00325979
          14	   -0.822299	   -0.835324	  0.00317719
          15	   -0.840508	    -0.83567	  0.00298411
          16	   -0.842902	   -0.836122	  0.00283163
          17	   -0.843374	   -0.836548	  0.00269702
          18	    -0.81899	   -0.835573	  0.00271787
          19	   -0.833647	   -0.835471	  0.00257671
          20	   -0.834645	    -0.83543	  0.00244821
          21	   -0.851286	   -0.836185	  0.00244529
          22	   -0.826741	   -0.835756	  0.00237153
          23	    -0.83558	   -0.835748	  0.00226843
          24	   -0.844286	   -0.836104	  0.00220163
          25	   -0.861135	   -0.837105	  0.00233014
          26	   -0.842642	   -0.837318	  0.00225023
          27	   -0.843997	   -0.837565	  0.00218044
          28	    -0.84447	   -0.837812	  0.00211646
          29	    -0.81926	   -0.837172	  0.00213798
          30	   -0.825008	   -0.836767	  0.00210481
          31	    -0.82487	   -0.836383	  0.00207161
          32	     -0.8453	   -0.836662	  0.00202553
          33	   -0.826036	    -0.83634	  0.00198957
          34	   -0.811442	   -0.835607	  0.00206142
          35	   -0.851212	   -0.836053	  0.00205017
          36	   -0.844607	   -0.836291	  0.00200695
          37	   -0.830736	   -0.836141	  0.00195831
          38	    -0.84217	   -0.836299	   0.0019132
          39	   -0.830363	   -0.836147	  0.00187018
          40	   -0.823079	   -0.835821	  0.00185174
          41	   -0.826756	   -0.835599	  0.00181973
          42	   -0.854789	   -0.836056	  0.00183286
          43	   -0.841474	   -0.836182	  0.00179456
          44	   -0.839841	   -0.836265	   0.0017557
          45	   -0.847476	   -0.836515	  0.00173427
          46	   -0.815624	    -0.83606	  0.00175503
          47	   -0.829519	   -0.835921	  0.00172319
          48	   -0.846509	   -0.836142	  0.00170135
          49	   -0.816464	    -0.83574	  0.00171337
          50	   -0.835634	   -0.835738	  0.00167911
          51	   -0.849989	   -0.836018	  0.00166927
          52	   -0.834443	   -0.835987	  0.00163744
          53	   -0.825445	   -0.835788	  0.00161859
          54	   -0.863202	   -0.836296	  0.00166632
          55	   -0.829986	   -0.836181	  0.00163997
          56	   -0.828325	   -0.836041	  0.00161667
          57	   -0.846164	   -0.836219	  0.00159804
          58	   -0.823493	   -0.835999	  0.00158547
          59	    -0.85297	   -0.836287	  0.00158448
          60	   -0.829148	   -0.836168	  0.00156253
          61	   -0.827427	   -0.836025	  0.00154347
          62	   -0.834368	   -0.835998	  0.00151881
          63	   -0.840628	   -0.836071	  0.00149648
          64	    -0.84814	    -0.83626	  0.00148493
          65	   -0.837462	   -0.836278	   0.0014622
          66	   -0.844741	   -0.836407	  0.00144565
          67	   -0.848044	    -0.83658	  0.00143447
          68	   -0.830239	   -0.836487	  0.00141641
          69	   -0.838302	   -0.836513	  0.00139612
          70	    -0.83607	   -0.836507	  0.00137619
          71	   -0.838684	   -0.836538	  0.00135715
          72	   -0.836162	   -0.836532	  0.00133831
          73	   -0.823561	   -0.836355	  0.00133172
          74	   -0.853051	    -0.83658	   0.0013327
          75	   -0.847176	   -0.836722	   0.0013224
          76	   -0.823638	    -0.83655	  0.00131616
          77	   -0.823118	   -0.836375	  0.00131057
          78	   -0.855753	   -0.836624	  0.00131711
          79	    -0.85274	   -0.836828	  0.00131614
          80	   -0.852534	   -0.837024	  0.00131425
          81	   -0.839265	   -0.837052	  0.00129832
          82	   -0.833298	   -0.837006	  0.00128329
          83	   -0.836286	   -0.836997	  0.00126786
          84	   -0.836746	   -0.836994	  0.00125277
          85	    -0.84919	   -0.837138	  0.00124622
          86	   -0.833038	    -0.83709	  0.00123264
          87	   -0.824194	   -0.836942	  0.00122735
          88	   -0.844905	   -0.837032	  0.00121673
          89	   -0.842089	   -0.837089	  0.00120439
          90	   -0.832125	   -0.837034	  0.00119227
          91	   -0.832702	   -0.836986	  0.00118012
          92	   -0.846792	   -0.837093	  0.00117209
          93	   -0.843471	   -0.837161	  0.00116149
          94	   -0.841321	   -0.837206	  0.00114998
          95	   -0.846398	   -0.837302	  0.00114194
          96	   -0.822656	    -0.83715	  0.00114019
          97	   -0.844788	   -0.837229	  0.00113115
          98	   -0.828865	   -0.837143	  0.00112282
          99	   -0.846716	    -0.83724	  0.00111564
         100	   -0.825606	   -0.837124	  0.00111053
