#     BLOCK:   ACTUAL_TE:    TE_AVE:      ERROR:
               1	       -0.974304	       -0.974304	               0
               2	       -0.976056	        -0.97518	     0.000619426
               3	       -0.967896	       -0.972752	      0.00202501
               4	       -0.979744	         -0.9745	      0.00214435
               5	       -0.979824	       -0.975565	      0.00196212
               6	       -0.968864	       -0.974448	      0.00192689
               7	        -0.98308	       -0.975681	       0.0020078
               8	       -0.973472	       -0.975405	      0.00177571
               9	        -0.96776	       -0.974556	      0.00176996
              10	       -0.973672	       -0.974467	      0.00159517
              11	       -0.973032	       -0.974337	      0.00145548
              12	        -0.98952	       -0.975602	       0.0018021
              13	       -0.981824	       -0.976081	      0.00172587
              14	       -0.975384	       -0.976031	      0.00160331
              15	       -0.981312	       -0.976383	      0.00153459
              16	       -0.985504	       -0.976953	      0.00154093
              17	       -0.984128	       -0.977375	      0.00150698
              18	       -0.974264	       -0.977202	      0.00143313
              19	       -0.983072	       -0.977511	      0.00139061
              20	        -0.99452	       -0.978362	      0.00155959
              21	       -0.979312	       -0.978407	      0.00148598
              22	        -0.97608	       -0.978301	       0.0014222
              23	        -0.97568	       -0.978187	      0.00136492
              24	        -0.97496	       -0.978053	      0.00131466
              25	       -0.975376	       -0.977946	      0.00126642
              26	       -0.982696	       -0.978128	      0.00123082
              27	        -0.97028	       -0.977838	      0.00121908
              28	       -0.980864	       -0.977946	      0.00118032
              29	       -0.991768	       -0.978422	       0.0012321
              30	        -0.97308	       -0.978244	      0.00120383
              31	         -0.9832	       -0.978404	      0.00117557
              32	       -0.981992	       -0.978516	      0.00114416
              33	       -0.979064	       -0.978533	      0.00110961
              34	        -0.98272	       -0.978656	      0.00108379
              35	       -0.977344	       -0.978619	      0.00105347
              36	       -0.981352	       -0.978694	      0.00102694
              37	       -0.975088	       -0.978597	       0.0010038
              38	       -0.987368	       -0.978828	      0.00100357
              39	       -0.980136	       -0.978861	       0.0009784
              40	       -0.989888	       -0.979137	     0.000992015
              41	       -0.981056	       -0.979184	     0.000968923
              42	         -0.9766	       -0.979122	     0.000947804
              43	       -0.985704	       -0.979275	      0.00093804
              44	       -0.980696	       -0.979308	     0.000917277
              45	       -0.975064	       -0.979213	     0.000901727
              46	       -0.976528	       -0.979155	     0.000884012
              47	       -0.978392	       -0.979139	     0.000865352
              48	       -0.973672	       -0.979025	     0.000854786
              49	       -0.981728	        -0.97908	      0.00083912
              50	       -0.979616	       -0.979091	     0.000822406
              51	        -0.97948	       -0.979098	     0.000806315
              52	       -0.982208	       -0.979158	     0.000793024
              53	       -0.977424	       -0.979125	     0.000778736
              54	        -0.96832	       -0.978925	     0.000789605
              55	       -0.982944	       -0.978998	     0.000778622
              56	       -0.978312	       -0.978986	     0.000764814
              57	       -0.986192	       -0.979113	     0.000761773
              58	       -0.962416	       -0.978825	     0.000801188
              59	       -0.976056	       -0.978778	     0.000788981
              60	       -0.983504	       -0.978857	     0.000779754
              61	        -0.97024	       -0.978715	      0.00077966
              62	       -0.972608	       -0.978617	     0.000773283
              63	       -0.983568	       -0.978695	     0.000764992
              64	       -0.987224	       -0.978829	     0.000764557
              65	         -0.9888	       -0.978982	     0.000768031
              66	       -0.971296	       -0.978866	     0.000765172
              67	       -0.977152	        -0.97884	     0.000754179
              68	       -0.981016	       -0.978872	     0.000743767
              69	        -0.97932	       -0.978878	     0.000733016
              70	       -0.981936	       -0.978922	     0.000723844
              71	       -0.981192	       -0.978954	     0.000714355
              72	       -0.981304	       -0.978987	     0.000705179
              73	       -0.986608	       -0.979091	     0.000703204
              74	       -0.989904	       -0.979237	      0.00070872
              75	       -0.983696	       -0.979297	     0.000701759
              76	        -0.97604	       -0.979254	     0.000693833
              77	       -0.979952	       -0.979263	     0.000684881
              78	       -0.974584	       -0.979203	     0.000678723
              79	       -0.980096	       -0.979214	     0.000670225
              80	       -0.982256	       -0.979252	     0.000662925
              81	       -0.967552	       -0.979108	     0.000670293
              82	       -0.966008	       -0.978948	      0.00068089
              83	       -0.986864	       -0.979043	     0.000679334
              84	        -0.99152	       -0.979192	     0.000687292
              85	       -0.977136	       -0.979168	     0.000679632
              86	       -0.986392	       -0.979252	       0.0006769
              87	       -0.974048	       -0.979192	     0.000671757
              88	       -0.972504	       -0.979116	     0.000668409
              89	        -0.97708	       -0.979093	      0.00066129
              90	       -0.977272	       -0.979073	     0.000654252
              91	       -0.970456	       -0.978978	     0.000653879
              92	       -0.978808	       -0.978976	     0.000646774
              93	       -0.984544	       -0.979036	     0.000642584
              94	       -0.982688	       -0.979075	     0.000636922
              95	        -0.99032	       -0.979193	     0.000641122
              96	       -0.972624	       -0.979125	     0.000638085
              97	        -0.97952	       -0.979129	      0.00063152
              98	       -0.986448	       -0.979204	     0.000629476
              99	       -0.982216	       -0.979234	     0.000623853
             100	       -0.970256	       -0.979144	     0.000624041
             101	       -0.988784	        -0.97924	     0.000625119
             102	       -0.980752	       -0.979255	     0.000619166
             103	        -0.97728	       -0.979235	     0.000613451
             104	        -0.97372	       -0.979182	     0.000609841
             105	       -0.983664	       -0.979225	     0.000605524
             106	       -0.990296	        -0.97933	     0.000608753
             107	       -0.988792	       -0.979418	     0.000609453
             108	       -0.982256	       -0.979444	     0.000604376
             109	       -0.982136	       -0.979469	     0.000599336
             110	       -0.976232	        -0.97944	     0.000594609
             111	       -0.981432	       -0.979458	     0.000589523
             112	       -0.985568	       -0.979512	     0.000586779
             113	       -0.988784	       -0.979594	     0.000587295
             114	         -0.9914	       -0.979698	     0.000591203
             115	       -0.977232	       -0.979676	     0.000586451
             116	       -0.971296	       -0.979604	     0.000585828
             117	       -0.983544	       -0.979638	     0.000581788
             118	       -0.987536	       -0.979705	     0.000580695
             119	       -0.982536	       -0.979728	     0.000576303
             120	        -0.98148	       -0.979743	     0.000571685
             121	       -0.976544	       -0.979717	     0.000567572
             122	       -0.984016	       -0.979752	     0.000564012
             123	       -0.981168	       -0.979763	     0.000559544
             124	       -0.960816	       -0.979611	     0.000575517
             125	       -0.978096	       -0.979598	     0.000571041
             126	       -0.975136	       -0.979563	     0.000567606
             127	       -0.983816	       -0.979596	     0.000564124
             128	       -0.982288	       -0.979618	     0.000560108
             129	        -0.98288	       -0.979643	     0.000556337
             130	       -0.967456	       -0.979549	       0.0005599
             131	       -0.982728	       -0.979573	     0.000556151
             132	        -0.96676	       -0.979476	     0.000560345
             133	        -0.97688	       -0.979457	     0.000556472
             134	       -0.974696	       -0.979421	     0.000553452
             135	        -0.95252	       -0.979222	     0.000584125
             136	         -0.9896	       -0.979298	     0.000584793
             137	       -0.977712	       -0.979287	     0.000580639
             138	        -0.97636	       -0.979265	     0.000576819
             139	       -0.982416	       -0.979288	     0.000573114
             140	       -0.990168	       -0.979366	     0.000574265
             141	       -0.977088	        -0.97935	      0.00057042
             142	       -0.973504	       -0.979309	     0.000567886
             143	       -0.982336	        -0.97933	      0.00056431
             144	        -0.97596	       -0.979306	     0.000560876
             145	        -0.97456	       -0.979274	     0.000557962
             146	         -0.9802	        -0.97928	     0.000554176
             147	       -0.984672	       -0.979317	     0.000551619
             148	       -0.984224	        -0.97935	     0.000548888
             149	       -0.981176	       -0.979362	     0.000545341
             150	       -0.984792	       -0.979398	     0.000542905
             151	       -0.980024	       -0.979402	     0.000539326
             152	       -0.988296	       -0.979461	     0.000538942
             153	       -0.980248	       -0.979466	     0.000535444
             154	       -0.979792	       -0.979468	     0.000531971
             155	       -0.982376	       -0.979487	      0.00052887
             156	       -0.981856	       -0.979502	     0.000525698
             157	        -0.97372	       -0.979465	     0.000523638
             158	       -0.966896	       -0.979386	     0.000526332
             159	       -0.980616	       -0.979393	     0.000523078
             160	       -0.973632	       -0.979357	     0.000521047
             161	       -0.979456	       -0.979358	     0.000517811
             162	       -0.976968	       -0.979343	     0.000514825
             163	       -0.968648	       -0.979278	     0.000515831
             164	       -0.975152	       -0.979252	     0.000513299
             165	       -0.972048	       -0.979209	     0.000512041
             166	       -0.983936	       -0.979237	     0.000509748
             167	       -0.986584	       -0.979281	     0.000508591
             168	       -0.975512	       -0.979259	     0.000506058
             169	       -0.985552	       -0.979296	     0.000504432
             170	       -0.981896	       -0.979311	     0.000501696
             171	       -0.979224	       -0.979311	     0.000498762
             172	       -0.979552	       -0.979312	     0.000495865
             173	       -0.976088	       -0.979294	     0.000493349
             174	       -0.987648	       -0.979342	     0.000492844
             175	       -0.973144	       -0.979306	     0.000491299
             176	       -0.988144	       -0.979356	     0.000491067
             177	       -0.980344	       -0.979362	     0.000488324
             178	       -0.982368	       -0.979379	     0.000485872
             179	       -0.982704	       -0.979397	     0.000483513
             180	       -0.995808	       -0.979489	     0.000489347
             181	       -0.978856	       -0.979485	     0.000486656
             182	       -0.980864	       -0.979493	     0.000484041
             183	       -0.991296	       -0.979557	     0.000485674
             184	       -0.987064	       -0.979598	     0.000484745
             185	       -0.978208	       -0.979591	     0.000482183
             186	       -0.976552	       -0.979574	     0.000479867
             187	       -0.979208	       -0.979572	     0.000477305
             188	       -0.988264	       -0.979618	        0.000477
             189	         -0.9794	       -0.979617	     0.000474477
             190	       -0.992416	       -0.979685	     0.000476738
             191	       -0.982592	         -0.9797	     0.000474485
             192	       -0.987632	       -0.979741	     0.000473809
             193	       -0.983264	       -0.979759	     0.000471705
             194	       -0.978192	       -0.979751	     0.000469343
             195	       -0.986232	       -0.979785	     0.000468111
             196	       -0.983152	       -0.979802	     0.000466038
             197	       -0.990016	       -0.979854	     0.000466548
             198	         -0.9762	       -0.979835	     0.000464556
             199	       -0.987048	       -0.979871	     0.000463633
             200	       -0.979624	        -0.97987	     0.000461317
             201	       -0.982584	       -0.979884	     0.000459219
             202	       -0.989688	       -0.979932	     0.000459504
             203	       -0.974384	       -0.979905	     0.000458052
             204	       -0.976024	       -0.979886	     0.000456202
             205	        -0.99396	       -0.979955	     0.000459113
             206	       -0.969168	       -0.979902	     0.000459861
             207	       -0.990528	       -0.979954	     0.000460495
             208	       -0.977408	       -0.979941	     0.000458444
             209	       -0.989688	       -0.979988	     0.000458616
             210	       -0.980728	       -0.979991	     0.000456446
             211	       -0.977824	       -0.979981	     0.000454398
             212	       -0.984176	       -0.980001	     0.000452686
             213	       -0.975648	       -0.979981	     0.000451021
             214	       -0.987696	       -0.980017	     0.000450353
             215	       -0.986264	       -0.980046	     0.000449194
             216	        -0.97996	       -0.980045	     0.000447115
             217	       -0.980024	       -0.980045	     0.000445054
             218	       -0.980736	       -0.980048	     0.000443024
             219	       -0.970088	       -0.980003	      0.00044333
             220	       -0.985208	       -0.980026	     0.000441945
             221	       -0.973008	       -0.979995	     0.000441085
             222	       -0.983616	       -0.980011	       0.0004394
             223	       -0.989048	       -0.980052	     0.000439294
             224	       -0.983704	       -0.980068	     0.000437636
             225	       -0.988264	       -0.980104	     0.000437204
             226	       -0.982928	       -0.980117	     0.000435448
             227	       -0.983344	       -0.980131	     0.000433762
             228	        -0.97296	         -0.9801	     0.000432998
             229	       -0.978472	       -0.980092	     0.000431165
             230	        -0.96768	       -0.980038	     0.000432655
             231	       -0.969024	       -0.979991	     0.000433402
             232	       -0.977584	        -0.97998	     0.000431658
             233	       -0.983912	       -0.979997	     0.000430135
             234	       -0.990336	       -0.980041	      0.00043056
             235	       -0.986936	       -0.980071	     0.000429726
             236	        -0.97632	       -0.980055	     0.000428199
             237	       -0.987256	       -0.980085	     0.000427469
             238	       -0.985808	       -0.980109	     0.000426348
             239	       -0.990672	       -0.980154	     0.000426849
             240	       -0.983272	       -0.980167	     0.000425268
             241	       -0.975448	       -0.980147	     0.000423954
             242	       -0.988416	       -0.980181	     0.000423577
             243	       -0.977488	        -0.98017	     0.000421979
             244	       -0.989128	       -0.980207	     0.000421843
             245	       -0.978528	         -0.9802	     0.000420177
             246	       -0.983904	       -0.980215	     0.000418739
             247	       -0.990952	       -0.980258	     0.000419294
             248	       -0.987984	        -0.98029	     0.000418759
             249	       -0.982376	       -0.980298	     0.000417161
             250	       -0.975344	       -0.980278	     0.000415963
             251	       -0.984872	       -0.980296	     0.000414708
             252	       -0.970424	       -0.980257	     0.000414908
             253	       -0.975152	       -0.980237	     0.000413759
             254	       -0.977768	       -0.980227	     0.000412244
             255	       -0.984048	       -0.980242	       0.0004109
             256	       -0.982576	       -0.980251	     0.000409396
             257	       -0.984808	       -0.980269	     0.000408186
             258	       -0.977872	        -0.98026	      0.00040671
             259	        -0.98628	       -0.980283	     0.000405803
             260	       -0.981176	       -0.980287	     0.000404257
             261	       -0.978568	        -0.98028	     0.000402762
             262	       -0.974264	       -0.980257	     0.000401879
             263	       -0.977504	       -0.980247	     0.000400487
             264	       -0.979072	       -0.980242	     0.000398995
             265	       -0.992256	       -0.980287	     0.000400056
             266	       -0.977664	       -0.980278	     0.000398674
             267	        -0.98268	       -0.980287	     0.000397282
             268	        -0.98944	       -0.980321	     0.000397265
             269	       -0.983832	       -0.980334	     0.000396003
             270	       -0.980576	       -0.980335	     0.000394537
             271	       -0.976688	       -0.980321	     0.000393311
             272	       -0.974952	       -0.980302	      0.00039236
             273	       -0.992264	       -0.980345	     0.000393362
             274	       -0.984592	       -0.980361	     0.000392231
             275	         -0.9826	       -0.980369	      0.00039089
             276	       -0.992872	       -0.980414	     0.000392089
             277	       -0.990704	       -0.980451	      0.00039243
             278	        -0.98496	       -0.980468	     0.000391353
             279	       -0.981032	        -0.98047	     0.000389956
             280	       -0.986576	       -0.980491	     0.000389172
             281	       -0.972008	       -0.980461	     0.000388957
             282	       -0.976688	       -0.980448	     0.000387807
             283	       -0.992192	       -0.980489	     0.000388651
             284	          -0.983	       -0.980498	     0.000387383
             285	        -0.97484	       -0.980478	     0.000386532
             286	       -0.990776	       -0.980514	     0.000386854
             287	       -0.980848	       -0.980516	     0.000385508
             288	       -0.977088	       -0.980504	     0.000384353
             289	       -0.985368	        -0.98052	     0.000383391
             290	       -0.974008	       -0.980498	     0.000382726
             291	        -0.99368	       -0.980543	     0.000384083
             292	       -0.985792	       -0.980561	     0.000383188
             293	       -0.980744	       -0.980562	      0.00038188
             294	        -0.98504	       -0.980577	     0.000380885
             295	       -0.977592	       -0.980567	     0.000379728
             296	       -0.981216	       -0.980569	     0.000378452
             297	       -0.984512	       -0.980582	      0.00037741
             298	       -0.980608	       -0.980583	     0.000376144
             299	       -0.979536	       -0.980579	     0.000374902
             300	       -0.983928	        -0.98059	     0.000373819
             301	       -0.977496	        -0.98058	     0.000372718
             302	       -0.981416	       -0.980583	     0.000371494
             303	       -0.980432	       -0.980582	     0.000370268
             304	       -0.984488	       -0.980595	     0.000369273
             305	       -0.979336	       -0.980591	     0.000368086
             306	        -0.99156	       -0.980627	     0.000368624
             307	        -0.97556	        -0.98061	     0.000367793
             308	       -0.967648	       -0.980568	     0.000368999
             309	       -0.978688	       -0.980562	     0.000367855
             310	       -0.952872	       -0.980473	     0.000377357
             311	        -0.96668	       -0.980428	     0.000378741
             312	       -0.988896	       -0.980456	     0.000378498
             313	       -0.976544	       -0.980443	     0.000377495
             314	       -0.974824	       -0.980425	     0.000376717
             315	       -0.978456	       -0.980419	     0.000375573
             316	        -0.99304	       -0.980459	     0.000376502
             317	       -0.984328	       -0.980471	     0.000375512
             318	       -0.990592	       -0.980503	     0.000375677
             319	          -0.982	       -0.980508	     0.000374529
             320	       -0.957904	       -0.980437	     0.000379961
             321	       -0.981392	        -0.98044	     0.000378789
             322	       -0.995088	       -0.980485	     0.000380335
             323	       -0.976536	       -0.980473	     0.000379354
             324	       -0.974672	       -0.980455	     0.000378605
             325	       -0.975464	        -0.98044	     0.000377751
             326	          -0.986	       -0.980457	     0.000376978
             327	         -0.9884	       -0.980481	     0.000376606
             328	        -0.97596	       -0.980468	      0.00037571
             329	       -0.987232	       -0.980488	     0.000375131
             330	       -0.983864	       -0.980498	     0.000374133
             331	       -0.983808	       -0.980508	     0.000373137
             332	       -0.987416	       -0.980529	     0.000372592
             333	          -0.983	       -0.980537	     0.000371547
             334	        -0.98744	       -0.980557	     0.000371009
             335	       -0.978224	        -0.98055	     0.000369967
             336	       -0.979088	       -0.980546	     0.000368892
             337	       -0.984024	       -0.980556	     0.000367941
             338	       -0.969456	       -0.980523	     0.000368316
             339	       -0.978584	       -0.980518	     0.000367274
             340	        -0.98208	       -0.980522	     0.000366222
             341	        -0.98848	       -0.980546	     0.000365891
             342	        -0.97908	       -0.980541	     0.000364846
             343	        -0.98388	       -0.980551	     0.000363912
             344	       -0.980744	       -0.980552	     0.000362855
             345	       -0.985504	       -0.980566	     0.000362087
             346	       -0.987176	       -0.980585	     0.000361544
             347	       -0.979496	       -0.980582	     0.000360516
             348	        -0.97464	       -0.980565	     0.000359884
             349	       -0.971048	       -0.980538	     0.000359884
             350	       -0.981576	       -0.980541	     0.000358868
             351	        -0.97704	       -0.980531	     0.000357984
             352	        -0.97484	       -0.980514	     0.000357332
             353	        -0.97224	       -0.980491	     0.000357088
             354	       -0.970104	       -0.980462	     0.000357283
             355	       -0.970488	       -0.980434	     0.000357379
             356	       -0.989152	       -0.980458	     0.000357213
             357	         -0.9782	       -0.980452	     0.000356269
             358	       -0.980872	       -0.980453	     0.000355276
             359	       -0.986544	        -0.98047	     0.000354691
             360	       -0.987728	        -0.98049	     0.000354278
             361	       -0.973528	       -0.980471	     0.000353821
             362	       -0.983448	       -0.980479	     0.000352939
             363	       -0.977672	       -0.980471	     0.000352052
             364	       -0.985216	       -0.980484	     0.000351326
             365	       -0.981904	       -0.980488	     0.000350385
             366	       -0.975536	       -0.980475	     0.000349689
             367	       -0.989528	       -0.980499	     0.000349605
             368	       -0.980768	         -0.9805	     0.000348656
             369	       -0.979904	       -0.980498	     0.000347715
             370	       -0.993432	       -0.980533	     0.000348527
             371	       -0.976424	       -0.980522	     0.000347764
             372	       -0.986272	       -0.980538	     0.000347172
             373	       -0.985488	       -0.980551	     0.000346495
             374	       -0.986504	       -0.980567	     0.000345934
             375	       -0.980032	       -0.980565	     0.000345015
             376	       -0.971984	       -0.980543	     0.000344851
             377	       -0.956584	       -0.980479	     0.000349743
             378	       -0.986824	       -0.980496	      0.00034922
             379	       -0.991912	       -0.980526	     0.000349596
             380	       -0.980688	       -0.980526	     0.000348676
             381	       -0.969736	       -0.980498	     0.000348909
             382	       -0.976536	       -0.980488	      0.00034815
             383	       -0.980784	       -0.980489	     0.000347242
             384	       -0.993064	       -0.980521	     0.000347878
             385	         -0.9766	       -0.980511	     0.000347124
             386	       -0.981368	       -0.980513	     0.000346232
             387	       -0.986048	       -0.980528	     0.000345632
             388	       -0.983104	       -0.980534	     0.000344805
             389	       -0.985528	       -0.980547	     0.000344158
             390	       -0.990584	       -0.980573	     0.000344236
             391	       -0.971264	       -0.980549	     0.000344178
             392	       -0.971104	       -0.980525	     0.000344142
             393	       -0.977152	       -0.980516	     0.000343374
             394	       -0.971376	       -0.980493	     0.000343285
             395	       -0.981304	       -0.980495	     0.000342422
             396	       -0.976512	       -0.980485	     0.000341705
             397	       -0.978392	        -0.98048	     0.000340885
             398	         -0.9702	       -0.980454	     0.000341006
             399	       -0.970632	       -0.980429	     0.000341038
             400	       -0.969888	       -0.980403	     0.000341202
             401	         -0.9764	       -0.980393	     0.000340497
             402	        -0.98212	       -0.980397	     0.000339678
             403	       -0.984384	       -0.980407	     0.000338979
             404	        -0.97716	       -0.980399	     0.000338235
             405	       -0.974904	       -0.980386	     0.000337672
             406	       -0.984664	       -0.980396	     0.000337005
             407	        -0.98428	       -0.980406	     0.000336312
             408	       -0.976488	       -0.980396	     0.000335624
             409	       -0.993736	       -0.980429	     0.000336385
             410	       -0.980504	       -0.980429	     0.000335564
             411	       -0.988528	       -0.980449	     0.000335326
             412	       -0.986024	       -0.980462	     0.000334785
             413	        -0.98208	       -0.980466	     0.000333997
             414	       -0.976648	       -0.980457	     0.000333318
             415	       -0.975672	       -0.980445	     0.000332714
             416	       -0.982432	        -0.98045	     0.000331949
             417	       -0.964456	       -0.980412	     0.000333361
             418	       -0.989712	       -0.980434	     0.000333305
             419	        -0.97708	       -0.980426	     0.000332606
             420	       -0.971768	       -0.980405	     0.000332452
             421	       -0.973528	       -0.980389	     0.000332064
             422	       -0.979736	       -0.980387	      0.00033128
             423	       -0.983552	       -0.980395	     0.000330582
             424	       -0.980944	       -0.980396	     0.000329804
             425	       -0.976264	       -0.980387	     0.000329172
             426	       -0.981984	        -0.98039	      0.00032842
             427	       -0.986744	       -0.980405	     0.000327988
             428	       -0.975728	       -0.980394	     0.000327404
             429	       -0.981496	       -0.980397	     0.000326651
             430	        -0.98264	       -0.980402	     0.000325933
             431	       -0.987408	       -0.980418	     0.000325582
             432	       -0.976272	       -0.980409	     0.000324969
             433	       -0.982616	       -0.980414	     0.000324259
             434	         -0.9906	       -0.980437	      0.00032436
             435	       -0.971864	       -0.980418	     0.000324213
             436	        -0.97668	       -0.980409	     0.000323582
             437	       -0.980224	       -0.980409	     0.000322842
             438	       -0.989872	        -0.98043	     0.000322827
             439	       -0.982128	       -0.980434	     0.000322115
             440	         -0.9806	       -0.980434	     0.000321383
             441	        -0.98692	       -0.980449	     0.000320991
             442	       -0.982032	       -0.980453	     0.000320284
             443	       -0.973968	       -0.980438	     0.000319896
             444	       -0.979752	       -0.980437	     0.000319179
             445	       -0.977816	       -0.980431	     0.000318516
             446	       -0.986304	       -0.980444	     0.000318074
             447	       -0.976456	       -0.980435	     0.000317488
             448	       -0.984752	       -0.980445	     0.000316925
             449	       -0.970168	       -0.980422	     0.000317045
             450	       -0.979184	       -0.980419	     0.000316352
             451	       -0.989408	       -0.980439	     0.000316278
             452	       -0.988272	       -0.980456	     0.000316052
             453	       -0.971088	       -0.980435	     0.000316031
             454	        -0.98116	       -0.980437	     0.000315339
             455	       -0.980256	       -0.980437	     0.000314646
             456	        -0.97676	       -0.980429	     0.000314059
             457	       -0.982472	       -0.980433	     0.000313404
             458	       -0.985936	       -0.980445	      0.00031295
             459	       -0.976416	       -0.980436	     0.000312391
             460	       -0.977984	       -0.980431	     0.000311757
             461	       -0.976224	       -0.980422	     0.000311215
             462	       -0.982856	       -0.980427	     0.000310586
             463	        -0.96936	       -0.980403	     0.000310833
             464	        -0.99084	       -0.980426	     0.000310976
             465	        -0.98176	       -0.980429	      0.00031032
             466	         -0.9602	       -0.980385	     0.000312676
             467	       -0.985608	       -0.980396	     0.000312206
             468	       -0.988952	       -0.980415	     0.000312074
             469	       -0.975896	       -0.980405	     0.000311557
             470	       -0.968608	        -0.98038	     0.000311904
             471	       -0.969776	       -0.980357	     0.000312053
             472	       -0.981544	        -0.98036	     0.000311402
             473	       -0.969176	       -0.980336	      0.00031164
             474	       -0.992832	       -0.980363	     0.000312096
             475	       -0.987464	       -0.980378	     0.000311796
             476	       -0.978624	       -0.980374	     0.000311163
             477	        -0.98668	       -0.980387	     0.000310792
             478	       -0.976992	        -0.98038	     0.000310223
             479	       -0.985728	       -0.980391	     0.000309776
             480	       -0.986768	       -0.980404	     0.000309415
             481	       -0.975024	       -0.980393	     0.000308974
             482	       -0.971272	       -0.980374	     0.000308912
             483	       -0.981832	       -0.980377	     0.000308287
             484	       -0.979584	       -0.980376	     0.000307655
             485	       -0.972416	       -0.980359	     0.000307458
             486	        -0.98516	       -0.980369	     0.000306984
             487	       -0.973104	       -0.980354	     0.000306716
             488	       -0.978624	       -0.980351	     0.000306108
             489	        -0.97568	       -0.980341	     0.000305631
             490	          -0.983	       -0.980347	     0.000305055
             491	       -0.985528	       -0.980357	     0.000304616
             492	         -0.9802	       -0.980357	     0.000303997
             493	       -0.977968	       -0.980352	     0.000303419
             494	       -0.985912	       -0.980363	     0.000303014
             495	       -0.976616	       -0.980356	     0.000302496
             496	        -0.97908	       -0.980353	     0.000301897
             497	       -0.984176	       -0.980361	     0.000301388
             498	       -0.987072	       -0.980374	     0.000301084
             499	       -0.978736	       -0.980371	     0.000300498
             500	        -0.98388	       -0.980378	     0.000299979
