#     BLOCK:   ACTUAL_X:     X_AVE:       ERROR:
               1	         1.07433	         1.07433	               0
               2	         1.10886	         1.09159	       0.0122071
               3	         1.05688	         1.08002	       0.0124692
               4	         1.09008	         1.08254	      0.00960204
               5	          1.1094	         1.08791	      0.00906083
               6	         1.08423	          1.0873	      0.00757138
               7	         1.04952	          1.0819	      0.00819003
               8	         1.06664	         1.07999	      0.00738508
               9	         1.08609	         1.08067	      0.00659552
              10	         1.07688	         1.08029	      0.00594682
              11	         1.06427	         1.07883	      0.00558176
              12	         1.08824	         1.07962	       0.0051713
              13	         1.10881	         1.08186	      0.00523832
              14	         1.11678	         1.08436	      0.00542545
              15	         1.09839	         1.08529	      0.00514381
              16	           1.078	         1.08484	      0.00484246
              17	         1.05339	         1.08299	      0.00489824
              18	         1.06719	         1.08211	      0.00470413
              19	         1.04752	         1.08029	      0.00479588
              20	         1.04349	         1.07845	      0.00489641
              21	          1.0741	         1.07824	      0.00466762
              22	         1.06453	         1.07762	      0.00449686
              23	         1.06798	          1.0772	      0.00432084
              24	         1.06568	         1.07672	      0.00416737
              25	         1.04969	         1.07564	      0.00413854
              26	         1.07932	         1.07578	      0.00398179
              27	         1.06712	         1.07546	      0.00384723
              28	         1.07377	          1.0754	       0.0037103
              29	         1.06789	         1.07514	      0.00359137
              30	         1.08032	         1.07531	      0.00347581
              31	         1.05973	         1.07481	      0.00339987
              32	         1.08258	         1.07505	      0.00330229
              33	         1.05908	         1.07457	      0.00323748
              34	         1.06689	         1.07434	      0.00315014
              35	         1.06205	         1.07399	      0.00307966
              36	         1.04304	         1.07313	      0.00311184
              37	         1.10082	         1.07388	      0.00311642
              38	         1.08565	         1.07419	      0.00304975
              39	         1.08848	         1.07456	      0.00299347
              40	         1.11236	          1.0755	      0.00306417
              41	         1.05884	          1.0751	      0.00301624
              42	         1.07899	         1.07519	      0.00294586
              43	         1.11714	         1.07616	      0.00303459
              44	         1.07352	          1.0761	      0.00296622
              45	         1.05771	         1.07569	      0.00292832
              46	         1.06364	         1.07543	      0.00287637
              47	         1.10832	         1.07613	      0.00289902
              48	         1.07333	         1.07607	      0.00283922
              49	         1.08135	         1.07618	      0.00278331
              50	         1.05289	         1.07572	      0.00276636
              51	         1.05554	         1.07532	      0.00274025
              52	         1.03811	          1.0746	      0.00277943
              53	         1.05829	          1.0743	      0.00274398
              54	         1.11164	         1.07499	      0.00277896
              55	         1.06024	         1.07472	      0.00274134
              56	         1.04362	         1.07416	      0.00274806
              57	         1.09575	         1.07454	      0.00272582
              58	         1.05701	         1.07424	      0.00269553
              59	         1.07861	         1.07432	      0.00265087
              60	         1.07977	         1.07441	      0.00260825
              61	         1.08555	         1.07459	      0.00257188
              62	         1.10318	         1.07505	      0.00257141
              63	         1.09755	         1.07541	      0.00255526
              64	         1.07213	         1.07536	      0.00251585
              65	          1.0883	         1.07556	      0.00248502
              66	         1.06392	         1.07538	      0.00245362
              67	         1.07429	         1.07536	      0.00241705
              68	         1.04724	         1.07495	      0.00241664
              69	         1.09936	          1.0753	      0.00240738
              70	         1.06555	         1.07516	      0.00237702
              71	          1.0749	         1.07516	      0.00234354
              72	         1.06883	         1.07507	      0.00231264
              73	          1.0763	         1.07509	      0.00228102
              74	         1.11056	         1.07557	      0.00229999
              75	         1.07667	         1.07558	      0.00226938
              76	         1.03993	         1.07511	      0.00228749
              77	         1.07316	         1.07509	      0.00225792
              78	         1.07844	         1.07513	      0.00222938
              79	         1.05501	         1.07488	      0.00221566
              80	         1.09863	         1.07517	      0.00220777
              81	         1.07156	         1.07513	      0.00218096
              82	         1.06635	         1.07502	      0.00215699
              83	         1.06274	         1.07487	      0.00213607
              84	         1.07662	         1.07489	      0.00211074
              85	         1.06664	          1.0748	      0.00208815
              86	         1.04092	          1.0744	      0.00210069
              87	          1.0686	         1.07434	      0.00207761
              88	         1.05737	         1.07414	      0.00206292
              89	          1.0712	         1.07411	      0.00204001
              90	         1.12461	         1.07467	      0.00209308
              91	         1.08681	         1.07481	      0.00207433
              92	          1.0823	         1.07489	      0.00205338
              93	         1.08425	         1.07499	      0.00203377
              94	         1.07508	         1.07499	      0.00201213
              95	         1.04203	         1.07464	      0.00202064
              96	          1.0218	         1.07409	      0.00207321
              97	         1.05854	         1.07393	      0.00205803
              98	         1.11287	         1.07433	      0.00207504
              99	         1.09797	         1.07457	      0.00206777
             100	         1.07829	          1.0746	      0.00204743
             101	         1.09667	         1.07482	      0.00203878
             102	         1.03942	         1.07448	      0.00204812
             103	         1.09028	         1.07463	      0.00203397
             104	         1.08058	         1.07469	      0.00201522
             105	         1.10873	         1.07501	      0.00202194
             106	         1.05359	         1.07481	      0.00201294
             107	         1.05766	         1.07465	      0.00200049
             108	         1.11259	           1.075	      0.00201259
             109	         1.04549	         1.07473	      0.00201225
             110	         1.06486	         1.07464	      0.00199595
             111	         1.10031	         1.07487	      0.00199133
             112	         1.09509	         1.07505	      0.00198172
             113	         1.06536	         1.07497	      0.00196603
             114	         1.06239	         1.07485	      0.00195188
             115	         1.06049	         1.07473	       0.0019389
             116	         1.11737	          1.0751	      0.00195672
             117	         1.08623	         1.07519	      0.00194231
             118	         1.09011	         1.07532	      0.00192996
             119	         1.07626	         1.07533	      0.00191376
             120	         1.06392	         1.07523	      0.00190017
             121	         1.08931	         1.07535	      0.00188802
             122	         1.05424	         1.07518	      0.00188046
             123	         1.08593	         1.07526	       0.0018672
             124	          1.0688	         1.07521	      0.00185287
             125	         1.08371	         1.07528	      0.00183929
             126	         1.07497	         1.07528	       0.0018247
             127	         1.07112	         1.07524	      0.00181062
             128	         1.04902	         1.07504	      0.00180803
             129	         1.07956	         1.07507	      0.00179436
             130	          1.1185	         1.07541	      0.00181137
             131	         1.07177	         1.07538	      0.00179776
             132	         1.05309	         1.07521	      0.00179205
             133	           1.076	         1.07522	      0.00177859
             134	         1.08993	         1.07533	       0.0017687
             135	         1.10133	         1.07552	      0.00176606
             136	         1.04804	         1.07532	       0.0017646
             137	          1.0381	         1.07505	      0.00177251
             138	         1.06713	         1.07499	      0.00176059
             139	         1.10154	         1.07518	      0.00175825
             140	         1.07994	         1.07521	      0.00174602
             141	         1.06158	         1.07512	      0.00173632
             142	         1.08564	         1.07519	      0.00172567
             143	          1.0517	         1.07503	       0.0017214
             144	          1.0915	         1.07514	      0.00171325
             145	         1.10566	         1.07535	      0.00171431
             146	         1.07313	         1.07534	      0.00170264
             147	         1.06929	         1.07529	      0.00169155
             148	         1.06279	         1.07521	      0.00168223
             149	         1.13364	          1.0756	      0.00171604
             150	         1.03851	         1.07536	      0.00172233
             151	         1.07331	         1.07534	      0.00171098
             152	         1.10281	         1.07552	      0.00170923
             153	         1.10884	         1.07574	      0.00171188
             154	         1.09995	          1.0759	      0.00170796
             155	         1.10058	         1.07606	      0.00170435
             156	         1.10085	         1.07622	      0.00170082
             157	         1.05975	         1.07611	      0.00169321
             158	         1.04918	         1.07594	      0.00169106
             159	         1.09937	         1.07609	      0.00168683
             160	         1.06121	         1.07599	      0.00167885
             161	         1.03138	         1.07572	      0.00169113
             162	         1.05706	          1.0756	      0.00168461
             163	         1.05563	         1.07548	      0.00167872
             164	         1.10104	         1.07564	       0.0016757
             165	         1.06846	         1.07559	      0.00166611
             166	         1.06062	          1.0755	      0.00165851
             167	         1.08251	         1.07554	      0.00164911
             168	           1.104	         1.07571	      0.00164797
             169	         1.07702	         1.07572	      0.00163824
             170	         1.05749	         1.07561	      0.00163211
             171	         1.08616	         1.07568	      0.00162373
             172	          1.0757	         1.07568	      0.00161429
             173	         1.08888	         1.07575	      0.00160676
             174	         1.06051	         1.07566	      0.00159991
             175	         1.08193	          1.0757	      0.00159117
             176	         1.09932	         1.07583	      0.00158778
             177	         1.07418	         1.07582	      0.00157884
             178	         1.08728	         1.07589	      0.00157128
             179	         1.09361	         1.07599	      0.00156562
             180	         1.07688	         1.07599	      0.00155693
             181	         1.07019	         1.07596	      0.00154865
             182	         1.08763	         1.07603	      0.00154147
             183	            1.08	         1.07605	       0.0015332
             184	         1.05787	         1.07595	      0.00152804
             185	         1.06742	          1.0759	      0.00152048
             186	         1.04036	         1.07571	      0.00152426
             187	         1.04865	         1.07557	      0.00152297
             188	         1.11595	         1.07578	      0.00152994
             189	         1.09742	          1.0759	      0.00152612
             190	         1.05905	         1.07581	      0.00152066
             191	         1.10256	         1.07595	      0.00151914
             192	         1.07762	         1.07596	      0.00151125
             193	         1.06942	         1.07592	       0.0015038
             194	         1.05585	         1.07582	      0.00149961
             195	         1.08326	         1.07586	       0.0014924
             196	         1.00799	         1.07551	      0.00152442
             197	         1.05782	         1.07542	      0.00151933
             198	         1.09132	          1.0755	      0.00151378
             199	         1.08227	         1.07553	      0.00150655
             200	          1.0278	          1.0753	      0.00151781
             201	         1.04202	         1.07513	      0.00151926
             202	         1.05473	         1.07503	      0.00151509
             203	         1.09999	         1.07515	      0.00151261
             204	          1.0483	         1.07502	      0.00151091
             205	         1.05215	         1.07491	      0.00150765
             206	         1.10469	         1.07505	      0.00150725
             207	         1.08275	         1.07509	      0.00150042
             208	         1.06137	         1.07503	      0.00149466
             209	         1.09098	          1.0751	      0.00148946
             210	          1.1231	         1.07533	       0.0014998
             211	         1.02714	          1.0751	      0.00150998
             212	         1.04745	         1.07497	      0.00150848
             213	         1.07556	         1.07497	       0.0015014
             214	         1.09054	         1.07505	      0.00149614
             215	         1.13656	         1.07533	      0.00151629
             216	         1.06174	         1.07527	      0.00151058
             217	         1.06862	         1.07524	      0.00150393
             218	         1.06129	         1.07518	      0.00149839
             219	         1.06991	         1.07515	      0.00149174
             220	         1.10293	         1.07528	       0.0014903
             221	          1.0262	         1.07506	      0.00150001
             222	         1.06462	         1.07501	      0.00149399
             223	         1.06535	         1.07497	      0.00148791
             224	         1.07084	         1.07495	      0.00148139
             225	         1.09414	         1.07503	      0.00147726
             226	         1.06379	         1.07498	      0.00147156
             227	         1.05853	         1.07491	      0.00146686
             228	         1.07927	         1.07493	      0.00146055
             229	         1.07815	         1.07494	      0.00145424
             230	         1.08576	         1.07499	      0.00144868
             231	         1.04757	         1.07487	      0.00144726
             232	         1.08891	         1.07493	      0.00144229
             233	         1.07981	         1.07495	      0.00143625
             234	         1.09427	         1.07504	      0.00143248
             235	         1.06458	         1.07499	      0.00142708
             236	         1.06912	         1.07497	      0.00142125
             237	         1.10567	          1.0751	      0.00142114
             238	         1.09848	         1.07519	      0.00141856
             239	           1.085	         1.07523	      0.00141322
             240	         1.08833	         1.07529	      0.00140838
             241	         1.09547	         1.07537	      0.00140503
             242	         1.12946	          1.0756	      0.00141689
             243	         1.06215	         1.07554	      0.00141213
             244	         1.05924	         1.07547	      0.00140793
             245	         1.03603	         1.07531	      0.00141136
             246	         1.07861	         1.07533	      0.00140568
             247	         1.07741	         1.07534	      0.00140002
             248	         1.08004	         1.07535	       0.0013945
             249	         1.04358	         1.07523	      0.00139473
             250	         1.07552	         1.07523	      0.00138915
             251	         1.08646	         1.07527	      0.00138434
             252	         1.10341	         1.07538	      0.00138334
             253	         1.03736	         1.07523	      0.00138601
             254	         1.03426	         1.07507	      0.00138991
             255	         1.07348	         1.07507	      0.00138447
             256	         1.07145	         1.07505	      0.00137914
             257	         1.05444	         1.07497	       0.0013761
             258	         1.06839	         1.07495	        0.001371
             259	         1.08858	           1.075	      0.00136672
             260	         1.06434	         1.07496	      0.00136208
             261	         1.07302	         1.07495	      0.00135688
             262	         1.08468	         1.07499	      0.00135221
             263	         1.05968	         1.07493	      0.00134832
             264	         1.06312	         1.07488	      0.00134395
             265	         1.09612	         1.07497	      0.00134127
             266	         1.09586	         1.07504	      0.00133852
             267	         1.05647	         1.07497	      0.00133532
             268	         1.05624	          1.0749	      0.00133216
             269	         1.09192	         1.07497	      0.00132871
             270	         1.07824	         1.07498	      0.00132385
             271	           1.053	          1.0749	      0.00132144
             272	         1.01965	          1.0747	       0.0013321
             273	         1.08673	         1.07474	      0.00132795
             274	         1.11018	         1.07487	      0.00132939
             275	         1.05348	         1.07479	      0.00132683
             276	         1.07645	          1.0748	      0.00132203
             277	         1.04984	         1.07471	      0.00132033
             278	         1.04094	         1.07459	      0.00132115
             279	         1.08614	         1.07463	      0.00131707
             280	         1.08322	         1.07466	      0.00131272
             281	         1.03766	         1.07453	      0.00131464
             282	         1.03217	         1.07438	      0.00131853
             283	         1.07292	         1.07437	      0.00131388
             284	         1.12297	         1.07454	      0.00132035
             285	         1.06338	          1.0745	       0.0013163
             286	         1.07907	         1.07452	      0.00131179
             287	          1.0605	         1.07447	      0.00130813
             288	         1.04884	         1.07438	      0.00130661
             289	         1.08589	         1.07442	       0.0013027
             290	         1.04485	         1.07432	      0.00130219
             291	         1.08902	         1.07437	      0.00129869
             292	          1.0627	         1.07433	      0.00129486
             293	         1.07564	         1.07433	      0.00129045
             294	         1.08878	         1.07438	        0.001287
             295	          1.0677	         1.07436	      0.00128283
             296	         1.04243	         1.07425	      0.00128303
             297	         1.07568	         1.07426	      0.00127872
             298	         1.07562	         1.07426	      0.00127443
             299	         1.08436	          1.0743	      0.00127062
             300	         1.11946	         1.07445	      0.00127527
             301	         1.06543	         1.07442	      0.00127139
             302	         1.05288	         1.07434	      0.00126917
             303	         1.08019	         1.07436	      0.00126513
             304	         1.04135	         1.07426	      0.00126562
             305	         1.08604	         1.07429	      0.00126206
             306	         1.03897	         1.07418	      0.00126321
             307	         1.03686	         1.07406	      0.00126493
             308	         1.07163	         1.07405	      0.00126084
             309	         1.03535	         1.07392	      0.00126297
             310	         1.03656	          1.0738	      0.00126463
             311	         1.05256	         1.07373	      0.00126241
             312	         1.05571	         1.07368	      0.00125968
             313	         1.04944	          1.0736	      0.00125804
             314	         1.07242	          1.0736	      0.00125404
             315	         1.09258	         1.07366	       0.0012515
             316	         1.09663	         1.07373	      0.00124965
             317	         1.07323	         1.07373	      0.00124571
             318	         1.08039	         1.07375	      0.00124197
             319	           1.049	         1.07367	       0.0012405
             320	         1.07811	         1.07368	       0.0012367
             321	         1.04941	         1.07361	      0.00123515
             322	         1.10165	          1.0737	      0.00123439
             323	         1.05875	         1.07365	      0.00123143
             324	         1.08316	         1.07368	      0.00122798
             325	         1.02725	         1.07354	      0.00123248
             326	         1.04994	         1.07346	      0.00123083
             327	         1.08978	         1.07351	      0.00122807
             328	         1.04364	         1.07342	       0.0012277
             329	         1.03711	         1.07331	      0.00122892
             330	         1.04873	         1.07324	      0.00122745
             331	         1.07742	         1.07325	      0.00122381
             332	         1.06279	         1.07322	      0.00122053
             333	         1.08678	         1.07326	      0.00121754
             334	         1.09938	         1.07334	      0.00121641
             335	         1.10291	         1.07343	      0.00121597
             336	          1.0576	         1.07338	      0.00121327
             337	         1.08341	         1.07341	      0.00121003
             338	         1.07113	          1.0734	      0.00120647
             339	         1.07798	         1.07342	      0.00120299
             340	         1.03645	         1.07331	      0.00120435
             341	         1.07716	         1.07332	      0.00120087
             342	         1.13455	          1.0735	      0.00121063
             343	         1.06579	         1.07347	      0.00120731
             344	         1.10267	         1.07356	      0.00120678
             345	         1.05914	         1.07352	      0.00120401
             346	          1.0961	         1.07358	       0.0012023
             347	         1.05833	         1.07354	      0.00119963
             348	          1.0441	         1.07345	      0.00119917
             349	           1.107	         1.07355	      0.00119958
             350	         1.09934	         1.07362	      0.00119841
             351	         1.07835	         1.07364	      0.00119507
             352	         1.05092	         1.07357	      0.00119342
             353	         1.06819	         1.07356	      0.00119014
             354	          1.0774	         1.07357	      0.00118682
             355	          1.0231	         1.07343	      0.00119196
             356	         1.07495	         1.07343	      0.00118862
             357	         1.07929	         1.07345	      0.00118541
             358	          1.0839	         1.07348	      0.00118246
             359	         1.03106	         1.07336	      0.00118505
             360	         1.08096	         1.07338	      0.00118195
             361	         1.07717	         1.07339	      0.00117872
             362	         1.04953	         1.07332	      0.00117731
             363	         1.10452	         1.07341	       0.0011772
             364	         1.07526	         1.07342	      0.00117397
             365	         1.09253	         1.07347	      0.00117192
             366	         1.05829	         1.07343	      0.00116946
             367	         1.04663	         1.07335	      0.00116855
             368	         1.08752	         1.07339	        0.001166
             369	         1.04558	         1.07332	      0.00116528
             370	         1.12277	         1.07345	      0.00116977
             371	          1.0635	         1.07342	      0.00116692
             372	         1.10867	         1.07352	      0.00116763
             373	         1.06029	         1.07348	      0.00116503
             374	         1.13883	         1.07366	      0.00117495
             375	         1.06029	         1.07362	      0.00117235
             376	         1.11663	         1.07374	       0.0011748
             377	         1.04297	         1.07365	      0.00117452
             378	         1.07797	         1.07367	      0.00117147
             379	         1.06824	         1.07365	      0.00116846
             380	         1.07719	         1.07366	      0.00116543
             381	         1.03973	         1.07357	      0.00116577
             382	         1.05362	         1.07352	      0.00116388
             383	         1.09975	         1.07359	      0.00116286
             384	          1.0517	         1.07353	      0.00116123
             385	         1.06608	         1.07351	      0.00115837
             386	         1.07503	         1.07352	      0.00115538
             387	         1.06959	         1.07351	      0.00115244
             388	         1.07573	         1.07351	      0.00114948
             389	         1.04548	         1.07344	      0.00114878
             390	         1.06632	         1.07342	      0.00114598
             391	         1.08791	         1.07346	      0.00114365
             392	         1.03699	         1.07336	      0.00114451
             393	         1.04248	         1.07329	      0.00114429
             394	         1.04447	         1.07321	      0.00114372
             395	         1.07679	         1.07322	      0.00114086
             396	         1.08297	         1.07325	      0.00113825
             397	         1.01603	          1.0731	      0.00114447
             398	          1.0537	         1.07305	      0.00114263
             399	         1.12086	         1.07317	      0.00114603
             400	           1.046	         1.07311	      0.00114518
             401	          1.0618	         1.07308	      0.00114267
             402	         1.03653	         1.07299	      0.00114344
             403	         1.08831	         1.07302	      0.00114123
             404	         1.10575	         1.07311	      0.00114128
             405	         1.06987	          1.0731	      0.00113849
             406	         1.13505	         1.07325	      0.00114586
             407	          1.0784	         1.07326	      0.00114312
             408	         1.04849	          1.0732	      0.00114193
             409	         1.07792	         1.07321	       0.0011392
             410	         1.04095	         1.07313	      0.00113913
             411	         1.06754	         1.07312	      0.00113644
             412	         1.05014	         1.07307	      0.00113505
             413	         1.08754	          1.0731	      0.00113284
             414	          1.0839	         1.07313	      0.00113041
             415	         1.07256	         1.07313	      0.00112768
             416	         1.07885	         1.07314	      0.00112506
             417	         1.09549	         1.07319	      0.00112364
             418	         1.04505	         1.07313	      0.00112296
             419	         1.05791	         1.07309	      0.00112087
             420	         1.11198	         1.07318	      0.00112202
             421	         1.03955	          1.0731	       0.0011222
             422	         1.05149	         1.07305	       0.0011207
             423	         1.05875	         1.07302	      0.00111856
             424	         1.05774	         1.07298	      0.00111651
             425	         1.07425	         1.07298	      0.00111388
             426	         1.06897	         1.07297	      0.00111131
             427	         1.09921	         1.07304	       0.0011104
             428	         1.02311	         1.07292	      0.00111392
             429	         1.07551	         1.07293	      0.00111134
             430	         1.09015	         1.07297	      0.00110948
             431	         1.07523	         1.07297	      0.00110691
             432	         1.04277	          1.0729	      0.00110656
             433	         1.09236	         1.07295	      0.00110491
             434	         1.05055	         1.07289	      0.00110357
             435	         1.07864	         1.07291	      0.00110111
             436	         1.10038	         1.07297	      0.00110039
             437	         1.08527	           1.073	      0.00109823
             438	         1.06165	         1.07297	      0.00109603
             439	         1.11584	         1.07307	      0.00109788
             440	         1.05125	         1.07302	       0.0010965
             441	         1.04956	         1.07297	       0.0010953
             442	         1.08834	           1.073	      0.00109338
             443	         1.06671	         1.07299	        0.001091
             444	         1.06279	         1.07296	      0.00108879
             445	          1.1187	         1.07307	      0.00109118
             446	         1.06804	         1.07306	      0.00108879
             447	         1.09347	          1.0731	      0.00108731
             448	         1.09042	         1.07314	      0.00108557
             449	         1.06416	         1.07312	      0.00108334
             450	          1.0879	         1.07315	      0.00108143
             451	         1.08312	         1.07318	      0.00107926
             452	         1.04091	          1.0731	      0.00107923
             453	         1.06913	          1.0731	      0.00107688
             454	         1.06892	         1.07309	      0.00107455
             455	         1.06659	         1.07307	      0.00107228
             456	         1.06055	         1.07304	      0.00107028
             457	         1.08698	         1.07307	      0.00106837
             458	         1.06392	         1.07305	      0.00106623
             459	         1.07013	         1.07305	      0.00106392
             460	         1.06391	         1.07303	       0.0010618
             461	          1.0799	         1.07304	       0.0010596
             462	         1.05893	         1.07301	      0.00105775
             463	         1.05171	         1.07297	      0.00105646
             464	         1.07327	         1.07297	      0.00105418
             465	         1.08976	           1.073	      0.00105254
             466	         1.05768	         1.07297	      0.00105079
             467	         1.05281	         1.07293	      0.00104943
             468	          1.0701	         1.07292	       0.0010472
             469	         1.10111	         1.07298	      0.00104669
             470	         1.08998	         1.07302	      0.00104509
             471	         1.05036	         1.07297	      0.00104398
             472	         1.07289	         1.07297	      0.00104176
             473	         1.09261	         1.07301	      0.00104039
             474	          1.0784	         1.07302	      0.00103826
             475	         1.09883	         1.07308	      0.00103749
             476	         1.06012	         1.07305	      0.00103567
             477	         1.06679	         1.07304	      0.00103358
             478	         1.04824	         1.07298	      0.00103272
             479	          1.0363	         1.07291	       0.0010334
             480	         1.04832	         1.07286	      0.00103252
             481	         1.05828	         1.07283	      0.00103081
             482	         1.12122	         1.07293	      0.00103355
             483	         1.07644	         1.07293	      0.00103144
             484	         1.09752	         1.07299	      0.00103056
             485	         1.05374	         1.07295	       0.0010292
             486	         1.08074	         1.07296	       0.0010272
             487	         1.08395	         1.07298	      0.00102534
             488	         1.08264	           1.073	      0.00102343
             489	         1.09926	         1.07306	      0.00102275
             490	         1.06348	         1.07304	      0.00102085
             491	         1.08786	         1.07307	      0.00101921
             492	         1.02144	         1.07296	      0.00102253
             493	         1.06015	         1.07294	      0.00102079
             494	         1.08171	         1.07295	      0.00101887
             495	          1.0761	         1.07296	      0.00101684
             496	         1.06777	         1.07295	      0.00101484
             497	         1.06359	         1.07293	      0.00101297
             498	         1.06393	         1.07291	       0.0010111
             499	         1.10669	         1.07298	      0.00101134
             500	         1.09396	         1.07302	      0.00101018
