#     BLOCK:   ACTUAL_X:     X_AVE:       ERROR:
               1	         1.97959	         1.97959	               0
               2	          2.4819	         2.23074	        0.177593
               3	         2.08123	         2.18091	        0.125193
               4	         2.57251	         2.27881	         0.12651
               5	         2.67651	         2.35835	        0.123711
               6	         2.42872	         2.37008	        0.103647
               7	         2.36964	         2.37001	       0.0888404
               8	         2.16087	         2.34387	       0.0814911
               9	         2.20282	          2.3282	       0.0739283
              10	         2.02605	         2.29798	       0.0724473
              11	         2.92082	         2.35461	         0.08516
              12	         2.64672	         2.37895	       0.0814682
              13	         1.72087	         2.32833	       0.0895581
              14	          1.9481	         2.30117	       0.0871819
              15	         3.06446	         2.35205	       0.0950675
              16	         1.75467	         2.31472	       0.0961785
              17	         2.79841	         2.34317	        0.094636
              18	         2.24205	         2.33755	        0.089545
              19	         2.35133	         2.33828	        0.084835
              20	          2.1719	         2.32996	       0.0810001
              21	         2.60682	         2.34314	       0.0782086
              22	         2.06867	         2.33067	       0.0756422
              23	         1.87882	         2.31102	       0.0748611
              24	         2.54056	         2.32059	       0.0723503
              25	          2.3121	         2.32025	        0.069457
              26	         2.66815	         2.33363	       0.0680624
              27	         2.17856	         2.32788	       0.0657834
              28	         2.61041	         2.33797	       0.0642032
              29	         2.25031	         2.33495	       0.0620604
              30	           2.544	         2.34192	       0.0603817
              31	         2.14759	         2.33565	       0.0587584
              32	         2.28164	         2.33396	       0.0569464
              33	         2.36733	         2.33497	       0.0552297
              34	         2.38877	         2.33656	        0.053628
              35	         2.82323	         2.35046	       0.0538683
              36	         2.06687	         2.34258	       0.0529448
              37	         2.47138	         2.34607	       0.0516282
              38	         2.06559	         2.33868	       0.0507944
              39	           2.032	         2.33082	        0.050097
              40	         2.57092	         2.33682	       0.0492029
              41	         2.39072	         2.33814	       0.0480203
              42	         2.45344	         2.34088	       0.0469554
              43	         2.40292	         2.34233	       0.0458856
              44	         2.35621	         2.34264	       0.0448438
              45	         2.17364	         2.33889	       0.0440043
              46	         2.40836	          2.3404	       0.0430735
              47	         2.71687	         2.34841	       0.0428954
              48	          2.2939	         2.34727	       0.0420168
              49	         2.42456	         2.34885	       0.0411889
              50	         2.78713	         2.35761	       0.0412873
              51	         2.60641	         2.36249	        0.040765
              52	         2.11005	         2.35764	        0.040269
              53	         1.98508	         2.35061	       0.0401181
              54	         2.13528	         2.34662	       0.0395728
              55	         2.30379	         2.34584	        0.038861
              56	         2.53169	         2.34916	       0.0383085
              57	         2.17492	          2.3461	       0.0377582
              58	         2.11503	         2.34212	       0.0373168
              59	         2.21323	         2.33993	       0.0367482
              60	         2.03518	         2.33486	        0.036485
              61	         2.42564	         2.33634	       0.0359173
              62	         2.61164	         2.34078	       0.0356114
              63	         2.05636	         2.33627	       0.0353311
              64	         2.35292	         2.33653	         0.03478
              65	         2.42749	         2.33793	       0.0342731
              66	          2.4959	         2.34032	       0.0338373
              67	         2.43405	         2.34172	       0.0333611
              68	         2.36954	         2.34213	        0.032873
              69	           2.342	         2.34213	       0.0323966
              70	         2.26297	           2.341	       0.0319535
              71	         1.92913	          2.3352	       0.0320257
              72	         2.11179	         2.33209	       0.0317309
              73	         2.22826	         2.33067	       0.0313281
              74	            1.89	         2.32472	       0.0314656
              75	         2.47544	         2.32673	       0.0311102
              76	         2.65605	         2.33106	       0.0310012
              77	         2.23067	         2.32976	       0.0306259
              78	         1.94564	         2.32483	       0.0306267
              79	         2.72508	          2.3299	       0.0306552
              80	         2.85313	         2.33644	       0.0309618
              81	         2.56477	         2.33926	       0.0307076
              82	         2.51826	         2.34144	       0.0304107
              83	         2.32426	         2.34123	        0.030045
              84	         1.90415	         2.33603	       0.0301345
              85	         2.35385	         2.33624	       0.0297807
              86	         2.53405	         2.33854	       0.0295231
              87	         2.35559	         2.33874	       0.0291844
              88	         1.77364	         2.33231	       0.0295508
              89	         2.65041	         2.33589	       0.0294341
              90	         2.38097	         2.33639	       0.0291113
              91	         2.36451	          2.3367	       0.0287931
              92	         2.30964	          2.3364	       0.0284816
              93	         2.68277	         2.34013	       0.0284178
              94	         2.80231	         2.34504	       0.0285377
              95	         2.90169	          2.3509	       0.0288325
              96	         2.86964	         2.35631	       0.0290341
              97	         2.42426	         2.35701	       0.0287432
              98	         2.51395	         2.35861	       0.0284945
              99	         1.96185	          2.3546	       0.0284871
             100	         2.00241	         2.35108	       0.0284192
             101	         2.51805	         2.35273	       0.0281858
             102	         2.87221	         2.35783	       0.0283659
             103	         2.34918	         2.35774	       0.0280906
             104	         2.25641	         2.35677	       0.0278374
             105	         2.61026	         2.35918	       0.0276768
             106	         2.28097	         2.35844	       0.0274255
             107	         2.50354	          2.3598	       0.0272027
             108	         1.93482	         2.35587	       0.0272339
             109	         2.24733	         2.35487	       0.0270023
             110	         2.02492	         2.35187	       0.0269229
             111	         2.50795	         2.35328	        0.026717
             112	         2.56159	         2.35514	       0.0265431
             113	         2.20262	         2.35379	       0.0263425
             114	         2.05954	         2.35121	       0.0262376
             115	         2.25379	         2.35036	       0.0260231
             116	         2.16821	         2.34879	       0.0258461
             117	         2.57872	         2.35075	       0.0256998
             118	         2.50646	         2.35207	       0.0255159
             119	         2.03077	         2.34937	       0.0254439
             120	         2.05913	         2.34695	       0.0253466
             121	         2.18985	         2.34566	       0.0251703
             122	         2.37574	          2.3459	       0.0249652
             123	         2.85779	         2.35006	       0.0251067
             124	         2.54954	         2.35167	       0.0249558
             125	         2.18062	          2.3503	       0.0247936
             126	         2.26333	         2.34961	       0.0246064
             127	         2.20323	         2.34846	       0.0244397
             128	         2.57595	         2.35024	       0.0243133
             129	         3.05056	         2.35567	       0.0247235
             130	         2.00913	           2.353	       0.0246766
             131	         2.30749	         2.35265	       0.0244906
             132	         2.35785	         2.35269	       0.0243051
             133	         2.34462	         2.35263	       0.0241225
             134	         2.49185	         2.35367	       0.0239648
             135	         2.99831	         2.35845	       0.0242584
             136	         2.33805	          2.3583	       0.0240805
             137	         2.25774	         2.35756	       0.0239159
             138	         2.57979	         2.35917	       0.0237967
             139	         2.59185	         2.36085	       0.0236843
             140	         2.53056	         2.36206	       0.0235461
             141	         2.72692	         2.36465	       0.0235209
             142	         2.28374	         2.36408	       0.0233622
             143	         2.16062	         2.36265	       0.0232421
             144	         2.76831	         2.36547	       0.0232508
             145	         2.60205	          2.3671	       0.0231476
             146	         2.36892	         2.36712	       0.0229891
             147	         2.81615	         2.37017	       0.0230347
             148	         1.97144	         2.36748	       0.0230361
             149	         2.58933	         2.36897	       0.0229296
             150	         2.54364	         2.37013	       0.0228063
             151	         2.75985	         2.37271	       0.0228008
             152	         2.51385	         2.37364	       0.0226697
             153	         2.69508	         2.37574	       0.0226187
             154	         2.53533	         2.37678	       0.0224955
             155	         1.93774	         2.37394	        0.022528
             156	         1.77456	          2.3701	       0.0227089
             157	         2.25774	         2.36939	       0.0225755
             158	         2.29667	         2.36893	       0.0224373
             159	         2.05892	         2.36698	       0.0223807
             160	         2.47621	         2.36766	       0.0222513
             161	         2.55944	         2.36885	       0.0221449
             162	         2.39908	         2.36904	        0.022009
             163	         2.44585	         2.36951	        0.021879
             164	         2.28908	         2.36902	       0.0217511
             165	         2.39426	         2.36917	       0.0216198
             166	         2.84882	         2.37206	       0.0216818
             167	         2.01713	         2.36993	       0.0216559
             168	         2.45656	         2.37045	       0.0215331
             169	         2.26538	         2.36983	       0.0214147
             170	         2.17764	          2.3687	       0.0213185
             171	         2.17041	         2.36754	       0.0212254
             172	         2.39549	          2.3677	       0.0211026
             173	         2.23451	         2.36693	       0.0209947
             174	         2.27672	         2.36641	       0.0208804
             175	         2.94897	         2.36974	       0.0210248
             176	         2.29205	          2.3693	         0.02091
             177	         2.35938	         2.36924	       0.0207919
             178	         2.16682	         2.36811	       0.0207062
             179	         2.85667	         2.37084	       0.0207696
             180	         2.88954	         2.37372	       0.0208532
             181	         2.68118	         2.37542	        0.020807
             182	         2.37954	         2.37544	       0.0206927
             183	         2.12831	         2.37409	       0.0206236
             184	         2.62703	         2.37546	       0.0205573
             185	         2.42421	         2.37573	       0.0204479
             186	         2.22369	         2.37491	       0.0203543
             187	         2.04354	         2.37314	       0.0203224
             188	         1.98062	         2.37105	       0.0203213
             189	         2.24318	         2.37037	        0.020225
             190	         2.60733	         2.37162	        0.020157
             191	         2.57538	         2.37269	       0.0200797
             192	         2.30738	         2.37235	        0.019978
             193	         2.21615	         2.37154	       0.0198909
             194	         2.25292	         2.37093	       0.0197977
             195	         2.69472	         2.37259	       0.0197657
             196	         2.08313	         2.37111	         0.01972
             197	         2.11662	         2.36982	       0.0196621
             198	         2.57821	         2.37087	        0.019591
             199	         2.28636	         2.37045	       0.0194971
             200	         2.35303	         2.37036	       0.0193998
