#   N_BLOCK:  ACCEPTANCE:
           1	    0.567146
           2	    0.566391
           3	    0.566125
           4	    0.566797
           5	    0.566793
           6	     0.56643
           7	    0.566242
           8	    0.566062
           9	    0.565889
          10	    0.565937
          11	    0.565874
          12	    0.565728
          13	    0.565783
          14	    0.565694
          15	    0.565669
          16	     0.56571
          17	    0.565586
          18	    0.565551
          19	    0.565519
          20	    0.565536
          21	    0.565418
          22	    0.565454
          23	    0.565507
          24	     0.56555
          25	    0.565489
          26	    0.565543
          27	    0.565501
          28	    0.565535
          29	    0.565513
          30	    0.565514
          31	    0.565485
          32	    0.565448
          33	    0.565453
          34	    0.565497
          35	    0.565497
          36	    0.565437
          37	    0.565363
          38	    0.565354
          39	    0.565387
          40	    0.565315
          41	    0.565319
          42	    0.565273
          43	    0.565233
          44	    0.565212
          45	    0.565273
          46	     0.56526
          47	    0.565254
          48	     0.56529
          49	    0.565324
          50	    0.565343
          51	    0.565379
          52	    0.565403
          53	     0.56542
          54	    0.565438
          55	     0.56542
          56	    0.565416
          57	    0.565376
          58	    0.565383
          59	    0.565416
          60	    0.565461
          61	    0.565424
          62	    0.565421
          63	     0.56542
          64	    0.565458
          65	    0.565454
          66	    0.565441
          67	    0.565423
          68	    0.565406
          69	    0.565397
          70	    0.565386
          71	    0.565362
          72	    0.565349
          73	    0.565342
          74	    0.565323
          75	    0.565319
          76	     0.56529
          77	    0.565293
          78	    0.565289
          79	    0.565322
          80	     0.56531
          81	    0.565294
          82	    0.565301
          83	    0.565281
          84	     0.56529
          85	     0.56527
          86	    0.565277
          87	    0.565274
          88	    0.565288
          89	    0.565276
          90	    0.565264
          91	    0.565252
          92	    0.565259
          93	    0.565274
          94	    0.565261
          95	    0.565277
          96	    0.565298
          97	     0.56529
          98	    0.565281
          99	    0.565295
         100	    0.565303
