#     BLOCK:   ACTUAL_M:     M_AVE:       ERROR:
               1	        0.018476	        0.018476	               0
               2	        0.023488	        0.020982	      0.00177201
               3	        0.027768	        0.023244	      0.00219241
               4	        0.015996	        0.021432	      0.00227294
               5	         0.01618	       0.0203816	      0.00204672
               6	        0.024232	       0.0210233	       0.0018034
               7	         0.02908	       0.0221743	      0.00187746
               8	        0.025308	        0.022566	      0.00168315
               9	        0.026448	       0.0229973	      0.00155041
              10	        0.029136	       0.0236112	      0.00151202
              11	        0.022496	       0.0235098	      0.00137796
              12	        0.025964	       0.0237143	      0.00127822
              13	        0.028604	       0.0240905	      0.00123399
              14	        0.017044	       0.0235871	      0.00124427
              15	          0.0236	        0.023588	      0.00116132
              16	        0.028224	       0.0238778	       0.0011243
              17	         0.02472	       0.0239273	      0.00105926
              18	        0.026944	       0.0240949	      0.00101358
              19	         0.02878	       0.0243415	     0.000989776
              20	        0.019316	       0.0240902	     0.000971659
              21	           0.032	       0.0244669	     0.000995721
              22	         0.02392	        0.024442	     0.000950771
              23	        0.023244	       0.0243899	     0.000910859
              24	        0.014636	       0.0239835	     0.000959299
              25	        0.022668	       0.0239309	      0.00092237
              26	        0.023736	       0.0239234	     0.000886924
              27	        0.019632	       0.0237644	       0.0008682
              28	        0.022584	       0.0237223	     0.000838216
              29	        0.025572	       0.0237861	     0.000811735
              30	        0.028128	       0.0239308	     0.000797475
              31	        0.024752	       0.0239573	      0.00077219
              32	         0.02142	        0.023878	     0.000752119
              33	        0.028164	       0.0240079	     0.000740457
              34	        0.021344	       0.0239295	     0.000722812
              35	        0.035928	       0.0242723	     0.000779225
              36	         0.02544	       0.0243048	     0.000758255
              37	        0.017364	       0.0241172	     0.000760612
              38	        0.035524	       0.0244174	     0.000797633
              39	        0.023152	       0.0243849	      0.00077784
              40	         0.02622	       0.0244308	     0.000759746
              41	        0.022952	       0.0243947	     0.000742071
              42	        0.019108	       0.0242689	     0.000735001
              43	         0.02498	       0.0242854	     0.000718094
              44	        0.018636	        0.024157	      0.00071316
              45	        0.020928	       0.0240852	     0.000700913
              46	         0.01654	       0.0239212	     0.000704607
              47	        0.019284	       0.0238226	     0.000696489
              48	        0.017784	       0.0236968	     0.000693247
              49	        0.019668	       0.0236145	     0.000683957
              50	        0.015064	       0.0234435	     0.000691327
              51	        0.021952	       0.0234143	      0.00067839
              52	        0.025276	       0.0234501	     0.000666288
              53	        0.024608	       0.0234719	     0.000654074
              54	        0.025984	       0.0235184	     0.000643614
              55	        0.012492	        0.023318	     0.000662401
              56	        0.019752	       0.0232543	     0.000653626
              57	        0.016228	        0.023131	     0.000653679
              58	        0.014036	       0.0229742	      0.00066095
              59	        0.030976	       0.0231098	     0.000663516
              60	        0.024212	       0.0231282	     0.000652711
              61	        0.031812	       0.0232706	     0.000657352
              62	        0.026236	       0.0233184	     0.000648487
              63	        0.016012	       0.0232024	     0.000648481
              64	        0.022808	       0.0231963	     0.000638378
              65	        0.027056	       0.0232556	     0.000631313
              66	        0.021012	       0.0232216	     0.000622662
              67	        0.027664	       0.0232879	     0.000616889
              68	          0.0165	       0.0231881	      0.00061584
              69	        0.024104	       0.0232014	     0.000607058
              70	        0.016968	       0.0231123	     0.000604882
              71	         0.02338	       0.0231161	     0.000596374
              72	        0.018988	       0.0230588	     0.000590841
              73	        0.019328	       0.0230077	     0.000584953
              74	        0.022408	       0.0229996	     0.000577104
              75	        0.017144	       0.0229215	     0.000574667
              76	        0.024748	       0.0229455	     0.000567607
              77	         0.02312	       0.0229478	      0.00056024
              78	        0.021988	       0.0229355	     0.000553193
              79	        0.021152	       0.0229129	     0.000546651
              80	        0.021208	       0.0228916	     0.000540233
              81	        0.026236	       0.0229329	     0.000535139
              82	        0.021696	       0.0229178	     0.000528826
              83	        0.030596	       0.0230103	     0.000530484
              84	        0.024212	       0.0230246	     0.000524361
              85	        0.025852	       0.0230579	     0.000519246
              86	        0.021248	       0.0230368	     0.000513635
              87	        0.024772	       0.0230568	     0.000508118
              88	        0.032708	       0.0231665	     0.000514044
              89	        0.026796	       0.0232072	     0.000509883
              90	         0.02212	       0.0231952	     0.000504361
              91	        0.020488	       0.0231654	     0.000499695
              92	        0.026748	       0.0232043	     0.000495779
              93	         0.02282	       0.0232002	     0.000490465
              94	        0.029388	        0.023266	     0.000489645
              95	         0.02586	       0.0232933	     0.000485251
              96	        0.019924	       0.0232583	     0.000481464
              97	        0.021292	        0.023238	     0.000476927
              98	        0.035016	       0.0233582	     0.000486968
              99	        0.026636	       0.0233913	     0.000483174
             100	         0.01174	       0.0232748	     0.000492189
             101	        0.023912	       0.0232811	     0.000487357
             102	         0.02582	        0.023306	     0.000483214
             103	        0.025628	       0.0233285	     0.000479048
             104	        0.029136	       0.0233843	     0.000477685
             105	        0.023624	       0.0233866	     0.000473141
             106	        0.021176	       0.0233658	     0.000469137
             107	        0.019812	       0.0233326	     0.000465927
             108	        0.026944	        0.023366	     0.000462811
             109	        0.024072	       0.0233725	     0.000458611
             110	        0.019472	        0.023337	      0.00045581
             111	        0.030608	       0.0234025	     0.000456386
             112	        0.024888	       0.0234158	     0.000452504
             113	         0.01662	       0.0233556	     0.000452478
             114	         0.01882	       0.0233159	     0.000450255
             115	        0.025684	       0.0233365	      0.00044681
             116	        0.025848	       0.0233581	     0.000443483
             117	         0.03112	       0.0234244	     0.000444627
             118	        0.022536	       0.0234169	     0.000440922
             119	         0.02282	       0.0234119	     0.000437246
             120	           0.022	       0.0234001	      0.00043376
             121	        0.031624	       0.0234681	     0.000435468
             122	        0.011608	       0.0233709	     0.000442616
             123	        0.027824	       0.0234071	     0.000440496
             124	        0.025236	       0.0234218	     0.000437191
             125	        0.027084	       0.0234511	     0.000434674
             126	        0.015408	       0.0233873	     0.000435886
             127	        0.035544	        0.023483	     0.000442839
             128	        0.019684	       0.0234533	     0.000440373
             129	        0.021928	       0.0234415	     0.000437118
             130	        0.025648	       0.0234585	     0.000434085
             131	        0.016036	       0.0234018	     0.000434454
             132	        0.018328	       0.0233634	     0.000432859
             133	        0.026904	         0.02339	     0.000430423
             134	        0.019976	       0.0233645	     0.000427964
             135	        0.016216	       0.0233116	     0.000428057
             136	        0.021096	       0.0232953	      0.00042522
             137	         0.02416	       0.0233016	     0.000422163
             138	        0.028924	       0.0233423	     0.000421065
             139	        0.026208	        0.023363	      0.00041854
             140	         0.02144	       0.0233492	     0.000415776
             141	        0.028096	       0.0233829	     0.000414188
             142	        0.025596	       0.0233985	     0.000411564
             143	        0.028516	       0.0234343	     0.000410239
             144	        0.024064	       0.0234386	     0.000407413
             145	        0.023876	       0.0234417	     0.000404615
             146	        0.031184	       0.0234947	     0.000405304
             147	        0.018848	       0.0234631	     0.000403777
             148	          0.0213	       0.0234485	     0.000401313
             149	        0.027968	       0.0234788	     0.000399765
             150	         0.02472	       0.0234871	     0.000397185
             151	        0.020668	       0.0234684	     0.000394993
             152	        0.020744	       0.0234505	     0.000392801
             153	        0.022296	       0.0234429	     0.000390306
             154	        0.025472	       0.0234561	     0.000387994
             155	        0.018052	       0.0234212	     0.000387054
             156	         0.02458	       0.0234287	     0.000384644
             157	        0.020768	       0.0234117	     0.000382568
             158	         0.01796	       0.0233772	     0.000381699
             159	        0.032544	       0.0234349	     0.000383628
             160	        0.020492	       0.0234165	     0.000381671
             161	        0.027048	        0.023439	     0.000379966
             162	        0.025824	       0.0234538	     0.000377906
             163	        0.022336	       0.0234469	     0.000375649
             164	        0.026444	       0.0234652	     0.000373803
             165	         0.02544	       0.0234771	     0.000371729
             166	         0.02222	       0.0234696	     0.000369567
             167	         0.03724	        0.023552	     0.000376441
             168	        0.021384	       0.0235391	     0.000374421
             169	        0.026192	       0.0235548	     0.000372535
             170	        0.028908	       0.0235863	     0.000371672
             171	        0.024628	       0.0235924	     0.000369548
             172	        0.020504	       0.0235744	     0.000367835
             173	        0.016112	       0.0235313	      0.00036823
             174	        0.022536	       0.0235256	     0.000366158
             175	           0.016	       0.0234826	     0.000366582
             176	        0.013812	       0.0234276	     0.000368594
             177	        0.018652	       0.0234007	     0.000367498
             178	        0.029188	       0.0234332	     0.000366869
             179	         0.02406	       0.0234367	     0.000364836
             180	        0.025456	       0.0234479	     0.000362982
             181	        0.025516	       0.0234593	     0.000361156
             182	        0.026416	       0.0234756	     0.000359537
             183	        0.024548	       0.0234814	      0.00035762
             184	        0.026252	       0.0234965	     0.000355993
             185	        0.022056	       0.0234887	     0.000354154
             186	         0.02028	       0.0234714	      0.00035267
             187	        0.025668	       0.0234832	     0.000350979
             188	        0.011892	       0.0234215	     0.000354486
             189	        0.017208	       0.0233887	     0.000354132
             190	        0.025252	       0.0233985	     0.000352404
             191	        0.021012	        0.023386	      0.00035078
             192	        0.019632	       0.0233664	     0.000349498
             193	        0.024116	       0.0233703	     0.000347709
             194	        0.024928	       0.0233783	     0.000346009
             195	        0.020668	       0.0233644	     0.000344514
             196	        0.018476	       0.0233395	     0.000343658
             197	        0.031636	       0.0233816	     0.000344484
             198	        0.031888	       0.0234246	     0.000345413
             199	        0.015848	       0.0233865	     0.000345769
             200	        0.025644	       0.0233978	     0.000344224
             201	        0.017348	       0.0233677	     0.000343825
             202	        0.011344	       0.0233082	     0.000347237
             203	        0.017496	       0.0232795	     0.000346705
             204	        0.026264	       0.0232942	     0.000345314
             205	        0.027728	       0.0233158	     0.000344306
             206	        0.014976	       0.0232753	     0.000345007
             207	        0.024332	       0.0232804	     0.000343378
             208	        0.034284	       0.0233333	     0.000345778
             209	        0.022864	       0.0233311	     0.000344131
             210	        0.022508	       0.0233271	     0.000342514
             211	         0.01864	       0.0233049	     0.000341611
             212	        0.015768	       0.0232694	     0.000341844
             213	        0.022824	       0.0232673	     0.000340246
             214	         0.02304	       0.0232662	     0.000338657
             215	        0.026792	       0.0232826	     0.000337479
             216	        0.028228	       0.0233055	     0.000336692
             217	        0.025236	       0.0233144	     0.000335258
             218	        0.023428	       0.0233149	     0.000333721
             219	        0.026484	       0.0233294	     0.000332511
             220	        0.026364	       0.0233432	     0.000331285
             221	        0.023276	       0.0233429	     0.000329786
             222	        0.015248	       0.0233064	      0.00033031
             223	        0.016292	        0.023275	     0.000330324
             224	        0.016004	       0.0232425	      0.00033044
             225	        0.022552	       0.0232394	     0.000328986
             226	         0.02106	       0.0232298	     0.000327671
             227	        0.016384	       0.0231996	     0.000327613
             228	        0.030316	       0.0232309	     0.000327659
             229	        0.029048	       0.0232563	     0.000327211
             230	        0.024348	        0.023261	     0.000325823
             231	        0.026056	       0.0232731	     0.000324637
             232	        0.022676	       0.0232705	     0.000323248
             233	        0.022612	       0.0232677	     0.000321873
             234	        0.027112	       0.0232841	     0.000320917
             235	        0.026004	       0.0232957	      0.00031976
             236	        0.016836	       0.0232683	     0.000319574
             237	        0.025036	       0.0232758	     0.000318313
             238	        0.020776	       0.0232653	     0.000317149
             239	        0.014636	       0.0232292	      0.00031787
             240	        0.025492	       0.0232386	     0.000316686
             241	         0.02248	       0.0232355	     0.000315387
             242	        0.019384	       0.0232196	     0.000314485
             243	        0.021224	       0.0232113	     0.000313298
             244	        0.029344	       0.0232365	     0.000313021
             245	         0.02102	       0.0232274	     0.000311874
             246	         0.01088	       0.0231772	     0.000314619
             247	        0.028992	       0.0232008	     0.000314225
             248	        0.023432	       0.0232017	     0.000312959
             249	        0.019008	       0.0231849	     0.000312155
             250	        0.017764	       0.0231632	     0.000311659
             251	        0.024568	       0.0231688	     0.000310467
             252	        0.020032	       0.0231563	     0.000309485
             253	        0.020988	       0.0231478	      0.00030838
             254	        0.014804	       0.0231149	     0.000308911
             255	        0.021416	       0.0231083	     0.000307771
             256	        0.019632	       0.0230947	     0.000306868
             257	          0.0292	       0.0231184	     0.000306592
             258	        0.023728	       0.0231208	     0.000305413
             259	        0.015904	       0.0230929	     0.000305502
             260	         0.02182	        0.023088	     0.000304367
             261	        0.031724	       0.0231211	     0.000304994
             262	        0.025184	        0.023129	     0.000303931
             263	          0.0173	       0.0231068	     0.000303583
             264	        0.015652	       0.0230786	     0.000303743
             265	        0.013132	       0.0230411	     0.000304907
             266	         0.01454	       0.0230091	     0.000305431
             267	          0.0197	       0.0229967	     0.000304539
             268	        0.027612	       0.0230139	     0.000303889
             269	        0.021256	       0.0230074	     0.000302829
             270	         0.02664	       0.0230208	     0.000302007
             271	        0.022872	       0.0230203	     0.000300893
             272	         0.02734	       0.0230362	     0.000300205
             273	          0.0225	       0.0230342	     0.000299112
             274	        0.011124	       0.0229907	     0.000301162
             275	        0.016888	       0.0229686	     0.000300884
             276	        0.014468	       0.0229378	     0.000301366
             277	        0.020932	       0.0229305	     0.000300365
             278	        0.023484	       0.0229325	     0.000299291
             279	        0.012816	       0.0228962	     0.000300407
             280	         0.03132	       0.0229263	     0.000300836
             281	        0.012264	       0.0228884	     0.000302149
             282	        0.019136	       0.0228751	     0.000301371
             283	         0.02336	       0.0228768	     0.000300311
             284	        0.023604	       0.0228794	     0.000299264
             285	          0.0283	       0.0228984	     0.000298818
             286	        0.023804	       0.0229015	      0.00029779
             287	        0.032088	       0.0229335	     0.000298467
             288	         0.02186	       0.0229298	     0.000297454
             289	         0.02174	       0.0229257	     0.000296454
             290	         0.02194	       0.0229223	     0.000295451
             291	        0.019144	       0.0229093	     0.000294721
             292	        0.022764	       0.0229088	     0.000293712
             293	        0.019552	       0.0228974	     0.000292933
             294	        0.027884	       0.0229143	     0.000292427
             295	        0.020284	       0.0229054	     0.000291572
             296	        0.020896	       0.0228986	     0.000290666
             297	        0.023516	       0.0229007	     0.000289694
             298	        0.020524	       0.0228927	     0.000288832
             299	        0.026044	       0.0229033	     0.000288058
             300	         0.02538	       0.0229115	     0.000287216
             301	        0.032236	       0.0229425	     0.000287928
             302	        0.020384	        0.022934	     0.000287099
             303	         0.02684	       0.0229469	     0.000286441
             304	        0.018308	       0.0229317	     0.000285905
             305	        0.022344	       0.0229297	     0.000284974
             306	        0.020632	       0.0229222	     0.000284142
             307	        0.032872	       0.0229546	     0.000285058
             308	        0.026492	       0.0229661	     0.000284364
             309	        0.025288	       0.0229736	     0.000283543
             310	         0.01946	       0.0229623	     0.000282855
             311	         0.01526	       0.0229375	     0.000283028
             312	        0.021788	       0.0229338	     0.000282144
             313	        0.017892	       0.0229177	     0.000281702
             314	          0.0214	       0.0229129	     0.000280847
             315	        0.023276	       0.0229141	     0.000279958
             316	         0.01848	          0.0229	     0.000279423
             317	        0.024104	       0.0229038	     0.000278567
             318	        0.020284	       0.0228956	     0.000277813
             319	        0.019388	       0.0228846	      0.00027716
             320	        0.023292	       0.0228859	     0.000276297
             321	        0.025608	       0.0228943	     0.000275566
             322	        0.029544	        0.022915	     0.000275483
             323	        0.022224	       0.0229129	     0.000274638
             324	           0.022	         0.02291	     0.000273805
             325	        0.022604	       0.0229091	     0.000272964
             326	        0.025976	       0.0229185	     0.000272289
             327	         0.01928	       0.0229074	     0.000271684
             328	        0.016524	       0.0228879	     0.000271551
             329	        0.021352	       0.0228832	     0.000270766
             330	        0.019872	       0.0228741	     0.000270099
             331	        0.021448	       0.0228698	     0.000269318
             332	        0.020504	       0.0228627	     0.000268601
             333	        0.024608	       0.0228679	     0.000267845
             334	        0.024904	        0.022874	     0.000267113
             335	        0.024892	         0.02288	     0.000266383
             336	        0.026752	       0.0228916	      0.00026584
             337	        0.028404	       0.0229079	     0.000265554
             338	        0.015364	       0.0228856	     0.000265704
             339	        0.025216	       0.0228925	     0.000265009
             340	        0.026888	       0.0229042	      0.00026449
             341	        0.025076	       0.0229106	     0.000263791
             342	         0.03046	       0.0229327	     0.000263942
             343	        0.026396	       0.0229428	     0.000263366
             344	        0.026632	       0.0229535	     0.000262818
             345	         0.02196	       0.0229506	     0.000262072
             346	        0.027704	       0.0229644	     0.000261675
             347	        0.021552	       0.0229603	     0.000260952
             348	          0.0191	       0.0229492	     0.000260438
             349	        0.028976	       0.0229665	     0.000260264
             350	        0.018764	       0.0229545	     0.000259797
             351	         0.03238	       0.0229813	     0.000260441
             352	        0.022132	       0.0229789	     0.000259712
             353	        0.022184	       0.0229766	     0.000258986
             354	        0.032588	       0.0230038	     0.000259674
             355	        0.023988	       0.0230066	     0.000258957
             356	        0.028968	       0.0230233	     0.000258771
             357	        0.019204	       0.0230126	     0.000258267
             358	        0.025908	       0.0230207	     0.000257672
             359	        0.024424	       0.0230246	     0.000256984
             360	         0.02518	       0.0230306	      0.00025634
             361	        0.031376	       0.0230537	      0.00025667
             362	        0.017976	       0.0230397	     0.000256344
             363	        0.028084	       0.0230536	     0.000256014
             364	        0.023584	        0.023055	     0.000255315
             365	        0.017384	       0.0230395	     0.000255088
             366	        0.030368	       0.0230595	     0.000255175
             367	        0.025884	       0.0230672	     0.000254596
             368	        0.022644	       0.0230661	     0.000253907
             369	          0.0175	        0.023051	     0.000253666
             370	        0.021344	       0.0230464	     0.000253023
             371	        0.024988	       0.0230516	     0.000252395
             372	        0.019088	        0.023041	     0.000251941
             373	        0.027772	       0.0230536	     0.000251585
             374	        0.027248	       0.0230649	     0.000251162
             375	        0.033592	       0.0230929	     0.000252056
             376	        0.021372	       0.0230884	     0.000251427
             377	        0.021216	       0.0230834	      0.00025081
             378	         0.01696	       0.0230672	     0.000250669
             379	        0.023128	       0.0230673	     0.000250007
             380	        0.024568	       0.0230713	     0.000249381
             381	        0.024484	        0.023075	     0.000248754
             382	        0.024788	       0.0230795	     0.000248143
             383	          0.0234	       0.0230803	     0.000247496
             384	         0.02328	       0.0230808	     0.000246852
             385	        0.018348	       0.0230686	     0.000246517
             386	        0.008732	       0.0230314	     0.000248661
             387	        0.026536	       0.0230405	     0.000248183
             388	         0.02696	       0.0230506	     0.000247749
             389	        0.025688	       0.0230573	     0.000247205
             390	        0.023596	       0.0230587	     0.000246575
             391	         0.03218	       0.0230821	     0.000247045
             392	        0.023428	       0.0230829	     0.000246416
             393	        0.023152	       0.0230831	     0.000245789
             394	        0.019356	       0.0230737	     0.000245348
             395	         0.01438	       0.0230516	     0.000245712
             396	        0.029008	       0.0230667	     0.000245551
             397	        0.026976	       0.0230765	      0.00024513
             398	        0.020576	       0.0230703	     0.000244595
             399	          0.0216	       0.0230666	     0.000244009
             400	        0.016716	       0.0230507	     0.000243915
             401	        0.018436	       0.0230392	     0.000243578
             402	        0.028912	       0.0230538	      0.00024341
             403	        0.019508	        0.023045	     0.000242965
             404	        0.025492	        0.023051	     0.000242439
             405	        0.029544	       0.0230671	      0.00024237
             406	        0.018988	        0.023057	     0.000241981
             407	        0.031232	       0.0230771	     0.000242219
             408	        0.012988	       0.0230524	     0.000242884
             409	        0.017704	       0.0230393	     0.000242642
             410	        0.024968	        0.023044	     0.000242096
             411	        0.023444	        0.023045	     0.000241509
             412	        0.023732	       0.0230467	     0.000240928
             413	        0.027988	       0.0230586	     0.000240642
             414	        0.017848	        0.023046	      0.00024039
             415	        0.021212	       0.0230416	     0.000239851
             416	         0.02464	       0.0230455	     0.000239305
             417	        0.018188	       0.0230338	     0.000239015
             418	        0.026916	       0.0230431	     0.000238623
             419	        0.021692	       0.0230399	     0.000238075
             420	        0.025004	       0.0230446	     0.000237555
             421	        0.017944	       0.0230324	     0.000237299
             422	        0.022424	        0.023031	     0.000236741
             423	        0.020504	        0.023025	     0.000236257
             424	        0.013552	       0.0230027	     0.000236754
             425	        0.026176	       0.0230101	     0.000236314
             426	          0.0255	        0.023016	     0.000235832
             427	        0.020476	         0.02301	     0.000235354
             428	        0.028476	       0.0230228	     0.000235151
             429	        0.019144	       0.0230138	     0.000234776
             430	        0.021132	       0.0230094	     0.000234271
             431	         0.01622	       0.0229936	     0.000234257
             432	          0.0252	       0.0229988	      0.00023377
             433	        0.020532	       0.0229931	       0.0002333
             434	           0.028	       0.0230046	     0.000233047
             435	        0.015092	       0.0229864	      0.00023322
             436	        0.023968	       0.0229887	     0.000232696
             437	         0.01982	       0.0229814	     0.000232277
             438	        0.025744	       0.0229877	     0.000231832
             439	         0.02064	       0.0229824	     0.000231366
             440	        0.023296	       0.0229831	     0.000230841
             441	        0.024572	       0.0229867	     0.000230345
             442	        0.021568	       0.0229835	     0.000229847
             443	        0.024768	       0.0229875	     0.000229363
             444	         0.02594	       0.0229941	     0.000228943
             445	         0.02438	       0.0229973	      0.00022845
             446	        0.020472	       0.0229916	     0.000228008
             447	         0.02534	       0.0229969	     0.000227558
             448	        0.028916	       0.0230101	     0.000227433
             449	         0.01596	       0.0229944	     0.000227468
             450	        0.027896	       0.0230053	     0.000227223
             451	        0.024692	        0.023009	      0.00022675
             452	        0.027748	       0.0230195	     0.000226491
             453	         0.02328	       0.0230201	     0.000225992
             454	        0.020384	       0.0230142	     0.000225568
             455	        0.026272	       0.0230214	     0.000225186
             456	        0.027384	        0.023031	     0.000224896
             457	        0.037064	       0.0230617	      0.00022649
             458	         0.02886	       0.0230743	     0.000226349
             459	        0.023172	       0.0230746	     0.000225856
             460	        0.013528	       0.0230538	     0.000226317
             461	        0.017968	       0.0230428	     0.000226094
             462	        0.025872	       0.0230489	     0.000225688
             463	        0.024192	       0.0230514	     0.000225214
             464	        0.025756	       0.0230572	     0.000224804
             465	        0.023116	       0.0230573	     0.000224321
             466	        0.025196	       0.0230619	     0.000223886
             467	        0.023996	       0.0230639	     0.000223416
             468	        0.023496	       0.0230648	      0.00022294
             469	        0.026532	       0.0230722	     0.000222587
             470	        0.025328	        0.023077	     0.000222166
             471	        0.027028	       0.0230854	     0.000221852
             472	        0.021616	       0.0230823	     0.000221404
             473	        0.032428	       0.0231021	     0.000221816
             474	         0.02568	       0.0231075	     0.000221414
             475	         0.02678	       0.0231152	     0.000221083
             476	        0.026616	       0.0231226	     0.000220741
             477	        0.021876	         0.02312	     0.000220294
             478	        0.034968	       0.0231448	     0.000221223
             479	        0.018412	       0.0231349	     0.000220982
             480	         0.01994	       0.0231282	     0.000220622
             481	        0.013416	        0.023108	     0.000221085
             482	        0.028952	       0.0231201	     0.000220958
             483	        0.023304	       0.0231205	     0.000220501
             484	        0.023404	       0.0231211	     0.000220046
             485	        0.025356	       0.0231257	     0.000219641
             486	        0.024792	       0.0231292	     0.000219216
             487	        0.025672	       0.0231344	     0.000218828
             488	        0.028864	       0.0231461	     0.000218694
             489	        0.015404	       0.0231303	     0.000218819
             490	        0.031388	       0.0231471	     0.000219021
             491	        0.014488	       0.0231295	     0.000219284
             492	        0.020744	       0.0231247	     0.000218891
             493	        0.016232	       0.0231107	     0.000218894
             494	        0.027728	         0.02312	      0.00021865
             495	        0.017168	        0.023108	     0.000218539
             496	          0.0263	       0.0231144	     0.000218193
             497	        0.026216	       0.0231207	     0.000217843
             498	        0.029928	       0.0231343	     0.000217834
             499	        0.023348	       0.0231348	     0.000217398
             500	        0.019724	       0.0231279	      0.00021707
