#     BLOCK:   ACTUAL_TE:    TE_AVE:      ERROR:
               1	       -0.397576	       -0.397576	               0
               2	       -0.397784	        -0.39768	     7.35391e-05
               3	       -0.398032	       -0.397797	     0.000107618
               4	       -0.395728	        -0.39728	     0.000455236
               5	       -0.397968	       -0.397418	     0.000384422
               6	       -0.400728	       -0.397969	     0.000596909
               7	       -0.399336	       -0.398165	     0.000542627
               8	       -0.398832	       -0.398248	     0.000481169
               9	       -0.401712	       -0.398633	     0.000560903
              10	       -0.398208	        -0.39859	     0.000506419
              11	       -0.399016	       -0.398629	     0.000461857
              12	       -0.398552	       -0.398623	     0.000423413
              13	       -0.397376	       -0.398527	     0.000401556
              14	       -0.398816	       -0.398547	     0.000373405
              15	        -0.40212	       -0.398786	     0.000417617
              16	       -0.401416	        -0.39895	     0.000422638
              17	       -0.400344	       -0.399032	     0.000405654
              18	       -0.398432	       -0.398999	     0.000384484
              19	       -0.398824	       -0.398989	     0.000364358
              20	       -0.397824	       -0.398931	     0.000350769
              21	        -0.39956	       -0.398961	     0.000335342
              22	         -0.3986	       -0.398945	       0.0003205
              23	        -0.39856	       -0.398928	     0.000307002
              24	       -0.398408	       -0.398906	     0.000294974
              25	       -0.401352	       -0.399004	     0.000298957
              26	       -0.395824	       -0.398882	     0.000311477
              27	       -0.397688	       -0.398838	     0.000303063
              28	       -0.398144	       -0.398813	      0.00029325
              29	       -0.397408	       -0.398764	     0.000287111
              30	        -0.39952	        -0.39879	     0.000278643
              31	       -0.398256	       -0.398772	     0.000270186
              32	       -0.400328	       -0.398821	      0.00026608
              33	       -0.398704	       -0.398817	      0.00025804
              34	       -0.398512	       -0.398808	     0.000250607
              35	       -0.398632	       -0.398803	     0.000243498
              36	       -0.399696	       -0.398828	     0.000237993
              37	        -0.40172	       -0.398906	     0.000244057
              38	       -0.398024	       -0.398883	     0.000238736
              39	       -0.396784	       -0.398829	     0.000238605
              40	       -0.399848	       -0.398855	     0.000233995
              41	       -0.400744	       -0.398901	     0.000232781
              42	        -0.40044	       -0.398938	     0.000230105
              43	       -0.398768	       -0.398934	     0.000224787
              44	        -0.39748	       -0.398901	     0.000222093
              45	       -0.398232	       -0.398886	     0.000217654
              46	        -0.39904	       -0.398889	     0.000212948
              47	        -0.40104	       -0.398935	     0.000213278
              48	       -0.398536	       -0.398927	     0.000208996
              49	       -0.396496	       -0.398877	     0.000210535
              50	       -0.400112	       -0.398902	     0.000207769
              51	       -0.396416	       -0.398853	     0.000209333
              52	       -0.400248	        -0.39888	     0.000207019
              53	       -0.399008	       -0.398882	     0.000203128
              54	       -0.397864	       -0.398863	     0.000200239
              55	       -0.398288	       -0.398853	     0.000196871
              56	       -0.399336	       -0.398861	     0.000193545
              57	       -0.401168	       -0.398902	     0.000194333
              58	        -0.39952	       -0.398913	     0.000191275
              59	        -0.39544	       -0.398854	      0.00019688
              60	       -0.398176	       -0.398842	     0.000193923
              61	       -0.399584	       -0.398855	     0.000191124
              62	       -0.398096	       -0.398842	     0.000188433
              63	       -0.397496	       -0.398821	      0.00018665
              64	       -0.396696	       -0.398788	     0.000186663
              65	         -0.3986	       -0.398785	     0.000183814
              66	       -0.399176	       -0.398791	     0.000181124
              67	       -0.397784	       -0.398776	     0.000179043
              68	        -0.39796	       -0.398764	     0.000176811
              69	       -0.396696	       -0.398734	      0.00017677
              70	       -0.398896	       -0.398736	      0.00017426
              71	       -0.399368	       -0.398745	     0.000172033
              72	       -0.398784	       -0.398746	     0.000169644
              73	       -0.400336	       -0.398767	     0.000168714
              74	       -0.399104	       -0.398772	     0.000166495
              75	       -0.399992	       -0.398788	     0.000165068
              76	        -0.39804	       -0.398778	     0.000163189
              77	       -0.398736	       -0.398778	     0.000161071
              78	       -0.396232	       -0.398745	     0.000162279
              79	       -0.396032	       -0.398711	     0.000163819
              80	       -0.398464	       -0.398708	       0.0001618
              81	        -0.40012	       -0.398725	     0.000160739
              82	       -0.399128	        -0.39873	     0.000158854
              83	       -0.397856	        -0.39872	     0.000157289
              84	        -0.40024	       -0.398738	     0.000156454
              85	       -0.400592	       -0.398759	     0.000156127
              86	       -0.399536	       -0.398768	     0.000154573
              87	        -0.39884	       -0.398769	     0.000152798
              88	       -0.397024	       -0.398749	     0.000152344
              89	       -0.397656	       -0.398737	     0.000151126
              90	       -0.398584	       -0.398735	     0.000149457
              91	        -0.39804	       -0.398728	      0.00014801
              92	       -0.399312	       -0.398734	     0.000146537
              93	        -0.39752	       -0.398721	     0.000145542
              94	       -0.401376	       -0.398749	     0.000146708
              95	        -0.39664	       -0.398727	     0.000146835
              96	       -0.398696	       -0.398727	     0.000145306
              97	       -0.398624	       -0.398726	     0.000143811
              98	       -0.398624	       -0.398725	     0.000142348
              99	       -0.399768	       -0.398735	     0.000141299
             100	       -0.397104	       -0.398719	     0.000140825
             101	       -0.398896	       -0.398721	     0.000139441
             102	        -0.40024	       -0.398736	     0.000138868
             103	       -0.399488	       -0.398743	     0.000137711
             104	       -0.396304	       -0.398719	      0.00013837
             105	       -0.397176	       -0.398705	      0.00013783
             106	       -0.400608	       -0.398723	     0.000137695
             107	       -0.398104	       -0.398717	     0.000136529
             108	       -0.399528	       -0.398724	     0.000135471
             109	       -0.398248	        -0.39872	     0.000134299
             110	       -0.401496	       -0.398745	     0.000135428
             111	       -0.396544	       -0.398725	     0.000135653
             112	       -0.401144	       -0.398747	     0.000136149
             113	       -0.398552	       -0.398745	     0.000134955
             114	       -0.400416	        -0.39876	     0.000134565
             115	       -0.398408	       -0.398757	     0.000133429
             116	       -0.395576	        -0.39873	     0.000135068
             117	       -0.399048	       -0.398732	     0.000133941
             118	       -0.399056	       -0.398735	     0.000132834
             119	       -0.400584	       -0.398751	     0.000132623
             120	       -0.395232	       -0.398721	      0.00013472
             121	       -0.396792	       -0.398705	     0.000134547
             122	       -0.397424	       -0.398695	     0.000133853
             123	       -0.398896	       -0.398696	     0.000132775
             124	       -0.398376	       -0.398694	     0.000131729
             125	       -0.396944	        -0.39868	     0.000131417
             126	       -0.397704	       -0.398672	     0.000130602
             127	       -0.397144	        -0.39866	     0.000130127
             128	       -0.399032	       -0.398663	     0.000129143
             129	        -0.39948	       -0.398669	     0.000128297
             130	        -0.39764	       -0.398661	     0.000127554
             131	        -0.39716	        -0.39865	     0.000127094
             132	       -0.400288	       -0.398662	     0.000126736
             133	       -0.399752	        -0.39867	     0.000126047
             134	       -0.398864	       -0.398672	     0.000125115
             135	       -0.398152	       -0.398668	     0.000124248
             136	       -0.399328	       -0.398673	     0.000123429
             137	       -0.398392	       -0.398671	     0.000122545
             138	        -0.40012	       -0.398681	     0.000122106
             139	       -0.398392	       -0.398679	     0.000121245
             140	       -0.400144	        -0.39869	      0.00012083
             141	       -0.399832	       -0.398698	     0.000120244
             142	        -0.39724	       -0.398688	     0.000119835
             143	       -0.397912	       -0.398682	     0.000119119
             144	       -0.395264	       -0.398658	     0.000120634
             145	        -0.39872	       -0.398659	     0.000119803
             146	         -0.4022	       -0.398683	     0.000121413
             147	       -0.398104	       -0.398679	     0.000120651
             148	       -0.398424	       -0.398677	     0.000119848
             149	       -0.397104	       -0.398667	     0.000119508
             150	       -0.397496	       -0.398659	     0.000118966
             151	       -0.400504	       -0.398671	     0.000118804
             152	       -0.400352	       -0.398682	     0.000118535
             153	       -0.401104	       -0.398698	     0.000118813
             154	       -0.397752	       -0.398692	       0.0001182
             155	       -0.400024	       -0.398701	     0.000117749
             156	       -0.398728	       -0.398701	     0.000116995
             157	       -0.397776	       -0.398695	     0.000116398
             158	       -0.396944	       -0.398684	     0.000116187
             159	        -0.39672	       -0.398671	     0.000116111
             160	        -0.39684	        -0.39866	     0.000115948
             161	       -0.398336	       -0.398658	     0.000115246
             162	       -0.397872	       -0.398653	     0.000114636
             163	       -0.399072	       -0.398656	     0.000113962
             164	       -0.398992	       -0.398658	     0.000113285
             165	       -0.402648	       -0.398682	     0.000115151
             166	         -0.3984	        -0.39868	      0.00011447
             167	       -0.398576	        -0.39868	     0.000113786
             168	        -0.39984	       -0.398687	     0.000113318
             169	        -0.39868	       -0.398687	     0.000112648
             170	       -0.396776	       -0.398675	     0.000112544
             171	       -0.401352	       -0.398691	     0.000112969
             172	       -0.398584	        -0.39869	     0.000112314
             173	        -0.39636	       -0.398677	      0.00011247
             174	        -0.39896	       -0.398678	     0.000111835
             175	       -0.399968	       -0.398686	     0.000111439
             176	       -0.396704	       -0.398675	     0.000111373
             177	       -0.399032	       -0.398677	     0.000110762
             178	       -0.398832	       -0.398677	     0.000110143
             179	       -0.399344	       -0.398681	     0.000109591
             180	        -0.39724	       -0.398673	     0.000109274
             181	       -0.397232	       -0.398665	      0.00010896
             182	       -0.399168	       -0.398668	     0.000108397
             183	       -0.399424	       -0.398672	     0.000107883
             184	         -0.3982	        -0.39867	     0.000107327
             185	       -0.398448	       -0.398668	     0.000106754
             186	        -0.39976	       -0.398674	     0.000106341
             187	       -0.396136	       -0.398661	     0.000106635
             188	       -0.400072	       -0.398668	     0.000106332
             189	        -0.39756	       -0.398662	     0.000105931
             190	       -0.399856	       -0.398669	     0.000105559
             191	       -0.399032	        -0.39867	     0.000105024
             192	       -0.401288	       -0.398684	     0.000105358
             193	       -0.400112	       -0.398692	     0.000105071
             194	       -0.398072	       -0.398688	     0.000104578
             195	       -0.401136	       -0.398701	     0.000104793
             196	        -0.39468	        -0.39868	     0.000106247
             197	       -0.396392	       -0.398669	     0.000106341
             198	       -0.397784	       -0.398664	     0.000105898
             199	       -0.397536	       -0.398659	     0.000105517
             200	       -0.397648	       -0.398654	      0.00010511
             201	       -0.397968	        -0.39865	     0.000104643
             202	       -0.400832	       -0.398661	     0.000104681
             203	       -0.400416	        -0.39867	     0.000104521
             204	         -0.3984	       -0.398668	     0.000104017
             205	       -0.399104	        -0.39867	     0.000103532
             206	       -0.395312	       -0.398654	     0.000104305
             207	       -0.399392	       -0.398658	     0.000103862
             208	       -0.396856	       -0.398649	     0.000103723
             209	       -0.397696	       -0.398644	     0.000103327
             210	       -0.399736	        -0.39865	     0.000102966
             211	       -0.396376	       -0.398639	      0.00010304
             212	       -0.397128	       -0.398632	       0.0001028
             213	       -0.397072	       -0.398624	     0.000102578
             214	       -0.398848	       -0.398625	     0.000102104
             215	        -0.39964	        -0.39863	     0.000101738
             216	       -0.398344	       -0.398629	     0.000101276
             217	       -0.398248	       -0.398627	     0.000100824
             218	       -0.398872	       -0.398628	     0.000100368
             219	       -0.399496	       -0.398632	     9.99877e-05
             220	        -0.39868	       -0.398632	     9.95335e-05
             221	       -0.400368	        -0.39864	     9.93924e-05
             222	       -0.399856	       -0.398646	     9.90955e-05
             223	       -0.397696	       -0.398641	     9.87426e-05
             224	       -0.397408	       -0.398636	     9.84552e-05
             225	       -0.397152	       -0.398629	     9.82383e-05
             226	       -0.399176	       -0.398632	     9.78333e-05
             227	       -0.397456	       -0.398627	     9.75394e-05
             228	       -0.398216	       -0.398625	     9.71282e-05
             229	       -0.394512	       -0.398607	     9.83505e-05
             230	        -0.39892	       -0.398608	     9.79323e-05
             231	       -0.397552	       -0.398604	     9.76151e-05
             232	       -0.399216	       -0.398606	       9.723e-05
             233	       -0.396528	       -0.398597	      9.7221e-05
             234	       -0.399664	       -0.398602	     9.69123e-05
             235	         -0.3982	         -0.3986	      9.6515e-05
             236	       -0.401072	       -0.398611	     9.66726e-05
             237	       -0.399672	       -0.398615	     9.63684e-05
             238	       -0.397736	       -0.398611	     9.60343e-05
             239	       -0.396784	       -0.398604	     9.59364e-05
             240	       -0.398776	       -0.398605	     9.55393e-05
             241	       -0.399512	       -0.398608	     9.52171e-05
             242	       -0.399136	        -0.39861	     9.48486e-05
             243	        -0.39876	       -0.398611	     9.44602e-05
             244	        -0.39744	       -0.398606	      9.4195e-05
             245	        -0.39748	       -0.398602	     9.39226e-05
             246	       -0.398872	       -0.398603	     9.35472e-05
             247	       -0.397392	       -0.398598	     9.32968e-05
             248	       -0.399344	       -0.398601	     9.29691e-05
             249	       -0.397624	       -0.398597	     9.26785e-05
             250	        -0.39956	       -0.398601	     9.23878e-05
             251	       -0.398344	         -0.3986	     9.20254e-05
             252	       -0.397744	       -0.398596	     9.17229e-05
             253	       -0.399184	       -0.398599	     9.13897e-05
             254	       -0.397664	       -0.398595	      9.1104e-05
             255	          -0.398	       -0.398593	     9.07766e-05
             256	       -0.397976	        -0.39859	      9.0454e-05
             257	       -0.398616	        -0.39859	     9.01021e-05
             258	       -0.396384	       -0.398582	     9.01578e-05
             259	       -0.398056	        -0.39858	     8.98325e-05
             260	       -0.398264	       -0.398579	     8.94952e-05
             261	       -0.397208	       -0.398573	     8.93063e-05
             262	       -0.398232	       -0.398572	     8.89749e-05
             263	       -0.401768	       -0.398584	     8.94626e-05
             264	       -0.398224	       -0.398583	     8.91341e-05
             265	         -0.4006	        -0.39859	     8.91222e-05
             266	        -0.39888	       -0.398592	     8.87938e-05
             267	        -0.39956	       -0.398595	     8.85353e-05
             268	       -0.396528	       -0.398587	     8.85403e-05
             269	        -0.39852	       -0.398587	     8.82115e-05
             270	        -0.40252	       -0.398602	     8.90793e-05
             271	       -0.395944	       -0.398592	     8.92888e-05
             272	       -0.398944	       -0.398593	     8.89699e-05
             273	       -0.396056	       -0.398584	     8.91281e-05
             274	       -0.396728	       -0.398577	     8.90599e-05
             275	       -0.398728	       -0.398578	     8.87377e-05
             276	       -0.400224	       -0.398584	     8.86164e-05
             277	         -0.3954	       -0.398572	     8.90387e-05
             278	       -0.397344	       -0.398568	      8.8828e-05
             279	       -0.398392	       -0.398567	     8.85119e-05
             280	       -0.396976	       -0.398561	      8.8378e-05
             281	        -0.39856	       -0.398561	     8.80635e-05
             282	       -0.399408	       -0.398564	     8.78023e-05
             283	       -0.399088	       -0.398566	     8.75116e-05
             284	       -0.399808	       -0.398571	     8.73126e-05
             285	        -0.39956	       -0.398574	     8.70752e-05
             286	            -0.4	       -0.398579	     8.69133e-05
             287	       -0.398488	       -0.398579	     8.66111e-05
             288	       -0.400248	       -0.398585	      8.6504e-05
             289	       -0.399752	       -0.398589	      8.6299e-05
             290	       -0.397688	       -0.398586	     8.60573e-05
             291	        -0.39588	       -0.398576	     8.62623e-05
             292	       -0.401304	       -0.398586	     8.64712e-05
             293	       -0.397368	       -0.398581	     8.62759e-05
             294	       -0.398728	       -0.398582	     8.59839e-05
             295	       -0.397832	       -0.398579	       8.573e-05
             296	         -0.3996	       -0.398583	     8.55097e-05
             297	       -0.400728	        -0.39859	     8.55262e-05
             298	       -0.398144	       -0.398589	     8.52523e-05
             299	       -0.398768	       -0.398589	     8.49693e-05
             300	       -0.398912	        -0.39859	     8.46929e-05
             301	       -0.397664	       -0.398587	     8.44674e-05
             302	       -0.397496	       -0.398584	      8.4265e-05
             303	        -0.39868	       -0.398584	     8.39875e-05
             304	       -0.395512	       -0.398574	     8.43169e-05
             305	       -0.398392	       -0.398573	     8.40426e-05
             306	        -0.39988	       -0.398577	     8.38763e-05
             307	       -0.398808	       -0.398578	     8.36065e-05
             308	        -0.39888	       -0.398579	     8.33408e-05
             309	       -0.396344	       -0.398572	     8.33844e-05
             310	       -0.397232	       -0.398568	     8.32274e-05
             311	       -0.399064	       -0.398569	     8.29751e-05
             312	       -0.398408	       -0.398569	     8.27107e-05
             313	       -0.396104	       -0.398561	     8.28205e-05
             314	        -0.40008	       -0.398566	     8.26979e-05
             315	       -0.399104	       -0.398567	      8.2453e-05
             316	        -0.39724	       -0.398563	      8.2299e-05
             317	       -0.400616	        -0.39857	     8.22938e-05
             318	        -0.39888	       -0.398571	     8.20408e-05
             319	        -0.39808	       -0.398569	      8.1798e-05
             320	       -0.400352	       -0.398575	     8.17319e-05
             321	       -0.397392	       -0.398571	     8.15603e-05
             322	       -0.398208	        -0.39857	     8.13148e-05
             323	        -0.39816	       -0.398569	      8.1073e-05
             324	       -0.396712	       -0.398563	      8.1025e-05
             325	        -0.39932	       -0.398565	     8.08092e-05
             326	         -0.3988	       -0.398566	     8.05645e-05
             327	       -0.399144	       -0.398568	     8.03375e-05
             328	       -0.399752	       -0.398571	     8.01737e-05
             329	        -0.39812	        -0.39857	     7.99417e-05
             330	        -0.39712	       -0.398566	     7.98201e-05
             331	       -0.397952	       -0.398564	     7.96005e-05
             332	         -0.3974	        -0.39856	     7.94379e-05
             333	       -0.400776	       -0.398567	     7.94775e-05
             334	       -0.400784	       -0.398573	     7.95163e-05
             335	       -0.399024	       -0.398575	     7.92903e-05
             336	       -0.401888	       -0.398585	     7.96651e-05
             337	        -0.40008	       -0.398589	     7.95522e-05
             338	       -0.400168	       -0.398594	     7.94539e-05
             339	       -0.398408	       -0.398593	     7.92214e-05
             340	       -0.400072	       -0.398598	     7.91077e-05
             341	        -0.40136	       -0.398606	     7.92894e-05
             342	       -0.398904	       -0.398607	     7.90624e-05
             343	       -0.399744	        -0.39861	     7.89014e-05
             344	       -0.399856	       -0.398613	     7.87551e-05
             345	       -0.400216	       -0.398618	     7.86637e-05
             346	         -0.3996	       -0.398621	     7.84875e-05
             347	       -0.397904	       -0.398619	     7.82885e-05
             348	       -0.397376	       -0.398615	      7.8145e-05
             349	         -0.3984	       -0.398615	     7.79235e-05
             350	       -0.397024	        -0.39861	     7.78333e-05
             351	       -0.398248	       -0.398609	     7.76184e-05
             352	       -0.397648	       -0.398606	     7.74459e-05
             353	       -0.398304	       -0.398606	     7.72312e-05
             354	       -0.398048	       -0.398604	     7.70291e-05
             355	       -0.398864	       -0.398605	     7.68156e-05
             356	       -0.400584	        -0.39861	     7.68008e-05
             357	       -0.395848	       -0.398603	     7.69745e-05
             358	       -0.398584	       -0.398602	     7.67595e-05
             359	       -0.395384	       -0.398594	     7.70674e-05
             360	        -0.39492	       -0.398583	     7.75259e-05
             361	       -0.397904	       -0.398581	      7.7334e-05
             362	       -0.399576	       -0.398584	     7.71692e-05
             363	       -0.396576	       -0.398579	     7.71546e-05
             364	       -0.398024	       -0.398577	     7.69577e-05
             365	       -0.398584	       -0.398577	     7.67469e-05
             366	       -0.398848	       -0.398578	     7.65407e-05
             367	       -0.400408	       -0.398583	     7.64945e-05
             368	        -0.39952	       -0.398585	      7.6329e-05
             369	       -0.399368	       -0.398588	     7.61516e-05
             370	       -0.401392	       -0.398595	      7.6322e-05
             371	          -0.398	       -0.398594	     7.61332e-05
             372	       -0.398216	       -0.398592	     7.59353e-05
             373	       -0.403136	       -0.398605	     7.67025e-05
             374	       -0.398824	       -0.398605	     7.64996e-05
             375	        -0.39608	       -0.398599	     7.65914e-05
             376	       -0.397744	       -0.398596	     7.64215e-05
             377	       -0.399232	       -0.398598	     7.62373e-05
             378	        -0.39656	       -0.398593	     7.62261e-05
             379	        -0.39724	       -0.398589	     7.61084e-05
             380	       -0.398648	       -0.398589	     7.59083e-05
             381	       -0.399016	        -0.39859	     7.57173e-05
             382	         -0.3972	       -0.398587	     7.56065e-05
             383	       -0.395896	        -0.39858	     7.57348e-05
             384	       -0.396568	       -0.398574	     7.57185e-05
             385	       -0.396832	        -0.39857	      7.5657e-05
             386	       -0.398976	       -0.398571	     7.54683e-05
             387	        -0.39904	       -0.398572	      7.5283e-05
             388	       -0.399624	       -0.398575	     7.51378e-05
             389	       -0.397184	       -0.398571	     7.50297e-05
             390	       -0.399672	       -0.398574	     7.48903e-05
             391	       -0.396488	       -0.398569	     7.48886e-05
             392	       -0.398752	       -0.398569	      7.4699e-05
             393	       -0.396888	       -0.398565	     7.46313e-05
             394	       -0.398832	       -0.398566	      7.4445e-05
             395	       -0.399424	       -0.398568	     7.42882e-05
             396	       -0.398168	       -0.398567	     7.41075e-05
             397	        -0.39776	       -0.398565	     7.39487e-05
             398	       -0.395768	       -0.398558	      7.4096e-05
             399	       -0.396064	       -0.398551	     7.41734e-05
             400	       -0.395376	       -0.398544	     7.44116e-05
             401	       -0.399048	       -0.398545	     7.42367e-05
             402	       -0.397776	       -0.398543	     7.40766e-05
             403	       -0.399896	       -0.398546	     7.39689e-05
             404	       -0.400472	       -0.398551	     7.39392e-05
             405	        -0.39944	       -0.398553	     7.37892e-05
             406	        -0.39924	       -0.398555	     7.36269e-05
             407	       -0.398352	       -0.398554	     7.34476e-05
             408	       -0.398504	       -0.398554	     7.32677e-05
             409	       -0.396712	        -0.39855	     7.32269e-05
             410	       -0.398424	       -0.398549	      7.3049e-05
             411	        -0.39784	       -0.398548	     7.28916e-05
             412	       -0.397768	       -0.398546	     7.27393e-05
             413	       -0.398496	       -0.398546	     7.25632e-05
             414	       -0.396208	        -0.39854	     7.26073e-05
             415	         -0.3986	        -0.39854	     7.24325e-05
             416	          -0.399	       -0.398541	     7.22668e-05
             417	       -0.400656	       -0.398546	     7.22712e-05
             418	        -0.39652	       -0.398542	     7.22607e-05
             419	        -0.40048	       -0.398546	     7.22362e-05
             420	        -0.39788	       -0.398545	     7.20817e-05
             421	       -0.398824	       -0.398545	     7.19135e-05
             422	       -0.396432	        -0.39854	     7.19172e-05
             423	       -0.399832	       -0.398543	      7.1812e-05
             424	         -0.4006	       -0.398548	     7.18063e-05
             425	       -0.397912	       -0.398547	     7.16529e-05
             426	       -0.398168	       -0.398546	     7.14902e-05
             427	       -0.398512	       -0.398546	     7.13229e-05
             428	       -0.396576	       -0.398541	     7.13045e-05
             429	       -0.398904	       -0.398542	     7.11433e-05
             430	       -0.396176	       -0.398536	     7.11903e-05
             431	       -0.400448	       -0.398541	     7.11632e-05
             432	       -0.400536	       -0.398545	     7.11482e-05
             433	       -0.397568	       -0.398543	     7.10197e-05
             434	        -0.39736	        -0.39854	     7.09083e-05
             435	       -0.399312	       -0.398542	     7.07675e-05
             436	        -0.39976	       -0.398545	     7.06603e-05
             437	       -0.398672	       -0.398545	     7.04992e-05
             438	       -0.400824	       -0.398551	     7.05299e-05
             439	       -0.398072	       -0.398549	     7.03777e-05
             440	       -0.398408	       -0.398549	     7.02185e-05
             441	       -0.397144	       -0.398546	     7.01315e-05
             442	       -0.399552	       -0.398548	     7.00098e-05
             443	       -0.398272	       -0.398548	     6.98545e-05
             444	        -0.39708	       -0.398544	     6.97753e-05
             445	       -0.398576	       -0.398544	     6.96186e-05
             446	        -0.39796	       -0.398543	     6.94748e-05
             447	         -0.3972	        -0.39854	     6.93843e-05
             448	       -0.396008	       -0.398534	     6.94592e-05
             449	       -0.399352	       -0.398536	     6.93284e-05
             450	       -0.398496	       -0.398536	     6.91744e-05
             451	       -0.398408	       -0.398536	     6.90216e-05
             452	       -0.397688	       -0.398534	     6.88944e-05
             453	       -0.399408	       -0.398536	     6.87693e-05
             454	       -0.399968	       -0.398539	     6.86902e-05
             455	       -0.397576	       -0.398537	     6.85718e-05
             456	       -0.395232	        -0.39853	     6.88034e-05
             457	        -0.39884	        -0.39853	     6.86562e-05
             458	       -0.397984	       -0.398529	     6.85166e-05
             459	         -0.4034	        -0.39854	     6.91842e-05
             460	       -0.398256	       -0.398539	     6.90366e-05
             461	        -0.39996	       -0.398542	     6.89556e-05
             462	       -0.397616	        -0.39854	     6.88355e-05
             463	       -0.397848	       -0.398539	      6.8703e-05
             464	        -0.39744	       -0.398536	     6.85958e-05
             465	        -0.39608	       -0.398531	     6.86514e-05
             466	       -0.398648	       -0.398531	     6.85045e-05
             467	       -0.396576	       -0.398527	     6.84856e-05
             468	        -0.39816	       -0.398526	     6.83438e-05
             469	       -0.395344	        -0.39852	     6.85341e-05
             470	       -0.398672	        -0.39852	      6.8389e-05
             471	       -0.397328	       -0.398517	     6.82906e-05
             472	       -0.395824	       -0.398512	     6.83839e-05
             473	        -0.39776	        -0.39851	     6.82578e-05
             474	       -0.396008	       -0.398505	     6.83176e-05
             475	       -0.398696	       -0.398505	      6.8175e-05
             476	        -0.39892	       -0.398506	     6.80373e-05
             477	       -0.397848	       -0.398505	     6.79087e-05
             478	        -0.39916	       -0.398506	     6.77805e-05
             479	       -0.394752	       -0.398498	     6.80905e-05
             480	        -0.39724	       -0.398496	     6.79991e-05
             481	       -0.395632	        -0.39849	     6.81179e-05
             482	       -0.398432	        -0.39849	     6.79767e-05
             483	        -0.40124	       -0.398495	      6.8074e-05
             484	       -0.398992	       -0.398496	     6.79411e-05
             485	       -0.397848	       -0.398495	     6.78142e-05
             486	       -0.400224	       -0.398498	     6.77679e-05
             487	       -0.399656	       -0.398501	     6.76704e-05
             488	       -0.399672	       -0.398503	     6.75743e-05
             489	       -0.399096	       -0.398504	      6.7447e-05
             490	         -0.3972	       -0.398502	     6.73618e-05
             491	       -0.396512	       -0.398498	     6.73464e-05
             492	       -0.396952	       -0.398495	     6.72828e-05
             493	        -0.39684	       -0.398491	       6.723e-05
             494	       -0.399032	       -0.398492	     6.71028e-05
             495	       -0.396976	       -0.398489	     6.70371e-05
             496	       -0.398552	       -0.398489	     6.69021e-05
             497	       -0.398176	       -0.398489	     6.67704e-05
             498	       -0.397936	       -0.398488	     6.66456e-05
             499	       -0.395816	       -0.398482	     6.67267e-05
             500	       -0.400784	       -0.398487	     6.67519e-05
