#     BLOCK:   ACTUAL_TE:    TE_AVE:      ERROR:
               1	        -0.32048	        -0.32048	               0
               2	        -0.32232	         -0.3214	     0.000650538
               3	        -0.32056	        -0.32112	     0.000490261
               4	         -0.3268	        -0.32254	      0.00128355
               5	         -0.3208	       -0.322192	      0.00107298
               6	        -0.32928	       -0.323373	      0.00140088
               7	        -0.32648	       -0.323817	      0.00126911
               8	        -0.32792	        -0.32433	      0.00120966
               9	        -0.31536	       -0.323333	      0.00142799
              10	        -0.33656	       -0.324656	      0.00179617
              11	        -0.32776	       -0.324938	       0.0016549
              12	        -0.32608	       -0.325033	      0.00151972
              13	         -0.3264	       -0.325138	      0.00140645
              14	        -0.32088	       -0.324834	      0.00133848
              15	        -0.31864	       -0.324421	       0.0013114
              16	         -0.3228	        -0.32432	      0.00123335
              17	        -0.32512	       -0.324367	       0.0011617
              18	         -0.3224	       -0.324258	      0.00110229
              19	        -0.32568	       -0.324333	      0.00104681
              20	        -0.33096	       -0.324664	       0.0010456
              21	        -0.33152	        -0.32499	      0.00104554
              22	        -0.32632	       -0.325051	     0.000999759
              23	        -0.32144	       -0.324894	      0.00096854
              24	         -0.3224	        -0.32479	     0.000933742
              25	        -0.32448	       -0.324778	     0.000896474
              26	         -0.3244	       -0.324763	     0.000862112
              27	        -0.33024	       -0.324966	     0.000853713
              28	        -0.31712	       -0.324686	     0.000867993
              29	        -0.31904	       -0.324491	     0.000859617
              30	        -0.31576	         -0.3242	      0.00087885
              31	        -0.32576	        -0.32425	     0.000851939
              32	        -0.32488	        -0.32427	     0.000825543
              33	        -0.32016	       -0.324145	     0.000809867
              34	        -0.32648	       -0.324214	     0.000788953
              35	        -0.31568	        -0.32397	     0.000803207
              36	        -0.32192	       -0.323913	     0.000782912
              37	        -0.32008	        -0.32381	     0.000768577
              38	        -0.32544	       -0.323853	     0.000749548
              39	        -0.32112	       -0.323783	     0.000733596
              40	        -0.32024	       -0.323694	     0.000720582
              41	        -0.31808	       -0.323557	     0.000715899
              42	        -0.32552	       -0.323604	     0.000700377
              43	        -0.31472	       -0.323397	     0.000713911
              44	         -0.3228	       -0.323384	     0.000697815
              45	        -0.32216	       -0.323356	     0.000682838
              46	        -0.31536	       -0.323183	     0.000689766
              47	        -0.32584	       -0.323239	     0.000677403
              48	        -0.32464	       -0.323268	     0.000663919
              49	        -0.31816	       -0.323164	     0.000658504
              50	        -0.31608	       -0.323022	       0.0006604
              51	        -0.32584	       -0.323078	     0.000649758
              52	         -0.3288	       -0.323188	     0.000646514
              53	        -0.33272	       -0.323368	     0.000658858
              54	        -0.34008	       -0.323677	     0.000715664
              55	        -0.32616	       -0.323722	     0.000704075
              56	        -0.32368	       -0.323721	     0.000691502
              57	        -0.32576	       -0.323757	     0.000680295
              58	         -0.3196	       -0.323686	     0.000672331
              59	        -0.32424	       -0.323695	     0.000661001
              60	        -0.31712	       -0.323585	     0.000659005
              61	        -0.32296	       -0.323575	     0.000648282
              62	        -0.32584	       -0.323612	     0.000638854
              63	        -0.31968	       -0.323549	     0.000631754
              64	           -0.33	        -0.32365	     0.000629872
              65	        -0.32824	       -0.323721	     0.000624128
              66	        -0.31872	       -0.323645	     0.000619253
              67	        -0.33248	       -0.323777	     0.000623893
              68	        -0.33184	       -0.323895	     0.000625885
              69	        -0.33152	       -0.324006	     0.000626493
              70	        -0.32272	       -0.323987	     0.000617813
              71	        -0.31576	       -0.323872	     0.000619883
              72	        -0.32104	       -0.323832	      0.00061252
              73	         -0.3284	       -0.323895	     0.000607317
              74	        -0.32944	        -0.32397	     0.000603715
              75	        -0.32456	       -0.323978	     0.000595717
              76	        -0.32024	       -0.323928	     0.000589905
              77	        -0.31944	        -0.32387	     0.000585117
              78	        -0.32528	       -0.323888	     0.000577895
              79	        -0.32752	       -0.323934	     0.000572405
              80	        -0.32008	       -0.323886	     0.000567274
              81	         -0.3276	       -0.323932	      0.00056212
              82	        -0.31688	       -0.323846	     0.000561805
              83	        -0.31624	       -0.323754	      0.00056246
              84	        -0.32264	       -0.323741	     0.000555921
              85	        -0.32056	       -0.323704	     0.000550639
              86	        -0.32976	       -0.323774	     0.000548721
              87	        -0.32368	       -0.323773	     0.000542415
              88	         -0.3272	       -0.323812	     0.000537647
              89	        -0.32128	       -0.323783	     0.000532358
              90	         -0.3304	       -0.323857	     0.000531495
              91	        -0.32832	       -0.323906	     0.000527913
              92	        -0.32256	       -0.323891	     0.000522377
              93	        -0.32752	        -0.32393	     0.000518215
              94	        -0.32184	       -0.323908	     0.000513179
              95	        -0.31728	       -0.323838	     0.000512498
              96	        -0.32272	       -0.323827	     0.000507292
              97	        -0.32432	       -0.323832	     0.000502088
              98	        -0.31648	       -0.323757	     0.000502538
              99	        -0.32624	       -0.323782	     0.000498087
             100	        -0.32256	        -0.32377	     0.000493256
             101	        -0.32936	       -0.323825	     0.000491468
             102	        -0.31536	       -0.323742	     0.000493607
             103	        -0.31616	       -0.323668	     0.000494273
             104	        -0.33104	       -0.323739	     0.000494576
             105	        -0.32128	       -0.323716	     0.000490421
             106	        -0.32368	       -0.323715	     0.000485794
             107	        -0.31712	       -0.323654	     0.000485149
             108	        -0.32712	       -0.323686	     0.000481717
             109	        -0.33264	       -0.323768	     0.000484251
             110	        -0.32784	       -0.323805	     0.000481262
             111	        -0.32408	       -0.323808	     0.000476932
             112	        -0.31712	       -0.323748	     0.000476397
             113	        -0.32376	       -0.323748	     0.000472181
             114	         -0.3312	       -0.323813	     0.000472543
             115	        -0.31504	       -0.323737	     0.000474552
             116	        -0.33296	       -0.323817	     0.000477075
             117	         -0.3248	       -0.323825	     0.000473071
             118	        -0.33328	       -0.323905	       0.0004758
             119	        -0.32176	       -0.323887	     0.000472143
             120	        -0.31816	       -0.323839	     0.000470614
             121	         -0.3256	       -0.323854	      0.00046695
             122	         -0.3268	       -0.323878	     0.000463746
             123	         -0.3244	       -0.323882	     0.000459995
             124	        -0.33056	       -0.323936	     0.000459427
             125	        -0.33096	       -0.323992	     0.000459175
             126	        -0.32168	       -0.323974	     0.000455898
             127	        -0.32368	       -0.323972	     0.000452314
             128	         -0.3216	       -0.323953	     0.000449159
             129	        -0.32528	       -0.323963	     0.000445795
             130	        -0.32608	        -0.32398	     0.000442663
             131	        -0.32512	       -0.323988	      0.00043937
             132	         -0.3288	       -0.324025	     0.000437551
             133	         -0.3224	       -0.324013	     0.000434431
             134	        -0.33072	       -0.324063	     0.000434063
             135	        -0.32088	       -0.324039	     0.000431488
             136	        -0.32056	       -0.324014	     0.000429073
             137	        -0.32096	       -0.323991	     0.000426519
             138	        -0.31936	       -0.323958	     0.000424747
             139	        -0.32584	       -0.323971	     0.000421907
             140	        -0.32568	       -0.323983	      0.00041907
             141	        -0.32608	       -0.323998	     0.000416361
             142	        -0.32968	       -0.324038	     0.000415347
             143	        -0.31776	       -0.323994	     0.000414757
             144	        -0.32384	       -0.323993	     0.000411878
             145	        -0.32288	       -0.323986	     0.000409109
             146	        -0.33048	        -0.32403	     0.000408718
             147	        -0.32272	       -0.324021	     0.000406035
             148	        -0.32528	        -0.32403	      0.00040338
             149	         -0.3272	       -0.324051	     0.000401234
             150	        -0.32216	       -0.324038	     0.000398757
             151	        -0.31912	       -0.324006	     0.000397444
             152	        -0.32944	       -0.324042	     0.000396434
             153	        -0.32632	       -0.324056	     0.000394123
             154	        -0.32424	       -0.324058	     0.000391565
             155	        -0.32872	       -0.324088	     0.000390193
             156	        -0.32344	       -0.324084	     0.000387714
             157	        -0.32488	       -0.324089	     0.000385277
             158	        -0.31528	       -0.324033	     0.000386851
             159	        -0.32264	       -0.324024	     0.000384518
             160	         -0.3324	       -0.324076	     0.000385661
             161	        -0.32728	       -0.324096	     0.000383779
             162	        -0.33208	       -0.324146	     0.000384561
             163	        -0.31472	       -0.324088	     0.000386525
             164	         -0.3268	       -0.324104	     0.000384522
             165	        -0.32432	       -0.324106	     0.000382193
             166	        -0.32808	        -0.32413	      0.00038064
             167	         -0.3256	       -0.324138	     0.000378463
             168	        -0.32456	       -0.324141	     0.000376218
             169	        -0.31616	       -0.324094	     0.000376944
             170	        -0.31672	        -0.32405	     0.000377214
             171	        -0.32104	       -0.324033	     0.000375419
             172	        -0.32712	       -0.324051	     0.000373665
             173	         -0.3344	       -0.324111	     0.000376264
             174	         -0.3172	       -0.324071	     0.000376191
             175	        -0.31624	       -0.324026	     0.000376694
             176	        -0.32832	        -0.32405	     0.000375343
             177	        -0.32576	        -0.32406	     0.000373346
             178	        -0.32528	       -0.324067	     0.000371312
             179	        -0.33464	       -0.324126	     0.000373906
             180	        -0.32248	       -0.324117	      0.00037194
             181	        -0.32488	       -0.324121	     0.000369909
             182	        -0.32912	       -0.324149	     0.000368895
             183	         -0.3296	       -0.324178	      0.00036808
             184	        -0.31736	       -0.324141	      0.00036794
             185	        -0.32664	       -0.324155	     0.000366199
             186	           -0.32	       -0.324132	     0.000364911
             187	          -0.322	       -0.324121	     0.000363138
             188	        -0.32448	       -0.324123	     0.000361211
             189	        -0.31824	       -0.324092	     0.000360639
             190	         -0.3224	       -0.324083	     0.000358851
             191	         -0.3292	        -0.32411	     0.000357971
             192	        -0.32664	       -0.324123	     0.000356349
             193	         -0.3208	       -0.324106	     0.000354918
             194	         -0.3244	       -0.324107	     0.000353092
             195	        -0.31568	       -0.324064	     0.000353916
             196	        -0.31632	       -0.324024	     0.000354309
             197	         -0.3252	        -0.32403	      0.00035256
             198	        -0.31424	       -0.323981	      0.00035423
             199	        -0.32664	       -0.323994	     0.000352702
             200	        -0.31896	       -0.323969	     0.000351836
