#     BLOCK:   ACTUAL_CV:    CV_AVE:      ERROR:
           1	    0.368624	    0.368624	           0
           2	    0.486979	    0.427801	   0.0418448
           3	    0.522926	     0.45951	    0.038059
           4	    0.432449	    0.452744	   0.0291393
           5	    0.371998	    0.436595	   0.0274238
           6	       0.502	    0.447496	   0.0249257
           7	    0.491127	    0.453729	   0.0221305
           8	    0.608769	    0.473109	   0.0265256
           9	    0.454536	    0.471045	   0.0236584
          10	     0.39978	    0.463919	   0.0223402
          11	    0.462716	     0.46381	   0.0203095
          12	    0.478253	    0.465013	   0.0186527
          13	    0.470938	    0.465469	   0.0172234
          14	    0.405917	    0.461215	   0.0165101
          15	    0.482311	    0.462622	   0.0154692
          16	    0.428617	    0.460496	   0.0146477
          17	    0.559398	    0.466314	   0.0148967
          18	    0.382767	    0.461673	   0.0147745
          19	    0.458293	    0.461495	   0.0139979
          20	    0.499604	      0.4634	   0.0134271
          21	    0.513652	    0.465793	   0.0129992
          22	    0.386007	    0.462166	   0.0129043
          23	    0.518368	     0.46461	   0.0125725
          24	    0.501821	     0.46616	   0.0121439
          25	    0.468172	    0.466241	   0.0116584
          26	    0.486945	    0.467037	   0.0112371
          27	    0.511217	    0.468673	   0.0109394
          28	    0.564723	    0.472104	   0.0110735
          29	    0.403817	    0.469749	   0.0109392
          30	    0.433469	     0.46854	   0.0106412
          31	    0.544401	    0.470987	   0.0105755
          32	    0.561151	    0.473805	   0.0106138
          33	    0.355086	    0.470207	   0.0108848
          34	    0.411432	    0.468478	    0.010701
          35	    0.508001	    0.469608	   0.0104547
          36	    0.430578	    0.468523	   0.0102203
          37	    0.494753	    0.469232	  0.00996866
          38	     0.50217	    0.470099	  0.00974394
          39	    0.377687	     0.46773	  0.00977797
          40	    0.482914	    0.468109	  0.00954089
          41	    0.491273	    0.468674	  0.00932489
          42	    0.559766	    0.470843	  0.00935169
          43	    0.473831	    0.470912	  0.00913447
          44	     0.46133	    0.470695	  0.00892947
          45	    0.474455	    0.470778	  0.00873142
          46	    0.481289	    0.471007	   0.0085446
          47	    0.462134	    0.470818	  0.00836489
          48	    0.515014	    0.471739	  0.00824114
          49	    0.453073	    0.471358	  0.00808175
          50	    0.573272	    0.473396	  0.00817311
          51	    0.475705	    0.473441	  0.00801298
          52	    0.440795	    0.472814	  0.00788344
          53	    0.459675	    0.472566	  0.00773859
          54	    0.443762	    0.472032	  0.00761364
          55	    0.415709	    0.471008	  0.00754377
          56	    0.458673	    0.470788	  0.00741227
          57	    0.437678	    0.470207	  0.00730496
          58	    0.551156	    0.471603	  0.00731113
          59	    0.537774	    0.472724	  0.00727272
          60	    0.516716	    0.473457	  0.00718837
          61	    0.492806	    0.473775	  0.00707753
          62	    0.460223	    0.473556	  0.00696675
          63	    0.516184	    0.474233	  0.00688894
          64	    0.476997	    0.474276	  0.00678144
          65	    0.483043	    0.474411	  0.00667845
          66	    0.538447	    0.475381	  0.00664737
          67	    0.487656	    0.475564	  0.00655068
          68	    0.478206	    0.475603	  0.00645446
          69	    0.490857	    0.475824	   0.0063647
          70	    0.507528	    0.476277	  0.00628987
          71	    0.407906	    0.475314	  0.00627456
          72	    0.398655	    0.474249	   0.0062771
          73	    0.473682	    0.474242	  0.00619112
          74	    0.473996	    0.474238	  0.00610745
          75	    0.415791	    0.473459	  0.00607554
          76	    0.506593	    0.473895	  0.00601122
          77	    0.478774	    0.473958	  0.00593348
          78	     0.52963	    0.474672	  0.00590019
          79	    0.515406	    0.475188	  0.00584799
          80	    0.556779	    0.476208	  0.00586315
          81	    0.429169	    0.475627	  0.00581945
          82	    0.441902	    0.475216	    0.005763
          83	    0.400444	    0.474315	  0.00576355
          84	    0.577181	    0.475539	  0.00582358
          85	    0.536346	    0.476255	  0.00579884
          86	    0.531977	    0.476903	  0.00576749
          87	     0.53569	    0.477578	  0.00574065
          88	    0.535436	    0.478236	  0.00571294
          89	     0.50463	    0.478532	  0.00565644
          90	    0.486846	    0.478625	  0.00559434
          91	    0.501179	    0.478873	  0.00553836
          92	    0.486124	    0.478951	  0.00547872
          93	    0.470822	    0.478864	   0.0054205
          94	     0.45961	    0.478659	  0.00536671
          95	    0.442145	    0.478275	  0.00532396
          96	     0.46345	     0.47812	  0.00527074
          97	    0.566757	    0.479034	  0.00529502
          98	    0.411617	    0.478346	  0.00528549
          99	    0.427866	    0.477836	  0.00525664
         100	    0.423093	    0.477289	   0.0052325
