#     BLOCK:   ACTUAL_TE:    TE_AVE:      ERROR:
           1	   -0.843263	   -0.843263	           0
           2	   -0.823681	   -0.833472	  0.00692342
           3	   -0.839445	   -0.835463	  0.00489351
           4	   -0.831081	   -0.834367	  0.00379078
           5	   -0.822754	   -0.832045	    0.003676
           6	   -0.839161	   -0.833231	  0.00324904
           7	   -0.816882	   -0.830895	  0.00352573
           8	    -0.82402	   -0.830036	  0.00318804
           9	   -0.821934	   -0.829136	  0.00295816
          10	   -0.812067	   -0.827429	   0.0031161
          11	    -0.83447	   -0.828069	  0.00289783
          12	   -0.828071	   -0.828069	  0.00265634
          13	   -0.827462	   -0.828022	  0.00245242
          14	   -0.818083	   -0.827313	  0.00237779
          15	   -0.828982	   -0.827424	  0.00222187
          16	   -0.843111	   -0.828404	  0.00228913
          17	   -0.833953	   -0.828731	  0.00217762
          18	   -0.811579	   -0.827778	   0.0022555
          19	   -0.838458	    -0.82834	  0.00220572
          20	     -0.8324	   -0.828543	  0.00210475
          21	   -0.851205	   -0.829622	  0.00226433
          22	   -0.817469	    -0.82907	  0.00222778
          23	   -0.817256	   -0.828556	  0.00218933
          24	   -0.850882	   -0.829486	  0.00228722
          25	   -0.841858	   -0.829981	  0.00224864
          26	   -0.834371	    -0.83015	  0.00216848
          27	   -0.835918	   -0.830364	  0.00209866
          28	   -0.847065	    -0.83096	  0.00210677
          29	   -0.814766	   -0.830402	  0.00210682
          30	   -0.827581	   -0.830308	  0.00203869
          31	   -0.821178	   -0.830013	  0.00199409
          32	   -0.841786	   -0.830381	  0.00196541
          33	   -0.822996	   -0.830157	  0.00191855
          34	   -0.821801	   -0.829911	   0.0018778
          35	   -0.868178	   -0.831005	  0.00211866
          36	   -0.852876	   -0.831612	  0.00214515
          37	   -0.826606	   -0.831477	  0.00209143
          38	   -0.832922	   -0.831515	  0.00203674
          39	   -0.833502	   -0.831566	  0.00198515
          40	   -0.821741	    -0.83132	  0.00195066
          41	    -0.83163	   -0.831328	   0.0019031
          42	   -0.844476	   -0.831641	  0.00188336
          43	   -0.836042	   -0.831743	  0.00184234
          44	   -0.831561	   -0.831739	  0.00180047
          45	   -0.846843	   -0.832075	  0.00179148
          46	   -0.818778	   -0.831786	   0.0017757
          47	   -0.824334	   -0.831627	  0.00174498
          48	   -0.834024	   -0.831677	  0.00170934
          49	   -0.812177	   -0.831279	  0.00172016
          50	   -0.834329	    -0.83134	  0.00168684
          51	   -0.843509	   -0.831579	  0.00167055
          52	   -0.825059	   -0.831453	  0.00164312
          53	     -0.8226	   -0.831286	  0.00162059
          54	   -0.860449	   -0.831826	  0.00167815
          55	   -0.824728	   -0.831697	  0.00165259
          56	   -0.828267	   -0.831636	  0.00162422
          57	   -0.840502	   -0.831792	  0.00160315
          58	   -0.818909	   -0.831569	  0.00159083
          59	   -0.843674	   -0.831775	  0.00157704
          60	   -0.830982	   -0.831761	  0.00155081
          61	   -0.816398	    -0.83151	   0.0015457
          62	   -0.839494	   -0.831638	  0.00152612
          63	   -0.826786	   -0.831561	  0.00150384
          64	   -0.829355	   -0.831527	  0.00148074
          65	   -0.824842	   -0.831424	  0.00146153
          66	    -0.83962	   -0.831548	  0.00144465
          67	   -0.837606	   -0.831639	  0.00142591
          68	   -0.837392	   -0.831723	  0.00140745
          69	   -0.837476	   -0.831807	  0.00138952
          70	   -0.834606	   -0.831847	  0.00137024
          71	   -0.835486	   -0.831898	   0.0013519
          72	   -0.843815	   -0.832063	  0.00134322
          73	   -0.812982	   -0.831802	  0.00135001
          74	   -0.853674	   -0.832098	  0.00136374
          75	   -0.841514	   -0.832223	  0.00135132
          76	   -0.826529	   -0.832148	  0.00133562
          77	   -0.833234	   -0.832162	  0.00131835
          78	   -0.835759	   -0.832208	  0.00130225
          79	   -0.826709	   -0.832139	  0.00128763
          80	   -0.843734	   -0.832284	  0.00127966
          81	   -0.830569	   -0.832263	  0.00126404
          82	   -0.816417	   -0.832069	  0.00126331
          83	   -0.826507	   -0.832002	  0.00124986
          84	   -0.834443	   -0.832031	  0.00123532
          85	   -0.840906	   -0.832136	  0.00122519
          86	    -0.82987	   -0.832109	  0.00121123
          87	   -0.826657	   -0.832047	  0.00119893
          88	   -0.839335	    -0.83213	  0.00118816
          89	   -0.820621	      -0.832	  0.00118183
          90	   -0.822962	     -0.8319	  0.00117296
          91	   -0.833758	    -0.83192	  0.00116024
          92	   -0.836415	   -0.831969	  0.00114866
          93	   -0.832658	   -0.831976	  0.00113633
          94	     -0.8207	   -0.831857	  0.00113056
          95	   -0.844118	   -0.831986	    0.001126
          96	   -0.827295	   -0.831937	  0.00111533
          97	   -0.845736	   -0.832079	  0.00111287
          98	   -0.825294	    -0.83201	  0.00110367
          99	   -0.827847	   -0.831968	  0.00109332
         100	    -0.82496	   -0.831898	  0.00108463
