#     BLOCK:   ACTUAL_X:     X_AVE:       ERROR:
           1	     19.2279	     19.2279	           0
           2	     25.8488	     22.5384	     2.34085
           3	     44.0894	     29.7221	      6.0695
           4	     43.8334	     33.2499	     5.48234
           5	      82.247	     43.0493	     9.80096
           6	     78.5133	       48.96	     9.78881
           7	      49.962	     49.1031	     8.39145
           8	     36.4858	     47.5259	     7.48927
           9	     36.8622	     46.3411	     6.75021
          10	     64.6364	     48.1706	     6.31825
          11	     69.2952	      50.091	     6.02866
          12	     53.1204	     50.3435	     5.53155
          13	     36.6679	     49.2915	     5.20512
          14	     53.7332	     49.6088	     4.84298
          15	     60.2511	     50.3183	     4.57179
          16	     11.5186	     47.8933	     4.88705
          17	     70.3172	     49.2123	     4.77427
          18	     39.1913	     48.6556	     4.54138
          19	     76.4585	     50.1189	     4.53198
          20	     83.6079	     51.7934	     4.60433
          21	      67.775	     52.5544	     4.44753
          22	     35.3687	     51.7732	     4.31343
          23	     22.9089	     50.5183	     4.30458
          24	     81.1259	     51.7936	        4.31
          25	      66.575	     52.3848	     4.17796
          26	     81.8984	       53.52	     4.16863
          27	     78.3672	     54.4402	     4.11456
          28	     69.4509	     54.9763	     4.00238
          29	     51.0661	     54.8415	     3.86664
          30	     52.0549	     54.7486	     3.73887
          31	     73.0684	     55.3396	     3.66466
          32	     53.4264	     55.2798	     3.55063
          33	     58.4296	     55.3752	     3.44432
          34	     25.6905	     54.5022	      3.4519
          35	     41.1819	     54.1216	     3.37419
          36	     63.7976	     54.3904	     3.29115
          37	     52.9669	     54.3519	     3.20242
          38	     58.9308	     54.4724	     3.12041
          39	      65.134	     54.7458	     3.05235
          40	     33.5818	     54.2167	     3.02155
          41	     16.5813	     53.2987	     3.08414
          42	     35.5336	     52.8757	     3.03958
          43	     43.8609	     52.6661	     2.97611
          44	     51.5854	     52.6415	     2.90857
          45	     84.3645	     53.3465	     2.92812
          46	      55.778	     53.3993	     2.86494
          47	     67.0161	     53.6891	      2.8186
          48	     25.6132	     53.1042	     2.81991
          49	     52.4525	     53.0909	      2.7624
          50	     43.1677	     52.8924	     2.71427
          51	     54.5822	     52.9255	     2.66125
          52	     27.3847	     52.4344	     2.65501
          53	     42.9253	     52.2549	     2.61097
          54	     47.6706	       52.17	       2.564
          55	     43.5399	     52.0131	     2.52218
          56	     56.9853	     52.1019	      2.4787
          57	     39.7291	     51.8849	      2.4447
          58	      47.994	     51.8178	     2.40347
          59	     75.2667	     52.2152	     2.39537
          60	     57.6185	     52.3053	     2.35714
          61	     18.6691	     51.7538	     2.38212
          62	     28.3603	     51.3765	     2.37339
          63	     53.0449	      51.403	     2.33587
          64	      26.799	     51.0186	     2.33079
          65	     67.2355	     51.2681	     2.30825
          66	     59.2759	     51.3894	     2.27646
          67	     67.6964	     51.6328	     2.25546
          68	     37.3636	     51.4229	     2.23203
          69	     26.1847	     51.0572	     2.22945
          70	      11.704	      50.495	     2.26738
          71	     53.9267	     50.5433	     2.23596
          72	     76.5681	     50.9048	     2.23393
          73	     56.7081	     50.9843	     2.20474
          74	     54.6881	     51.0343	     2.17551
          75	     37.5436	     50.8545	     2.15393
          76	     34.2044	     50.6354	      2.1367
          77	     68.5787	     50.8684	     2.12162
          78	     42.4531	     50.7605	     2.09716
          79	     79.3875	     51.1229	     2.10169
          80	     55.5168	     51.1778	     2.07613
          81	     20.9872	     50.8051	     2.08369
          82	     37.8418	      50.647	     2.06427
          83	      68.702	     50.8645	     2.05083
          84	     66.7851	     51.0541	     2.03515
          85	     83.8152	     51.4395	     2.04738
          86	     66.1621	     51.6107	     2.03072
          87	     68.2724	     51.8022	     2.01639
          88	     46.6349	     51.7435	     1.99433
          89	     36.7135	     51.5746	     1.97906
          90	     42.8912	     51.4781	     1.95942
          91	     65.6098	     51.6334	     1.94403
          92	     68.2288	     51.8138	     1.93125
          93	     38.9903	     51.6759	      1.9154
          94	     31.8234	     51.4647	     1.90663
          95	     46.5805	     51.4133	     1.88725
          96	     47.8608	     51.3763	     1.86796
          97	     49.3149	      51.355	     1.84882
          98	     32.8528	     51.1662	     1.83957
          99	     75.9978	     51.4171	     1.83801
         100	     65.7478	     51.5604	     1.82521
