#     BLOCK:   ACTUAL_X:     X_AVE:       ERROR:
           1	     1.39835	     1.39835	           0
           2	     1.45994	     1.42915	    0.021776
           3	     1.43426	     1.43085	    0.014584
           4	     1.39816	     1.42268	   0.0130282
           5	     1.43061	     1.42427	   0.0105186
           6	     1.42706	     1.42473	  0.00877586
           7	     1.42984	     1.42546	  0.00755242
           8	      1.3607	     1.41737	   0.0100503
           9	     1.33422	     1.40813	   0.0124768
          10	     1.42549	     1.40987	   0.0113493
          11	     1.41415	     1.41025	   0.0103242
          12	     1.42584	     1.41155	  0.00954519
          13	     1.44827	     1.41438	  0.00921944
          14	      1.4125	     1.41424	  0.00856189
          15	     1.42836	     1.41518	  0.00804266
          16	     1.38928	     1.41357	  0.00770128
          17	     1.47072	     1.41693	  0.00794831
          18	     1.43739	     1.41806	  0.00758763
          19	     1.44535	      1.4195	  0.00732292
          20	     1.39425	     1.41824	  0.00706479
          21	     1.38341	     1.41658	  0.00692035
          22	     1.46061	     1.41858	  0.00688908
          23	     1.46311	     1.42052	  0.00685621
          24	     1.44146	     1.42139	  0.00662586
          25	     1.40102	     1.42057	  0.00641072
          26	      1.3811	     1.41906	  0.00634136
          27	     1.45781	     1.42049	  0.00626685
          28	     1.38527	     1.41923	  0.00616798
          29	     1.39424	     1.41837	  0.00601519
          30	     1.43599	     1.41896	  0.00584327
          31	     1.36746	      1.4173	  0.00588621
          32	     1.46987	     1.41894	  0.00592714
          33	     1.43055	     1.41929	  0.00575796
          34	     1.39495	     1.41858	  0.00563293
          35	     1.52439	      1.4216	  0.00623068
          36	     1.40852	     1.42124	   0.0060682
          37	     1.34486	     1.41917	  0.00624545
          38	     1.44243	     1.41978	  0.00611102
          39	     1.43716	     1.42023	  0.00597054
          40	      1.4075	     1.41991	  0.00582975
          41	      1.4202	     1.41992	  0.00568757
          42	     1.40662	      1.4196	  0.00556096
          43	     1.38354	     1.41876	  0.00549451
          44	     1.45706	     1.41963	  0.00543813
          45	     1.52418	     1.42196	  0.00579229
          46	     1.43934	     1.42233	  0.00567868
          47	     1.32857	     1.42034	  0.00589786
          48	     1.50819	     1.42217	  0.00605232
          49	     1.44945	     1.42273	  0.00595435
          50	       1.428	     1.42283	   0.0058362
          51	     1.42402	     1.42286	  0.00572181
          52	     1.49551	     1.42425	  0.00577983
          53	      1.5214	     1.42609	  0.00595433
          54	     1.40569	     1.42571	  0.00585604
          55	     1.46162	     1.42636	  0.00578584
          56	      1.3989	     1.42587	  0.00570327
          57	     1.45214	     1.42633	   0.0056218
          58	     1.42691	     1.42634	  0.00552488
          59	      1.4378	     1.42654	  0.00543465
          60	     1.49048	      1.4276	  0.00544756
          61	     1.40572	     1.42724	  0.00537005
          62	     1.41961	     1.42712	  0.00528485
          63	     1.44257	     1.42736	  0.00520665
          64	     1.41857	     1.42723	  0.00512711
          65	     1.43859	      1.4274	  0.00505121
          66	     1.42598	     1.42738	  0.00497472
          67	     1.36535	     1.42645	  0.00498589
          68	     1.47997	     1.42724	  0.00497429
          69	     1.53451	      1.4288	   0.0051394
          70	     1.43913	     1.42894	   0.0050681
          71	     1.47562	      1.4296	  0.00503917
          72	      1.5192	     1.43085	  0.00512055
          73	     1.37131	     1.43003	  0.00511493
          74	     1.48407	     1.43076	  0.00509767
          75	     1.33957	     1.42954	  0.00517266
          76	     1.38095	     1.42891	  0.00514397
          77	     1.44519	     1.42912	  0.00508152
          78	     1.47056	     1.42965	  0.00504407
          79	     1.45812	     1.43001	  0.00499308
          80	     1.54002	     1.43138	  0.00511652
          81	     1.42341	     1.43129	   0.0050543
          82	     1.45928	     1.43163	  0.00500418
          83	     1.37239	     1.43091	  0.00499452
          84	     1.41739	     1.43075	  0.00493766
          85	     1.46199	     1.43112	  0.00489323
          86	     1.37912	     1.43051	  0.00487355
          87	     1.45867	     1.43084	  0.00482826
          88	     1.41192	     1.43062	  0.00477818
          89	      1.5155	     1.43158	  0.00481872
          90	     1.45415	     1.43183	   0.0047717
          91	     1.49281	      1.4325	  0.00476609
          92	     1.49203	     1.43315	  0.00475801
          93	     1.41991	       1.433	  0.00470897
          94	     1.50901	     1.43381	  0.00472779
          95	     1.42496	     1.43372	  0.00467894
          96	     1.42021	     1.43358	  0.00463232
          97	     1.40613	     1.43329	   0.0045932
          98	     1.40534	     1.43301	  0.00455517
          99	     1.45296	     1.43321	  0.00451362
         100	     1.47214	      1.4336	  0.00448524
