#     BLOCK:   ACTUAL_TE:    TE_AVE:      ERROR:
               1	       -0.472416	       -0.472416	               0
               2	       -0.472768	       -0.472592	     0.000124451
               3	       -0.471096	       -0.472093	     0.000415527
               4	       -0.467696	       -0.470994	      0.00100176
               5	       -0.470976	        -0.47099	     0.000801414
               6	       -0.474792	       -0.471624	     0.000883492
               7	       -0.473776	       -0.471931	     0.000809001
               8	       -0.470896	       -0.471802	     0.000718154
               9	        -0.47244	       -0.471873	     0.000641848
              10	       -0.473976	       -0.472083	     0.000611149
              11	        -0.47124	       -0.472007	     0.000560377
              12	       -0.472768	        -0.47207	     0.000517259
              13	         -0.4716	       -0.472034	     0.000478731
              14	       -0.473064	       -0.472107	     0.000450156
              15	       -0.471992	         -0.4721	     0.000420211
              16	       -0.470648	       -0.472009	     0.000403625
              17	       -0.472064	       -0.472012	     0.000379895
              18	       -0.473024	       -0.472068	     0.000362924
              19	       -0.473848	       -0.472162	     0.000355703
              20	       -0.467848	       -0.471946	     0.000397984
              21	          -0.471	       -0.471901	     0.000381575
              22	       -0.472352	       -0.471922	      0.00036478
              23	         -0.4738	       -0.472003	     0.000357944
              24	       -0.473736	       -0.472076	     0.000350233
              25	       -0.474112	       -0.472157	     0.000345566
              26	         -0.4746	       -0.472251	     0.000344812
              27	       -0.470368	       -0.472181	     0.000339021
              28	       -0.470256	       -0.472113	     0.000333813
              29	       -0.471824	       -0.472103	     0.000322451
              30	       -0.471496	       -0.472082	     0.000312336
              31	        -0.47188	       -0.472076	     0.000302329
              32	       -0.473992	       -0.472136	     0.000298752
              33	       -0.473096	       -0.472165	     0.000291112
              34	       -0.470848	       -0.472126	     0.000285115
              35	       -0.473264	       -0.472159	     0.000278816
              36	       -0.471056	       -0.472128	     0.000272749
              37	       -0.471184	       -0.472102	     0.000266568
              38	       -0.474424	       -0.472164	     0.000266461
              39	       -0.472048	       -0.472161	     0.000259646
              40	       -0.470304	       -0.472114	      0.00025727
              41	       -0.471728	       -0.472105	     0.000251167
              42	       -0.473368	       -0.472135	     0.000246981
              43	       -0.475712	       -0.472218	     0.000254863
              44	       -0.469216	        -0.47215	     0.000258041
              45	        -0.47124	        -0.47213	     0.000253098
              46	       -0.472984	       -0.472148	     0.000248277
              47	        -0.47228	       -0.472151	      0.00024301
              48	       -0.472432	       -0.472157	     0.000238018
              49	       -0.471552	       -0.472144	      0.00023348
              50	        -0.47348	       -0.472171	     0.000230333
              51	       -0.471592	        -0.47216	     0.000226097
              52	       -0.473248	       -0.472181	     0.000222715
              53	       -0.468712	       -0.472115	     0.000227927
              54	       -0.471064	       -0.472096	     0.000224536
              55	       -0.473304	       -0.472118	     0.000221525
              56	       -0.470624	       -0.472091	     0.000219169
              57	       -0.474992	       -0.472142	     0.000221154
              58	       -0.470448	       -0.472113	     0.000219261
              59	        -0.46964	       -0.472071	     0.000219514
              60	       -0.472456	       -0.472077	      0.00021595
              61	       -0.472856	        -0.47209	     0.000212786
              62	       -0.474344	       -0.472126	     0.000212437
              63	       -0.470312	       -0.472098	     0.000211008
              64	        -0.47308	       -0.472113	     0.000208269
              65	       -0.474952	       -0.472157	     0.000209594
              66	       -0.471144	       -0.472141	      0.00020698
              67	       -0.466424	       -0.472056	     0.000220781
              68	         -0.4744	        -0.47209	     0.000220209
              69	       -0.473496	       -0.472111	     0.000217958
              70	       -0.470856	       -0.472093	      0.00021558
              71	       -0.472112	       -0.472093	     0.000212544
              72	       -0.472768	       -0.472103	     0.000209798
              73	       -0.469632	       -0.472069	     0.000209636
              74	       -0.472224	       -0.472071	     0.000206814
              75	       -0.472952	       -0.472083	      0.00020439
              76	       -0.473224	       -0.472098	     0.000202252
              77	         -0.4702	       -0.472073	     0.000201121
              78	       -0.474056	       -0.472098	     0.000200143
              79	       -0.474016	       -0.472123	     0.000199076
              80	       -0.471232	       -0.472112	     0.000196898
              81	       -0.471072	       -0.472099	     0.000194885
              82	       -0.471616	       -0.472093	     0.000192598
              83	          -0.472	       -0.472092	      0.00019028
              84	        -0.47104	       -0.472079	     0.000188427
              85	       -0.472408	       -0.472083	     0.000186249
              86	       -0.470328	       -0.472063	     0.000185198
              87	       -0.472768	       -0.472071	     0.000183247
              88	         -0.4698	       -0.472045	     0.000182972
              89	       -0.474488	       -0.472072	     0.000182964
              90	       -0.472608	       -0.472078	     0.000181028
              91	        -0.47208	       -0.472078	     0.000179039
              92	        -0.47032	       -0.472059	      0.00017811
              93	       -0.472368	       -0.472063	     0.000176226
              94	       -0.474768	       -0.472091	     0.000176686
              95	       -0.475064	       -0.472123	     0.000177575
              96	       -0.470152	       -0.472102	     0.000176908
              97	        -0.47064	       -0.472087	     0.000175725
              98	       -0.470552	       -0.472071	     0.000174628
              99	       -0.470992	        -0.47206	     0.000173204
             100	       -0.472968	        -0.47207	      0.00017171
             101	       -0.473936	       -0.472088	     0.000171001
             102	       -0.474384	       -0.472111	       0.0001708
             103	       -0.473336	       -0.472122	     0.000169556
             104	       -0.469616	       -0.472098	      0.00016963
             105	       -0.472288	         -0.4721	     0.000168024
             106	       -0.472264	       -0.472102	     0.000166446
             107	       -0.469824	        -0.47208	     0.000166246
             108	       -0.473528	       -0.472094	     0.000165246
             109	       -0.470352	       -0.472078	     0.000164501
             110	        -0.47356	       -0.472091	     0.000163556
             111	       -0.469728	        -0.47207	     0.000163462
             112	        -0.47108	       -0.472061	     0.000162242
             113	        -0.47196	        -0.47206	     0.000160808
             114	       -0.472944	       -0.472068	     0.000159585
             115	       -0.471912	       -0.472067	     0.000158203
             116	       -0.472424	        -0.47207	     0.000156869
             117	       -0.471752	       -0.472067	     0.000155552
             118	       -0.472752	       -0.472073	     0.000154342
             119	         -0.4692	       -0.472049	     0.000154921
             120	       -0.472752	       -0.472055	     0.000153741
             121	       -0.472352	       -0.472057	      0.00015249
             122	       -0.472624	       -0.472062	     0.000151311
             123	       -0.470544	       -0.472049	     0.000150583
             124	       -0.473336	        -0.47206	     0.000149726
             125	       -0.472432	       -0.472063	     0.000148558
             126	         -0.4734	       -0.472073	     0.000147757
             127	        -0.47384	       -0.472087	     0.000147247
             128	       -0.474128	       -0.472103	     0.000146957
             129	       -0.477008	       -0.472141	     0.000150657
             130	       -0.471096	       -0.472133	     0.000149712
             131	       -0.474664	       -0.472152	     0.000149811
             132	       -0.470688	       -0.472141	     0.000149086
             133	       -0.475024	       -0.472163	     0.000149532
             134	       -0.471536	       -0.472158	      0.00014849
             135	       -0.470816	       -0.472148	     0.000147722
             136	         -0.4728	       -0.472153	     0.000146714
             137	       -0.471304	       -0.472147	     0.000145774
             138	        -0.47336	       -0.472156	     0.000144982
             139	       -0.470632	       -0.472145	     0.000144353
             140	       -0.473736	       -0.472156	     0.000143769
             141	       -0.473216	       -0.472164	     0.000142945
             142	       -0.469568	       -0.472145	     0.000143103
             143	       -0.471944	       -0.472144	     0.000142109
             144	       -0.471472	       -0.472139	     0.000141199
             145	        -0.47256	       -0.472142	     0.000140255
             146	       -0.473128	       -0.472149	     0.000139456
             147	       -0.466288	       -0.472109	     0.000144095
             148	        -0.47324	       -0.472117	     0.000143323
             149	         -0.4708	       -0.472108	     0.000142634
             150	       -0.472856	       -0.472113	      0.00014177
             151	       -0.475424	       -0.472135	     0.000142517
             152	       -0.471464	        -0.47213	     0.000141647
             153	        -0.46972	       -0.472115	     0.000141595
             154	       -0.473752	       -0.472125	     0.000141074
             155	        -0.47364	       -0.472135	     0.000140502
             156	       -0.470952	       -0.472127	     0.000139806
             157	       -0.468392	       -0.472104	     0.000140926
             158	       -0.473168	        -0.47211	     0.000140195
             159	       -0.474496	       -0.472125	     0.000140113
             160	       -0.471696	       -0.472123	     0.000139263
             161	       -0.471768	       -0.472121	     0.000138416
             162	        -0.47304	       -0.472126	     0.000137678
             163	       -0.472976	       -0.472131	     0.000136932
             164	        -0.47488	       -0.472148	     0.000137119
             165	       -0.471648	       -0.472145	     0.000136321
             166	       -0.472808	       -0.472149	     0.000135558
             167	        -0.47132	       -0.472144	     0.000134837
             168	       -0.471328	       -0.472139	     0.000134122
             169	       -0.471632	       -0.472136	     0.000133362
             170	       -0.472776	        -0.47214	     0.000132631
             171	        -0.47132	       -0.472135	     0.000131942
             172	        -0.47236	       -0.472137	     0.000131181
             173	       -0.475592	       -0.472157	     0.000131935
             174	        -0.47176	       -0.472154	     0.000131196
             175	        -0.47372	       -0.472163	     0.000130751
             176	       -0.470024	       -0.472151	     0.000130572
             177	       -0.472592	       -0.472154	     0.000129858
             178	       -0.471152	       -0.472148	     0.000129251
             179	        -0.47364	       -0.472156	     0.000128797
             180	       -0.471592	       -0.472153	      0.00012812
             181	       -0.470936	       -0.472146	     0.000127588
             182	       -0.471288	       -0.472142	     0.000126974
             183	       -0.471672	       -0.472139	     0.000126306
             184	       -0.470264	       -0.472129	      0.00012603
             185	       -0.472656	       -0.472132	     0.000125381
             186	       -0.471808	        -0.47213	     0.000124719
             187	        -0.46928	       -0.472115	      0.00012498
             188	        -0.47472	       -0.472129	     0.000125081
             189	       -0.472976	       -0.472133	       0.0001245
             190	       -0.473512	        -0.47214	     0.000124056
             191	       -0.472952	       -0.472145	     0.000123479
             192	       -0.473264	       -0.472151	     0.000122973
             193	       -0.474704	       -0.472164	     0.000123046
             194	       -0.476056	       -0.472184	     0.000124037
             195	       -0.472152	       -0.472184	     0.000123401
             196	       -0.472968	       -0.472188	     0.000122836
             197	        -0.47244	       -0.472189	     0.000122219
             198	       -0.473584	       -0.472196	     0.000121805
             199	       -0.476896	        -0.47222	     0.000123461
             200	       -0.473832	       -0.472228	     0.000123107
             201	       -0.469624	       -0.472215	     0.000123174
             202	       -0.475248	        -0.47223	     0.000123476
             203	       -0.475888	       -0.472248	     0.000124176
             204	        -0.47644	       -0.472268	     0.000125256
             205	       -0.469408	       -0.472254	      0.00012542
             206	        -0.47128	        -0.47225	       0.0001249
             207	       -0.470512	       -0.472241	     0.000124579
             208	       -0.472736	       -0.472244	     0.000124002
             209	       -0.472656	       -0.472246	     0.000123425
             210	       -0.474064	       -0.472254	      0.00012314
             211	        -0.47436	       -0.472264	     0.000122961
             212	        -0.46928	        -0.47225	     0.000123184
             213	          -0.471	       -0.472244	     0.000122745
             214	       -0.469104	        -0.47223	     0.000123045
             215	       -0.472728	       -0.472232	     0.000122495
             216	       -0.470552	       -0.472224	     0.000122175
             217	         -0.4726	       -0.472226	     0.000121624
             218	       -0.473288	       -0.472231	     0.000121163
             219	       -0.470984	       -0.472225	     0.000120744
             220	        -0.47548	        -0.47224	     0.000121098
             221	       -0.472744	       -0.472242	     0.000120572
             222	       -0.472696	       -0.472244	     0.000120046
             223	       -0.468696	       -0.472228	     0.000120557
             224	       -0.469248	       -0.472215	     0.000120751
             225	       -0.474352	       -0.472224	     0.000120587
             226	       -0.472688	       -0.472226	     0.000120071
             227	       -0.472864	       -0.472229	     0.000119575
             228	         -0.4716	       -0.472227	     0.000119083
             229	       -0.470264	       -0.472218	      0.00011887
             230	        -0.47116	       -0.472213	     0.000118443
             231	        -0.47148	        -0.47221	     0.000117972
             232	       -0.469656	       -0.472199	     0.000117977
             233	       -0.472496	         -0.4722	     0.000117477
             234	       -0.472472	       -0.472202	     0.000116981
             235	       -0.475128	       -0.472214	     0.000117144
             236	       -0.473624	        -0.47222	       0.0001168
             237	       -0.472072	       -0.472219	     0.000116309
             238	       -0.470712	       -0.472213	     0.000115992
             239	       -0.474712	       -0.472224	     0.000115977
             240	       -0.473752	        -0.47223	     0.000115669
             241	        -0.47304	       -0.472233	     0.000115238
             242	       -0.472768	       -0.472235	     0.000114783
             243	       -0.472248	       -0.472236	      0.00011431
             244	       -0.474864	       -0.472246	     0.000114348
             245	       -0.471568	       -0.472244	     0.000113915
             246	       -0.472176	       -0.472243	     0.000113452
             247	       -0.473576	       -0.472249	     0.000113121
             248	       -0.470384	       -0.472241	     0.000112915
             249	       -0.469936	       -0.472232	      0.00011284
             250	       -0.473216	       -0.472236	     0.000112457
             251	       -0.470184	       -0.472228	     0.000112306
             252	        -0.47156	       -0.472225	     0.000111892
             253	        -0.47144	       -0.472222	     0.000111492
             254	       -0.469496	       -0.472211	     0.000111569
             255	       -0.475192	       -0.472223	     0.000111742
             256	         -0.4724	       -0.472224	     0.000111307
             257	        -0.47136	        -0.47222	     0.000110925
             258	        -0.47176	       -0.472218	     0.000110509
             259	       -0.472944	       -0.472221	     0.000110118
             260	       -0.470072	       -0.472213	     0.000110005
             261	       -0.469384	       -0.472202	     0.000110116
             262	       -0.473368	       -0.472207	     0.000109785
             263	          -0.476	       -0.472221	     0.000110311
             264	        -0.47208	        -0.47222	     0.000109895
             265	       -0.475448	       -0.472233	     0.000110153
             266	        -0.47284	       -0.472235	     0.000109763
             267	       -0.475808	       -0.472248	     0.000110164
             268	       -0.472328	       -0.472249	     0.000109754
             269	        -0.47304	       -0.472252	     0.000109385
             270	       -0.474056	       -0.472258	     0.000109184
             271	       -0.471208	       -0.472254	      0.00010885
             272	       -0.472712	       -0.472256	     0.000108463
             273	       -0.472672	       -0.472258	     0.000108076
             274	        -0.47412	       -0.472264	     0.000107895
             275	       -0.473616	       -0.472269	     0.000107615
             276	       -0.468856	       -0.472257	     0.000107933
             277	        -0.47144	       -0.472254	     0.000107584
             278	       -0.469768	       -0.472245	     0.000107568
             279	       -0.473336	       -0.472249	     0.000107253
             280	       -0.471224	       -0.472245	     0.000106932
             281	        -0.47124	       -0.472242	     0.000106612
             282	        -0.47024	       -0.472235	      0.00010647
             283	        -0.47092	        -0.47223	     0.000106195
             284	       -0.471544	       -0.472227	     0.000105848
             285	       -0.471688	       -0.472226	     0.000105494
             286	       -0.472088	       -0.472225	     0.000105126
             287	        -0.47628	       -0.472239	     0.000105705
             288	       -0.470384	       -0.472233	     0.000105534
             289	       -0.470544	       -0.472227	     0.000105331
             290	       -0.474984	       -0.472236	     0.000105395
             291	       -0.474904	       -0.472246	     0.000105431
             292	       -0.475808	       -0.472258	     0.000105774
             293	        -0.47044	       -0.472252	     0.000105594
             294	        -0.47424	       -0.472258	     0.000105452
             295	       -0.474512	       -0.472266	      0.00010537
             296	       -0.471216	       -0.472262	     0.000105074
             297	        -0.47424	       -0.472269	     0.000104931
             298	       -0.471928	       -0.472268	     0.000104585
             299	       -0.471088	       -0.472264	      0.00010431
             300	       -0.471376	       -0.472261	     0.000104004
             301	         -0.4736	       -0.472266	     0.000103754
             302	       -0.471584	       -0.472263	     0.000103435
             303	        -0.47136	        -0.47226	     0.000103136
             304	       -0.476416	       -0.472274	     0.000103699
             305	        -0.47328	       -0.472277	     0.000103412
             306	       -0.471128	       -0.472274	     0.000103142
             307	       -0.475528	       -0.472284	     0.000103349
             308	       -0.470136	       -0.472277	     0.000103249
             309	       -0.469944	        -0.47227	      0.00010319
             310	        -0.47316	       -0.472272	     0.000102897
             311	       -0.474168	       -0.472279	     0.000102747
             312	        -0.46736	       -0.472263	      0.00010362
             313	       -0.471624	       -0.472261	     0.000103309
             314	       -0.469528	       -0.472252	     0.000103346
             315	       -0.474432	       -0.472259	     0.000103249
             316	          -0.471	       -0.472255	     0.000102999
             317	       -0.475672	       -0.472266	     0.000103237
             318	       -0.470944	       -0.472262	     0.000102996
             319	        -0.46976	       -0.472254	     0.000102971
             320	       -0.471192	        -0.47225	     0.000102703
             321	       -0.471408	       -0.472248	     0.000102416
             322	        -0.47128	       -0.472245	     0.000102142
             323	       -0.470952	       -0.472241	     0.000101905
             324	       -0.470976	       -0.472237	     0.000101665
             325	       -0.475664	       -0.472247	     0.000101897
             326	       -0.473648	       -0.472252	     0.000101675
             327	       -0.472568	       -0.472253	     0.000101369
             328	       -0.472744	       -0.472254	     0.000101071
             329	       -0.473792	       -0.472259	     0.000100872
             330	       -0.475864	        -0.47227	     0.000101156
             331	       -0.471432	       -0.472267	     0.000100882
             332	       -0.472056	       -0.472267	      0.00010058
             333	       -0.471696	       -0.472265	     0.000100293
             334	         -0.4748	       -0.472273	     0.000100279
             335	        -0.47272	       -0.472274	     9.99888e-05
             336	       -0.474288	        -0.47228	     9.98707e-05
             337	       -0.471344	       -0.472277	      9.9613e-05
             338	       -0.468152	       -0.472265	     0.000100063
             339	       -0.471024	       -0.472261	     9.98349e-05
             340	          -0.472	        -0.47226	     9.95442e-05
             341	       -0.473424	       -0.472264	     9.93107e-05
             342	       -0.469992	       -0.472257	     9.92423e-05
             343	        -0.47188	       -0.472256	      9.8959e-05
             344	       -0.475264	       -0.472265	     9.90569e-05
             345	        -0.47336	       -0.472268	     9.88206e-05
             346	       -0.471888	       -0.472267	     9.85411e-05
             347	       -0.470344	       -0.472261	     9.84128e-05
             348	        -0.47392	       -0.472266	     9.82454e-05
             349	        -0.47332	       -0.472269	     9.80103e-05
             350	       -0.473032	       -0.472271	     9.77545e-05
             351	       -0.473256	       -0.472274	     9.75162e-05
             352	       -0.471208	       -0.472271	     9.72862e-05
             353	       -0.472912	       -0.472273	     9.70275e-05
             354	       -0.471728	       -0.472271	     9.67657e-05
             355	       -0.470744	       -0.472267	     9.65887e-05
             356	       -0.470344	       -0.472262	     9.64683e-05
             357	       -0.472448	       -0.472262	     9.61995e-05
             358	        -0.47428	       -0.472268	     9.60958e-05
             359	       -0.467624	       -0.472255	     9.66948e-05
             360	       -0.470808	       -0.472251	     9.65097e-05
             361	       -0.469912	       -0.472244	     9.64596e-05
             362	       -0.473976	       -0.472249	     9.63117e-05
             363	        -0.47388	       -0.472254	     9.61511e-05
             364	       -0.472096	       -0.472253	     9.58879e-05
             365	       -0.473448	       -0.472257	      9.5681e-05
             366	        -0.47124	       -0.472254	     9.54599e-05
             367	       -0.470984	        -0.47225	     9.52625e-05
             368	       -0.472792	       -0.472252	      9.5015e-05
             369	       -0.470232	       -0.472246	      9.4915e-05
             370	       -0.470632	       -0.472242	     9.47587e-05
             371	       -0.474704	       -0.472249	     9.47354e-05
             372	       -0.467904	       -0.472237	     9.51979e-05
             373	         -0.4702	       -0.472231	     9.50992e-05
             374	       -0.471984	       -0.472231	     9.48472e-05
             375	        -0.46988	       -0.472225	     9.48012e-05
             376	       -0.471904	       -0.472224	     9.45529e-05
             377	       -0.471096	       -0.472221	     9.43494e-05
             378	       -0.472784	       -0.472222	     9.41116e-05
             379	        -0.47176	       -0.472221	     9.38712e-05
             380	        -0.47284	       -0.472223	     9.36383e-05
             381	       -0.473832	       -0.472227	     9.34877e-05
             382	       -0.474184	       -0.472232	     9.33833e-05
             383	       -0.475088	       -0.472239	     9.34367e-05
             384	       -0.474968	       -0.472246	     9.34632e-05
             385	       -0.469832	        -0.47224	     9.34306e-05
             386	       -0.473304	       -0.472243	     9.32292e-05
             387	       -0.475536	       -0.472251	     9.33758e-05
             388	       -0.470872	       -0.472248	     9.32028e-05
             389	       -0.471928	       -0.472247	     9.29669e-05
             390	       -0.472424	       -0.472248	     9.27296e-05
             391	       -0.470728	       -0.472244	     9.25738e-05
             392	       -0.471504	       -0.472242	     9.23569e-05
             393	        -0.46996	       -0.472236	     9.23042e-05
             394	       -0.470504	       -0.472232	     9.21746e-05
             395	       -0.468776	       -0.472223	     9.23554e-05
             396	       -0.470568	       -0.472219	     9.22167e-05
             397	       -0.474168	       -0.472224	      9.2115e-05
             398	       -0.468816	       -0.472215	     9.22806e-05
             399	       -0.472872	       -0.472217	      9.2064e-05
             400	       -0.473968	       -0.472221	     9.19379e-05
             401	       -0.470792	       -0.472217	     9.17777e-05
             402	       -0.476048	       -0.472227	     9.20427e-05
             403	       -0.477144	       -0.472239	     9.26195e-05
             404	       -0.470912	       -0.472236	     9.24485e-05
             405	        -0.47228	       -0.472236	     9.22203e-05
             406	       -0.472592	       -0.472237	     9.19973e-05
             407	       -0.472944	       -0.472239	     9.17876e-05
             408	        -0.47216	       -0.472238	     9.15629e-05
             409	       -0.474328	       -0.472244	     9.14814e-05
             410	       -0.469888	       -0.472238	     9.14385e-05
             411	       -0.473536	       -0.472241	     9.12706e-05
             412	       -0.473264	       -0.472243	     9.10828e-05
             413	        -0.47164	       -0.472242	      9.0874e-05
             414	       -0.475856	       -0.472251	     9.10728e-05
             415	       -0.470032	       -0.472245	     9.10102e-05
             416	       -0.470344	       -0.472241	     9.09061e-05
             417	         -0.4714	       -0.472239	     9.07104e-05
             418	       -0.468512	        -0.47223	     9.09305e-05
             419	       -0.469272	       -0.472223	     9.09871e-05
             420	       -0.469448	       -0.472216	       9.101e-05
             421	       -0.471288	       -0.472214	     9.08206e-05
             422	        -0.46924	       -0.472207	     9.08784e-05
             423	         -0.4744	       -0.472212	     9.08113e-05
             424	       -0.474416	       -0.472217	     9.07457e-05
             425	       -0.473304	        -0.47222	     9.05682e-05
             426	        -0.47072	       -0.472216	      9.0424e-05
             427	        -0.47428	       -0.472221	     9.03413e-05
             428	       -0.474736	       -0.472227	     9.03211e-05
             429	        -0.47236	       -0.472227	     9.01111e-05
             430	       -0.474656	       -0.472233	     9.00784e-05
             431	       -0.473552	       -0.472236	     8.99214e-05
             432	       -0.473584	       -0.472239	     8.97673e-05
             433	       -0.469192	       -0.472232	     8.98354e-05
             434	       -0.470264	       -0.472228	     8.97428e-05
             435	       -0.469968	       -0.472222	     8.96867e-05
             436	       -0.472496	       -0.472223	     8.94832e-05
             437	         -0.4726	       -0.472224	     8.92826e-05
             438	       -0.473416	       -0.472227	     8.91203e-05
             439	       -0.471664	       -0.472225	     8.89265e-05
             440	       -0.471464	       -0.472224	     8.87412e-05
             441	       -0.466912	       -0.472212	     8.93536e-05
             442	       -0.471008	       -0.472209	     8.91929e-05
             443	       -0.470944	       -0.472206	     8.90373e-05
             444	       -0.471072	       -0.472203	     8.88734e-05
             445	       -0.473032	       -0.472205	     8.86932e-05
             446	        -0.47224	       -0.472205	     8.84943e-05
             447	       -0.471816	       -0.472205	     8.83006e-05
             448	       -0.471352	       -0.472203	      8.8124e-05
             449	       -0.471968	       -0.472202	     8.79293e-05
             450	       -0.475192	       -0.472209	     8.79846e-05
             451	        -0.46872	       -0.472201	     8.81289e-05
             452	       -0.473664	       -0.472204	     8.79934e-05
             453	       -0.472488	       -0.472205	     8.78013e-05
             454	        -0.47496	       -0.472211	     8.78174e-05
             455	       -0.472328	       -0.472211	     8.76248e-05
             456	       -0.474072	       -0.472215	     8.75276e-05
             457	       -0.473528	       -0.472218	     8.73832e-05
             458	       -0.476096	       -0.472227	     8.76016e-05
             459	       -0.474256	       -0.472231	     8.75223e-05
             460	       -0.473512	       -0.472234	     8.73763e-05
             461	       -0.471648	       -0.472233	      8.7196e-05
             462	       -0.471952	       -0.472232	     8.70094e-05
             463	       -0.472448	       -0.472232	     8.68227e-05
             464	       -0.474208	       -0.472237	     8.67399e-05
             465	       -0.469656	       -0.472231	     8.67308e-05
             466	       -0.472576	       -0.472232	     8.65478e-05
             467	       -0.469896	       -0.472227	     8.65069e-05
             468	       -0.473528	        -0.47223	     8.63667e-05
             469	       -0.472384	        -0.47223	     8.61832e-05
             470	       -0.473512	       -0.472233	      8.6043e-05
             471	        -0.47352	       -0.472235	     8.59037e-05
             472	        -0.47092	       -0.472233	     8.57669e-05
             473	       -0.471432	       -0.472231	     8.56023e-05
             474	       -0.469256	       -0.472225	     8.56514e-05
             475	        -0.47384	       -0.472228	     8.55386e-05
             476	       -0.471808	       -0.472227	     8.53635e-05
             477	       -0.471856	       -0.472226	      8.5188e-05
             478	       -0.474312	       -0.472231	     8.51215e-05
             479	        -0.47324	       -0.472233	     8.49698e-05
             480	       -0.473784	       -0.472236	     8.48543e-05
             481	        -0.47292	       -0.472238	     8.46898e-05
             482	       -0.472968	       -0.472239	     8.45276e-05
             483	       -0.470128	       -0.472235	     8.44655e-05
             484	       -0.472992	       -0.472236	     8.43055e-05
             485	       -0.474776	       -0.472241	     8.42942e-05
             486	       -0.473608	       -0.472244	     8.41676e-05
             487	       -0.471432	       -0.472243	     8.40113e-05
             488	       -0.474272	       -0.472247	      8.3942e-05
             489	       -0.477312	       -0.472257	      8.4407e-05
             490	        -0.46896	        -0.47225	     8.45025e-05
             491	       -0.468936	       -0.472244	     8.45996e-05
             492	       -0.473096	       -0.472245	     8.44454e-05
             493	       -0.469672	        -0.47224	     8.44353e-05
             494	       -0.472696	       -0.472241	     8.42694e-05
             495	       -0.473016	       -0.472243	     8.41137e-05
             496	       -0.469864	       -0.472238	     8.40807e-05
             497	       -0.473184	        -0.47224	     8.39331e-05
             498	       -0.473272	       -0.472242	     8.37902e-05
             499	       -0.473928	       -0.472245	     8.36903e-05
             500	       -0.474024	       -0.472249	     8.35985e-05
