#     BLOCK:   ACTUAL_CV:    CV_AVE:      ERROR:
               1	        0.222575	        0.222575	               0
               2	        0.222299	        0.222437	     9.77322e-05
               3	        0.225532	        0.223468	     0.000844935
               4	        0.218758	        0.222291	      0.00120064
               5	        0.219451	        0.221723	      0.00108659
               6	        0.216454	        0.220845	       0.0012094
               7	        0.220341	        0.220773	      0.00103877
               8	        0.218327	        0.220467	     0.000952856
               9	        0.218613	        0.220261	     0.000868973
              10	        0.215829	        0.219818	     0.000887913
              11	        0.217269	        0.219586	     0.000836883
              12	        0.215507	        0.219246	     0.000833311
              13	        0.224639	        0.219661	     0.000866338
              14	        0.220368	        0.219712	     0.000805928
              15	        0.217557	        0.219568	     0.000764892
              16	        0.217399	        0.219432	     0.000728995
              17	        0.216702	        0.219272	     0.000703584
              18	        0.219914	        0.219308	     0.000665402
              19	        0.223557	        0.219531	     0.000666903
              20	        0.220358	        0.219573	     0.000634839
              21	        0.215655	        0.219386	     0.000631424
              22	        0.215832	        0.219224	     0.000623041
              23	        0.215357	        0.219056	     0.000618224
              24	        0.223001	        0.219221	     0.000613928
              25	        0.219943	         0.21925	     0.000590051
              26	        0.228134	        0.219591	     0.000658918
              27	        0.216437	        0.219474	     0.000644784
              28	        0.222574	        0.219585	     0.000631188
              29	        0.218989	        0.219565	     0.000609758
              30	        0.217289	        0.219489	     0.000594131
              31	        0.225201	        0.219673	     0.000602862
              32	        0.217557	        0.219607	     0.000587637
              33	        0.217742	         0.21955	     0.000572541
              34	        0.217979	        0.219504	     0.000557565
              35	        0.208437	        0.219188	     0.000624901
              36	         0.21908	        0.219185	      0.00060755
              37	        0.219212	        0.219186	      0.00059113
              38	        0.214174	        0.219054	     0.000590101
              39	        0.219158	        0.219057	     0.000574977
              40	          0.2208	          0.2191	     0.000562252
              41	        0.219169	        0.219102	     0.000548541
              42	        0.215782	        0.219023	     0.000541147
              43	        0.221908	         0.21909	     0.000532706
              44	        0.215723	        0.219013	     0.000526066
              45	         0.21799	        0.218991	     0.000514867
              46	        0.212267	        0.218844	     0.000524011
              47	         0.21962	        0.218861	     0.000513122
              48	        0.216509	        0.218812	     0.000504766
              49	        0.221338	        0.218863	     0.000497089
              50	        0.219103	        0.218868	      0.00048717
              51	        0.224877	        0.218986	     0.000491661
              52	        0.215107	        0.218911	     0.000487831
              53	        0.217336	        0.218882	     0.000479531
              54	         0.21585	        0.218826	     0.000473927
              55	        0.216446	        0.218782	      0.00046728
              56	        0.212101	        0.218663	     0.000473921
              57	         0.22668	        0.218804	     0.000486028
              58	         0.22207	         0.21886	       0.0004809
              59	        0.221088	        0.218898	     0.000474229
              60	        0.220509	        0.218925	     0.000467085
              61	         0.21436	         0.21885	     0.000465382
              62	        0.225822	        0.218962	     0.000471266
              63	         0.21793	        0.218946	      0.00046407
              64	        0.218495	        0.218939	     0.000456873
              65	        0.216376	        0.218899	     0.000451543
              66	         0.21718	        0.218873	     0.000445452
              67	        0.216373	        0.218836	     0.000440364
              68	        0.220441	         0.21886	      0.00043452
              69	        0.221667	          0.2189	     0.000430123
              70	        0.226437	        0.219008	     0.000437248
              71	        0.217023	         0.21898	     0.000431983
              72	        0.218375	        0.218972	     0.000426064
              73	        0.221321	        0.219004	     0.000421442
              74	         0.21828	        0.218994	     0.000415861
              75	        0.218473	        0.218987	     0.000410374
              76	        0.212962	        0.218908	      0.00041256
              77	        0.218204	        0.218899	     0.000407304
              78	        0.220347	        0.218917	     0.000402505
              79	        0.220371	        0.218936	      0.00039783
              80	        0.222162	        0.218976	     0.000394897
              81	        0.215409	        0.218932	     0.000392469
              82	        0.223766	        0.218991	     0.000392085
              83	        0.220008	        0.219003	     0.000387553
              84	        0.213296	        0.218935	     0.000388848
              85	        0.218823	        0.218934	     0.000384275
              86	        0.220701	        0.218954	     0.000380356
              87	         0.21418	        0.218899	     0.000379923
              88	        0.214971	        0.218855	      0.00037822
              89	        0.221354	        0.218883	     0.000375011
              90	        0.220201	        0.218898	      0.00037113
              91	        0.222762	         0.21894	     0.000369474
              92	        0.223414	        0.218989	     0.000368644
              93	        0.215772	        0.218954	     0.000366299
              94	        0.218241	        0.218946	     0.000362481
              95	        0.212531	        0.218879	     0.000364903
              96	        0.220671	        0.218898	     0.000361579
              97	        0.218829	        0.218897	     0.000357852
              98	        0.218452	        0.218892	     0.000354229
              99	        0.214877	        0.218852	     0.000352966
             100	         0.21364	          0.2188	     0.000353262
             101	        0.220524	        0.218817	     0.000350177
             102	        0.218866	        0.218817	     0.000346744
             103	         0.21668	        0.218796	     0.000343998
             104	        0.221413	        0.218822	      0.00034161
             105	        0.225348	        0.218884	     0.000343964
             106	        0.217342	        0.218869	     0.000341027
             107	        0.217728	        0.218859	     0.000338006
             108	        0.216469	        0.218836	       0.0003356
             109	        0.224655	         0.21889	      0.00033674
             110	        0.212488	        0.218832	     0.000338671
             111	        0.220662	        0.218848	     0.000336021
             112	        0.216204	        0.218825	     0.000333849
             113	        0.220043	        0.218835	     0.000331069
             114	        0.220661	        0.218851	     0.000328552
             115	        0.220735	        0.218868	     0.000326103
             116	         0.22516	        0.218922	     0.000327772
             117	        0.216544	        0.218902	       0.0003256
             118	        0.214002	         0.21886	     0.000325478
             119	        0.215278	         0.21883	     0.000324132
             120	        0.221735	        0.218854	     0.000322334
             121	        0.223355	        0.218891	     0.000321808
             122	        0.220138	        0.218902	     0.000319333
             123	        0.216815	        0.218885	     0.000317187
             124	        0.221725	        0.218908	     0.000315455
             125	        0.225115	        0.218957	     0.000316816
             126	        0.219351	         0.21896	     0.000314317
             127	         0.22133	        0.218979	     0.000312396
             128	        0.220618	        0.218992	     0.000310218
             129	        0.222401	        0.219018	     0.000308936
             130	        0.216966	        0.219002	     0.000306963
             131	        0.217862	        0.218994	     0.000304743
             132	        0.219457	        0.218997	     0.000302455
             133	        0.221391	        0.219015	     0.000300716
             134	        0.221173	        0.219031	     0.000298902
             135	        0.218057	        0.219024	     0.000296775
             136	        0.219228	        0.219026	     0.000294597
             137	        0.217004	        0.219011	     0.000292816
             138	        0.221744	        0.219031	     0.000291363
             139	        0.217112	        0.219017	     0.000289594
             140	        0.218033	         0.21901	      0.00028761
             141	        0.220958	        0.219024	     0.000285902
             142	        0.224375	        0.219061	     0.000286362
             143	        0.219012	        0.219061	     0.000284359
             144	        0.219579	        0.219065	     0.000282407
             145	        0.220591	        0.219075	     0.000280656
             146	         0.21345	        0.219037	     0.000281366
             147	        0.215901	        0.219015	     0.000280259
             148	        0.215938	        0.218994	     0.000279136
             149	        0.215475	        0.218971	      0.00027826
             150	        0.218392	        0.218967	     0.000276432
             151	        0.208904	          0.2189	      0.00028252
             152	        0.213987	        0.218868	     0.000282504
             153	        0.213907	        0.218836	     0.000282512
             154	        0.216398	         0.21882	     0.000281121
             155	        0.221697	        0.218838	     0.000279919
             156	        0.218903	        0.218839	     0.000278125
             157	        0.222358	        0.218861	     0.000277255
             158	        0.216466	        0.218846	     0.000275914
             159	        0.218089	        0.218841	      0.00027422
             160	        0.219111	        0.218843	     0.000272511
             161	        0.216551	        0.218829	      0.00027119
             162	        0.219163	        0.218831	     0.000269524
             163	        0.217133	         0.21882	     0.000268072
             164	        0.219211	        0.218823	     0.000266448
             165	        0.220604	        0.218834	     0.000265052
             166	        0.215818	        0.218815	     0.000264077
             167	        0.217813	        0.218809	     0.000262564
             168	         0.22182	        0.218827	     0.000261612
             169	          0.2182	        0.218824	      0.00026009
             170	        0.218247	         0.21882	     0.000258582
             171	         0.22009	        0.218828	     0.000257176
             172	        0.215131	        0.218806	     0.000256578
             173	        0.217155	        0.218797	     0.000255272
             174	        0.217667	         0.21879	     0.000253888
             175	        0.220826	        0.218802	     0.000252703
             176	        0.223929	        0.218831	     0.000252941
             177	        0.224753	        0.218864	     0.000253716
             178	        0.219286	        0.218867	     0.000252301
             179	        0.213167	        0.218835	     0.000252893
             180	        0.219151	        0.218837	     0.000251495
             181	        0.216224	        0.218822	     0.000250519
             182	        0.212061	        0.218785	     0.000251882
             183	        0.216949	        0.218775	     0.000250705
             184	        0.218207	        0.218772	     0.000249362
             185	        0.222638	        0.218793	     0.000248888
             186	        0.218622	        0.218792	     0.000247552
             187	        0.222028	        0.218809	     0.000246832
             188	        0.218785	        0.218809	     0.000245519
             189	        0.221264	        0.218822	     0.000244564
             190	        0.221214	        0.218835	       0.0002436
             191	        0.219858	         0.21884	     0.000242384
             192	        0.213935	        0.218814	     0.000242464
             193	        0.219376	        0.218817	     0.000241225
             194	        0.220599	        0.218827	     0.000240156
             195	        0.221472	         0.21884	     0.000239307
             196	        0.216917	         0.21883	     0.000238288
             197	        0.215507	        0.218813	     0.000237674
             198	        0.225256	        0.218846	     0.000238691
             199	        0.218887	        0.218846	     0.000237492
             200	        0.219591	         0.21885	     0.000236333
             201	        0.210864	         0.21881	     0.000238474
             202	        0.217286	        0.218803	     0.000237412
             203	        0.218911	        0.218803	     0.000236244
             204	        0.216608	        0.218792	      0.00023533
             205	        0.221187	        0.218804	     0.000234472
             206	        0.214411	        0.218783	     0.000234302
             207	        0.222585	        0.218801	     0.000233889
             208	        0.222629	         0.21882	     0.000233487
             209	        0.221131	        0.218831	     0.000232632
             210	        0.222594	        0.218848	     0.000232213
             211	        0.220758	        0.218858	     0.000231289
             212	        0.216905	        0.218848	     0.000230381
             213	         0.21983	        0.218853	     0.000229346
             214	        0.211332	        0.218818	     0.000230951
             215	        0.217237	         0.21881	     0.000229994
             216	        0.217852	        0.218806	     0.000228972
             217	        0.219281	        0.218808	     0.000227928
             218	        0.217588	        0.218803	     0.000226951
             219	        0.219319	        0.218805	     0.000225927
             220	        0.216806	        0.218796	     0.000225082
             221	        0.220133	        0.218802	     0.000224145
             222	        0.218524	        0.218801	     0.000223139
             223	        0.215827	        0.218787	     0.000222537
             224	        0.219925	        0.218792	     0.000221601
             225	        0.219529	        0.218796	      0.00022064
             226	        0.219229	        0.218798	     0.000219672
             227	        0.223176	        0.218817	      0.00021955
             228	          0.2242	         0.21884	     0.000219853
             229	        0.225007	        0.218867	     0.000220536
             230	        0.215569	        0.218853	     0.000220042
             231	        0.224983	         0.21888	     0.000220684
             232	        0.216892	        0.218871	     0.000219899
             233	         0.21685	        0.218862	     0.000219126
             234	        0.220273	        0.218868	     0.000218273
             235	        0.221997	        0.218882	     0.000217749
             236	        0.214625	        0.218864	     0.000217573
             237	        0.220006	        0.218869	     0.000216708
             238	        0.219832	        0.218873	     0.000215835
             239	        0.224511	        0.218896	     0.000216217
             240	        0.213492	        0.218874	     0.000216486
             241	        0.219185	        0.218875	     0.000215591
             242	        0.218904	        0.218875	     0.000214701
             243	        0.221238	        0.218885	     0.000214037
             244	        0.212921	         0.21886	     0.000214551
             245	        0.218042	        0.218857	     0.000213701
             246	         0.22615	        0.218887	     0.000214879
             247	        0.213879	        0.218866	     0.000214964
             248	        0.215533	        0.218853	     0.000214517
             249	        0.222918	        0.218869	     0.000214276
             250	        0.221084	        0.218878	     0.000213602
             251	         0.22376	        0.218898	     0.000213634
             252	        0.227519	        0.218932	     0.000215509
             253	        0.214539	        0.218914	     0.000215355
             254	        0.216412	        0.218905	     0.000214732
             255	        0.208538	        0.218864	     0.000217705
             256	        0.215578	        0.218851	     0.000217232
             257	        0.213548	         0.21883	     0.000217365
             258	        0.225951	        0.218858	     0.000218267
             259	        0.218834	        0.218858	     0.000217425
             260	        0.218772	        0.218858	     0.000216589
             261	        0.221653	        0.218868	     0.000216023
             262	        0.219558	        0.218871	     0.000215215
             263	        0.213973	        0.218852	     0.000215201
             264	        0.223011	        0.218868	     0.000214962
             265	        0.222814	        0.218883	     0.000214666
             266	        0.218117	         0.21888	     0.000213878
             267	        0.212806	        0.218857	     0.000214283
             268	        0.221825	        0.218868	      0.00021377
             269	        0.218781	        0.218868	     0.000212975
             270	        0.217744	        0.218864	     0.000212227
             271	         0.21811	        0.218861	     0.000211462
             272	        0.215069	        0.218847	     0.000211144
             273	        0.219259	        0.218849	     0.000210376
             274	         0.21967	        0.218852	     0.000209629
             275	        0.217544	        0.218847	     0.000208921
             276	        0.218348	        0.218845	     0.000208172
             277	         0.22057	        0.218851	     0.000207513
             278	        0.218035	        0.218848	     0.000206788
             279	        0.221401	        0.218858	     0.000206249
             280	        0.218527	        0.218856	     0.000205515
             281	         0.22201	        0.218868	      0.00020509
             282	        0.212668	        0.218846	     0.000205538
             283	        0.212824	        0.218824	      0.00020591
             284	        0.221581	        0.218834	     0.000205414
             285	        0.224147	        0.218853	     0.000205537
             286	        0.221027	         0.21886	     0.000204959
             287	        0.216481	        0.218852	     0.000204412
             288	        0.214961	        0.218839	     0.000204149
             289	        0.212411	        0.218816	      0.00020465
             290	        0.215875	        0.218806	     0.000204196
             291	        0.211302	         0.21878	     0.000205116
             292	         0.21932	        0.218782	     0.000204422
             293	        0.212791	        0.218762	     0.000204744
             294	        0.213895	        0.218745	     0.000204716
             295	        0.218046	        0.218743	     0.000204036
             296	         0.22336	        0.218758	     0.000203942
             297	         0.22112	        0.218766	      0.00020341
             298	        0.221995	        0.218777	     0.000203016
             299	        0.223022	        0.218791	     0.000202833
             300	        0.218998	        0.218792	     0.000202158
             301	        0.213208	        0.218774	     0.000202336
             302	        0.214896	        0.218761	     0.000202073
             303	        0.216407	        0.218753	     0.000201555
             304	         0.21854	        0.218752	     0.000200893
             305	         0.21966	        0.218755	     0.000200257
             306	        0.213878	        0.218739	     0.000200236
             307	        0.217825	        0.218736	     0.000199606
             308	        0.215867	        0.218727	     0.000199175
             309	        0.218808	        0.218727	      0.00019853
             310	          0.2164	         0.21872	     0.000198032
             311	        0.218668	         0.21872	     0.000197395
             312	        0.212753	          0.2187	     0.000197687
             313	        0.221081	        0.218708	     0.000197201
             314	        0.215422	        0.218698	     0.000196851
             315	        0.222662	         0.21871	     0.000196628
             316	        0.219333	        0.218712	     0.000196015
             317	        0.215584	        0.218702	     0.000195645
             318	        0.229508	        0.218736	     0.000197959
             319	        0.217816	        0.218733	     0.000197359
             320	        0.220385	        0.218739	      0.00019681
             321	        0.212416	        0.218719	      0.00019718
             322	        0.214096	        0.218704	      0.00019709
             323	        0.219249	        0.218706	     0.000196487
             324	        0.219573	        0.218709	     0.000195898
             325	        0.219031	         0.21871	     0.000195298
             326	        0.222777	        0.218722	     0.000195097
             327	        0.215631	        0.218713	     0.000194729
             328	        0.222221	        0.218724	     0.000194429
             329	        0.210255	        0.218698	     0.000195535
             330	        0.207345	        0.218663	     0.000197946
             331	        0.210561	        0.218639	     0.000198855
             332	        0.220952	        0.218646	     0.000198379
             333	        0.214432	        0.218633	     0.000198186
             334	        0.222694	        0.218645	     0.000197965
             335	        0.217731	        0.218643	     0.000197393
             336	        0.221047	         0.21865	     0.000196935
             337	         0.21283	        0.218633	     0.000197107
             338	        0.220073	        0.218637	     0.000196569
             339	        0.216916	        0.218632	     0.000196055
             340	        0.218836	        0.218632	     0.000195479
             341	         0.21557	        0.218623	     0.000195112
             342	        0.215107	        0.218613	     0.000194813
             343	        0.222319	        0.218624	     0.000194544
             344	        0.217747	        0.218621	     0.000193995
             345	        0.218548	        0.218621	     0.000193433
             346	        0.220257	        0.218626	     0.000192932
             347	         0.21498	        0.218615	     0.000192662
             348	         0.21856	        0.218615	     0.000192108
             349	        0.211909	        0.218596	     0.000192516
             350	        0.215191	        0.218586	     0.000192212
             351	        0.213229	        0.218571	     0.000192269
             352	         0.21699	        0.218566	     0.000191775
             353	        0.221579	        0.218575	     0.000191422
             354	        0.217501	        0.218572	     0.000190905
             355	        0.219022	        0.218573	     0.000190372
             356	        0.215525	        0.218565	     0.000190029
             357	        0.222293	        0.218575	     0.000189784
             358	        0.214726	        0.218564	     0.000189558
             359	        0.215881	        0.218557	     0.000189177
             360	        0.223993	        0.218572	     0.000189253
             361	        0.215284	        0.218563	     0.000188948
             362	        0.220148	        0.218567	     0.000188477
             363	        0.214108	        0.218555	     0.000188358
             364	        0.215365	        0.218546	     0.000188044
             365	        0.227938	        0.218572	     0.000189281
             366	        0.217324	        0.218569	     0.000188794
             367	        0.216671	        0.218563	     0.000188351
             368	        0.225903	        0.218583	     0.000188892
             369	         0.21726	         0.21858	     0.000188414
             370	        0.218677	         0.21858	     0.000187905
             371	        0.214735	         0.21857	     0.000187684
             372	        0.224877	        0.218587	     0.000187944
             373	        0.218708	        0.218587	      0.00018744
             374	        0.225167	        0.218605	     0.000187763
             375	        0.217784	        0.218602	     0.000187275
             376	        0.216746	        0.218597	     0.000186842
             377	        0.224508	        0.218613	     0.000187003
             378	        0.219368	        0.218615	     0.000186519
             379	        0.224399	         0.21863	      0.00018665
             380	        0.222274	         0.21864	     0.000186405
             381	        0.219034	        0.218641	     0.000185919
             382	        0.219726	        0.218644	     0.000185454
             383	        0.218547	        0.218644	      0.00018497
             384	        0.221057	         0.21865	     0.000184595
             385	        0.222153	        0.218659	      0.00018434
             386	        0.214097	        0.218647	     0.000184241
             387	        0.215466	        0.218639	     0.000183948
             388	         0.21425	        0.218628	     0.000183821
             389	          0.2178	        0.218625	     0.000183361
             390	        0.223225	        0.218637	      0.00018327
             391	        0.218851	        0.218638	     0.000182802
             392	         0.22036	        0.218642	     0.000182388
             393	        0.217092	        0.218638	     0.000181967
             394	        0.219117	        0.218639	     0.000181509
             395	        0.216835	        0.218635	     0.000181107
             396	         0.21733	        0.218632	      0.00018068
             397	        0.221043	        0.218638	     0.000180327
             398	        0.217125	        0.218634	     0.000179914
             399	        0.219095	        0.218635	     0.000179466
             400	        0.225956	        0.218653	     0.000179948
             401	        0.215528	        0.218646	     0.000179668
             402	        0.215615	        0.218638	     0.000179379
             403	        0.218107	        0.218637	     0.000178939
             404	        0.217582	        0.218634	     0.000178515
             405	        0.219755	        0.218637	     0.000178096
             406	        0.219013	        0.218638	      0.00017766
             407	        0.215955	        0.218631	     0.000177345
             408	        0.218306	         0.21863	     0.000176913
             409	         0.22066	        0.218635	      0.00017655
             410	        0.224919	        0.218651	     0.000176783
             411	        0.217883	        0.218649	     0.000176363
             412	        0.229198	        0.218674	     0.000177784
             413	        0.220846	         0.21868	     0.000177431
             414	        0.218809	         0.21868	     0.000177003
             415	        0.219806	        0.218683	     0.000176597
             416	        0.216351	        0.218677	     0.000176261
             417	        0.223688	        0.218689	     0.000176248
             418	         0.21603	        0.218683	     0.000175941
             419	        0.219741	        0.218685	     0.000175539
             420	        0.223191	        0.218696	     0.000175449
             421	        0.220035	        0.218699	     0.000175061
             422	        0.218546	        0.218699	     0.000174646
             423	        0.216397	        0.218693	     0.000174318
             424	        0.222796	        0.218703	     0.000174175
             425	        0.218041	        0.218701	     0.000173773
             426	        0.222686	        0.218711	     0.000173616
             427	        0.219007	        0.218712	     0.000173211
             428	        0.212193	        0.218696	     0.000173475
             429	        0.217946	        0.218695	     0.000173079
             430	        0.220919	          0.2187	     0.000172754
             431	        0.220881	        0.218705	     0.000172427
             432	        0.220198	        0.218708	     0.000172063
             433	        0.220977	        0.218713	     0.000171745
             434	        0.222488	        0.218722	     0.000171569
             435	        0.224179	        0.218735	     0.000171633
             436	        0.223076	        0.218745	     0.000171528
             437	        0.214801	        0.218736	     0.000171373
             438	        0.224403	        0.218749	     0.000171469
             439	         0.22101	        0.218754	     0.000171156
             440	        0.223462	        0.218764	     0.000171101
             441	        0.217547	        0.218762	     0.000170735
             442	        0.222314	         0.21877	     0.000170538
             443	        0.218017	        0.218768	     0.000170162
             444	        0.222302	        0.218776	     0.000169964
             445	        0.216776	        0.218771	     0.000169642
             446	        0.224375	        0.218784	     0.000169726
             447	        0.222872	        0.218793	     0.000169593
             448	        0.214365	        0.218783	     0.000169502
             449	        0.212735	         0.21877	     0.000169659
             450	        0.218426	        0.218769	     0.000169283
             451	        0.224105	        0.218781	     0.000169321
             452	        0.220761	        0.218785	     0.000169003
             453	        0.219549	        0.218787	     0.000168638
             454	        0.217044	        0.218783	     0.000168311
             455	        0.222527	        0.218791	     0.000168142
             456	        0.211517	        0.218775	     0.000168528
             457	        0.220407	        0.218779	     0.000168197
             458	        0.218523	        0.218778	     0.000167831
             459	        0.219665	         0.21878	     0.000167476
             460	        0.217846	        0.218778	     0.000167124
             461	        0.218056	        0.218777	     0.000166769
             462	        0.222425	        0.218785	     0.000166595
             463	        0.221985	        0.218792	     0.000166379
             464	        0.219759	        0.218794	     0.000166033
             465	        0.215333	        0.218786	     0.000165843
             466	        0.214469	        0.218777	     0.000165746
             467	         0.21796	        0.218775	       0.0001654
             468	        0.224571	        0.218788	     0.000165509
             469	        0.219172	        0.218788	     0.000165159
             470	        0.214009	        0.218778	      0.00016512
             471	        0.222755	        0.218787	     0.000164985
             472	        0.221489	        0.218792	     0.000164735
             473	        0.221327	        0.218798	     0.000164474
             474	        0.215868	        0.218792	     0.000164243
             475	        0.217591	        0.218789	     0.000163916
             476	        0.215986	        0.218783	     0.000163678
             477	        0.226255	        0.218799	     0.000164082
             478	        0.221709	        0.218805	     0.000163852
             479	        0.216023	        0.218799	     0.000163613
             480	        0.224113	         0.21881	     0.000163646
             481	        0.217803	        0.218808	     0.000163319
             482	        0.227118	        0.218825	     0.000163888
             483	         0.22694	        0.218842	     0.000164408
             484	        0.215585	        0.218835	     0.000164206
             485	         0.21885	        0.218835	     0.000163867
             486	        0.217138	        0.218832	     0.000163567
             487	        0.219453	        0.218833	     0.000163236
             488	        0.216312	        0.218828	     0.000162983
             489	         0.22157	        0.218834	     0.000162747
             490	        0.220278	        0.218837	     0.000162441
             491	        0.222193	        0.218843	     0.000162254
             492	        0.211288	        0.218828	     0.000162649
             493	        0.220035	        0.218831	     0.000162338
             494	        0.220244	        0.218833	     0.000162034
             495	        0.209128	        0.218814	     0.000162889
             496	        0.216913	         0.21881	     0.000162606
             497	        0.215546	        0.218803	     0.000162411
             498	        0.218451	        0.218803	     0.000162086
             499	        0.219537	        0.218804	     0.000161768
             500	        0.215076	        0.218797	     0.000161617
