#     BLOCK:   ACTUAL_X:     X_AVE:       ERROR:
               1	        0.916595	        0.916595	               0
               2	         1.07117	        0.993884	       0.0546518
               3	        0.891835	        0.959868	       0.0458136
               4	        0.772992	        0.913149	       0.0530813
               5	        0.922744	        0.915068	       0.0424997
               6	         0.86886	        0.907366	       0.0361075
               7	        0.898347	        0.906078	       0.0309722
               8	         0.95924	        0.912723	       0.0278045
               9	        0.879074	        0.908984	       0.0249652
              10	        0.816826	        0.899769	       0.0241097
              11	        0.997917	        0.908691	       0.0235111
              12	        0.969058	        0.913722	       0.0220834
              13	        0.785521	         0.90386	        0.022479
              14	        0.866678	        0.901204	       0.0210297
              15	         1.01144	        0.908553	       0.0208723
              16	        0.917421	        0.909107	       0.0195752
              17	         1.03253	        0.916368	       0.0197241
              18	         1.06347	         0.92454	       0.0202507
              19	        0.934248	        0.925051	       0.0191914
              20	        0.969025	         0.92725	       0.0183573
              21	         1.00684	         0.93104	       0.0178701
              22	        0.816959	        0.925854	       0.0177943
              23	        0.837388	        0.922008	       0.0174314
              24	        0.944331	        0.922938	       0.0167299
              25	         0.94281	        0.923733	       0.0160796
              26	        0.984992	        0.926089	       0.0156328
              27	        0.834744	        0.922706	       0.0154155
              28	           0.952	        0.923752	       0.0149004
              29	        0.895769	        0.922787	       0.0144178
              30	         1.05501	        0.927194	       0.0145953
              31	        0.986942	        0.929122	       0.0142512
              32	        0.871802	        0.927331	        0.013918
              33	         1.07415	         0.93178	       0.0141895
              34	        0.878083	          0.9302	       0.0138598
              35	        0.876264	        0.928659	       0.0135492
              36	        0.895174	        0.927729	       0.0132047
              37	        0.871074	        0.926198	       0.0129363
              38	        0.917256	        0.925963	        0.012598
              39	         1.01061	        0.928133	       0.0124606
              40	        0.947901	        0.928627	       0.0121588
              41	        0.965686	        0.929531	       0.0118958
              42	         0.94724	        0.929953	       0.0116201
              43	         1.02929	        0.932263	       0.0115772
              44	         1.05772	        0.935114	       0.0116599
              45	        0.986248	        0.936251	        0.011456
              46	        0.887504	        0.935191	       0.0112559
              47	        0.860562	        0.933603	       0.0111278
              48	        0.955339	        0.934056	       0.0109052
              49	        0.998645	        0.935374	        0.010762
              50	         1.03183	        0.937303	       0.0107183
              51	         1.06602	        0.939827	       0.0108012
              52	         1.10684	        0.943039	       0.0110607
              53	        0.847174	         0.94123	       0.0109989
              54	         1.04248	        0.943105	       0.0109539
              55	        0.997058	        0.944086	       0.0107986
              56	        0.900926	        0.943315	       0.0106332
              57	        0.804066	        0.940872	       0.0107236
              58	        0.921554	        0.940539	       0.0105439
              59	        0.904628	        0.939931	       0.0103827
              60	        0.910017	        0.939432	       0.0102217
              61	        0.937455	          0.9394	       0.0100541
              62	         1.07983	        0.941665	       0.0101439
              63	        0.852793	        0.940254	       0.0100805
              64	        0.958645	        0.940541	       0.0099271
              65	        0.837091	         0.93895	      0.00990113
              66	        0.994413	         0.93979	      0.00978671
              67	        0.957223	         0.94005	       0.0096441
              68	         0.92681	        0.939856	      0.00950424
              69	        0.979273	        0.940427	      0.00938365
              70	        0.955273	        0.940639	      0.00925199
              71	        0.806512	         0.93875	      0.00931255
              72	        0.899273	        0.938202	      0.00919934
              73	          1.0479	        0.939704	      0.00919523
              74	        0.890248	        0.939036	      0.00909523
              75	         0.86724	        0.938079	       0.0090242
              76	        0.876066	        0.937263	      0.00894227
              77	        0.869223	        0.936379	      0.00886969
              78	        0.875273	        0.935596	       0.0087905
              79	        0.965223	        0.935971	      0.00868723
              80	         1.05193	         0.93742	      0.00869873
              81	        0.891736	        0.936856	       0.0086096
              82	         1.00231	        0.937655	      0.00854154
              83	         0.97243	        0.938073	       0.0084489
              84	        0.954843	        0.938273	      0.00835067
              85	        0.898182	        0.937801	      0.00826574
              86	        0.966446	        0.938135	      0.00817633
              87	        0.897884	        0.937672	      0.00809543
              88	        0.819802	        0.936332	      0.00811349
              89	        0.845818	        0.935315	      0.00808582
              90	          1.0726	        0.936841	      0.00813857
              91	        0.997686	        0.937509	      0.00807656
              92	        0.952793	        0.937676	      0.00799048
              93	         1.10965	        0.939525	      0.00811572
              94	         1.01402	        0.940317	      0.00806798
              95	        0.828198	        0.939137	      0.00806891
              96	        0.964661	        0.939403	      0.00798924
              97	        0.964661	        0.939663	      0.00791112
              98	        0.949289	        0.939762	        0.007831
              99	        0.942545	         0.93979	      0.00775195
             100	        0.883802	         0.93923	      0.00769462
             101	         1.04562	        0.940283	       0.0076902
             102	        0.816529	         0.93907	      0.00770992
             103	        0.969488	        0.939365	      0.00764072
             104	        0.935702	         0.93933	      0.00756734
             105	         0.84638	        0.938445	      0.00754687
             106	        0.863636	        0.937739	       0.0075086
             107	         1.00344	        0.938353	      0.00746348
             108	        0.821157	        0.937268	      0.00747285
             109	        0.914017	        0.937055	      0.00740733
             110	        0.906678	        0.936778	      0.00734514
             111	         1.02119	        0.937539	      0.00731823
             112	        0.931273	        0.937483	       0.0072531
             113	        0.933686	        0.937449	      0.00718899
             114	        0.955107	        0.937604	       0.0071276
             115	        0.941322	        0.937637	      0.00706569
             116	         0.92919	        0.937564	      0.00700516
             117	        0.942711	        0.937608	      0.00694542
             118	        0.890777	        0.937211	      0.00689789
             119	         0.92324	        0.937093	      0.00684093
             120	         0.95114	         0.93721	      0.00678492
             121	        0.964132	        0.937433	      0.00673249
             122	         1.05891	        0.938429	      0.00675054
             123	         1.03064	        0.939178	      0.00673716
             124	        0.942645	        0.939206	      0.00668289
             125	        0.896463	        0.938864	      0.00663817
             126	        0.938083	        0.938858	      0.00658548
             127	        0.825388	        0.937965	      0.00659396
             128	         1.07008	        0.938997	      0.00662274
             129	         1.09917	        0.940239	      0.00668678
             130	        0.918479	        0.940071	      0.00663744
             131	         0.94281	        0.940092	      0.00658681
             132	        0.839769	        0.939332	      0.00658061
             133	        0.966116	        0.939533	      0.00653421
             134	         0.98638	        0.939883	      0.00649479
             135	        0.996132	          0.9403	      0.00646004
             136	        0.902413	        0.940021	      0.00641854
             137	        0.995736	        0.940428	      0.00638456
             138	         0.95514	        0.940534	      0.00633918
             139	         0.92086	        0.940393	      0.00629516
             140	         1.00301	         0.94084	      0.00626606
             141	        0.867603	        0.940321	      0.00624311
             142	         1.00086	        0.940747	      0.00621369
             143	        0.721124	        0.939211	       0.0063572
             144	        0.936066	        0.939189	      0.00631309
             145	        0.986248	        0.939514	      0.00627789
             146	        0.991669	        0.939871	      0.00624505
             147	        0.986149	        0.940186	       0.0062105
             148	        0.888264	        0.939835	      0.00617843
             149	        0.894909	        0.939534	      0.00614432
             150	           0.928	        0.939457	      0.00610384
             151	        0.918612	        0.939319	      0.00606498
             152	        0.970512	        0.939524	      0.00602855
             153	        0.921686	        0.939407	      0.00599027
             154	        0.895636	        0.939123	      0.00595811
             155	        0.868826	         0.93867	      0.00593691
             156	        0.816397	        0.937886	      0.00595037
             157	           0.992	         0.93823	      0.00592244
             158	        0.895207	        0.937958	      0.00589121
             159	        0.942942	         0.93799	      0.00585425
             160	         1.07669	        0.938856	      0.00588149
             161	         1.04073	        0.939489	       0.0058789
             162	         1.05028	        0.940173	      0.00588225
             163	        0.834281	        0.939523	      0.00588193
             164	        0.884628	        0.939189	      0.00585558
             165	          1.0116	        0.939628	      0.00583652
             166	         0.90357	         0.93941	       0.0058054
             167	        0.959967	        0.939533	      0.00577194
             168	        0.968893	        0.939708	      0.00574023
             169	         1.00185	        0.940076	      0.00571803
             170	        0.955306	        0.940165	      0.00568509
             171	        0.974876	        0.940368	      0.00565547
             172	        0.903372	        0.940153	      0.00562668
             173	        0.979174	        0.940379	      0.00559867
             174	        0.917752	        0.940249	      0.00556801
             175	        0.881355	        0.939912	      0.00554635
             176	        0.954711	        0.939996	      0.00551547
             177	        0.949091	        0.940048	      0.00548455
             178	        0.829388	        0.939426	      0.00548886
             179	         0.89795	        0.939194	      0.00546309
             180	        0.878678	        0.938858	      0.00544307
             181	         0.95405	        0.938942	      0.00541365
             182	        0.944992	        0.938975	        0.005384
             183	        0.852628	        0.938504	      0.00537522
             184	         1.00929	        0.938888	      0.00535975
             185	          1.0516	        0.939498	       0.0053653
             186	         0.97481	        0.939687	      0.00533981
             187	        0.861157	        0.939267	      0.00532775
             188	        0.932066	        0.939229	      0.00529954
             189	         1.05901	        0.939863	      0.00530926
             190	         1.10334	        0.940723	      0.00535058
             191	        0.924727	         0.94064	      0.00532322
             192	        0.951372	        0.940695	      0.00529579
             193	        0.916992	        0.940573	      0.00526978
             194	        0.892099	        0.940323	      0.00524853
             195	         1.00387	        0.940649	      0.00523172
             196	        0.982149	         0.94086	      0.00520931
             197	        0.870446	        0.940503	      0.00519512
             198	         0.97676	        0.940686	      0.00517211
             199	        0.877455	        0.940368	      0.00515587
             200	        0.880595	        0.940069	      0.00513874
