#     BLOCK:   ACTUAL_TE:    TE_AVE:      ERROR:
           1	    -0.33296	    -0.33296	           0
           2	    -0.33052	    -0.33174	  0.00086267
           3	   -0.333976	   -0.332485	 0.000837319
           4	   -0.329984	    -0.33186	 0.000829248
           5	   -0.330048	   -0.331498	 0.000738352
           6	   -0.332696	   -0.331697	  0.00064174
           7	   -0.335016	   -0.332171	 0.000703723
           8	   -0.334928	   -0.332516	 0.000695015
           9	    -0.33424	   -0.332708	 0.000643648
          10	    -0.33336	   -0.332773	  0.00058258
          11	    -0.33588	   -0.333055	 0.000594166
          12	   -0.332208	   -0.332985	 0.000548831
          13	   -0.333408	   -0.333017	 0.000507578
          14	     -0.3342	   -0.333102	 0.000478302
          15	   -0.331552	   -0.332998	 0.000457437
          16	   -0.336224	     -0.3332	 0.000471182
          17	   -0.335576	    -0.33334	 0.000463731
          18	    -0.33436	   -0.333396	 0.000441419
          19	   -0.331072	   -0.333274	 0.000434809
          20	   -0.332144	   -0.333218	 0.000416724
          21	   -0.334544	   -0.333281	 0.000401638
          22	   -0.331664	   -0.333207	 0.000390047
          23	   -0.329568	   -0.333049	  0.00040391
          24	    -0.33244	   -0.333024	 0.000387876
          25	   -0.333456	   -0.333041	 0.000372747
          26	    -0.32836	   -0.332861	  0.00039953
          27	    -0.33336	   -0.332879	  0.00038516
          28	   -0.332416	   -0.332863	  0.00037176
          29	   -0.334336	   -0.332914	 0.000362395
          30	   -0.336368	   -0.333029	 0.000368153
          31	   -0.331096	   -0.332966	 0.000361518
          32	   -0.333848	   -0.332994	 0.000351269
          33	   -0.335104	   -0.333058	 0.000346395
          34	   -0.334032	   -0.333087	 0.000337389
          35	   -0.334624	   -0.333131	 0.000330597
          36	   -0.332616	   -0.333116	 0.000321722
          37	   -0.334512	   -0.333154	 0.000315231
          38	   -0.331528	   -0.333111	 0.000309826
          39	   -0.332584	   -0.333098	 0.000302176
          40	   -0.336864	   -0.333192	 0.000308944
          41	   -0.334048	   -0.333213	 0.000302114
          42	   -0.334984	   -0.333255	  0.00029785
          43	   -0.334568	   -0.333285	 0.000292484
          44	   -0.331888	   -0.333254	 0.000287556
          45	   -0.333736	   -0.333264	 0.000281365
          46	   -0.332536	   -0.333249	 0.000275694
          47	   -0.333256	   -0.333249	 0.000269828
          48	   -0.333688	   -0.333258	 0.000264362
          49	   -0.332272	   -0.333238	 0.000259731
          50	   -0.334424	   -0.333261	 0.000255618
          51	   -0.334872	   -0.333293	 0.000252549
          52	   -0.333328	   -0.333294	 0.000247693
          53	   -0.332896	   -0.333286	 0.000243133
          54	   -0.331128	   -0.333246	 0.000241893
          55	   -0.332656	   -0.333235	 0.000237733
          56	    -0.33004	   -0.333178	 0.000240239
          57	    -0.33156	    -0.33315	 0.000237696
          58	    -0.33312	    -0.33315	 0.000233598
          59	   -0.331128	   -0.333115	 0.000232138
          60	   -0.333176	   -0.333116	 0.000228271
          61	   -0.333464	   -0.333122	   0.0002246
          62	   -0.333432	   -0.333127	 0.000221034
          63	   -0.332144	   -0.333111	 0.000218075
          64	   -0.332512	   -0.333102	 0.000214869
          65	     -0.3342	   -0.333119	 0.000212226
          66	   -0.332736	   -0.333113	  0.00020909
          67	    -0.32988	   -0.333065	 0.000211464
          68	   -0.332192	   -0.333052	 0.000208743
          69	   -0.333088	   -0.333053	 0.000205719
          70	   -0.332184	    -0.33304	 0.000203154
          71	   -0.330512	   -0.333005	 0.000203389
          72	   -0.333856	   -0.333016	 0.000200908
          73	   -0.333968	   -0.333029	 0.000198578
          74	   -0.332696	   -0.333025	 0.000195946
          75	   -0.333752	   -0.333035	 0.000193573
          76	    -0.33084	   -0.333006	 0.000193167
          77	   -0.333376	    -0.33301	 0.000190719
          78	   -0.333376	   -0.333015	 0.000188331
          79	   -0.329312	   -0.332968	 0.000191692
          80	     -0.3328	   -0.332966	 0.000189307
          81	   -0.335104	   -0.332993	 0.000188801
          82	   -0.334808	   -0.333015	 0.000187792
          83	   -0.334576	   -0.333034	 0.000186469
          84	   -0.333232	   -0.333036	 0.000184264
          85	   -0.334136	   -0.333049	 0.000182551
          86	   -0.334648	   -0.333067	 0.000181373
          87	     -0.3352	   -0.333092	 0.000180937
          88	   -0.333184	   -0.333093	 0.000178884
          89	   -0.331576	   -0.333076	 0.000177684
          90	   -0.332112	   -0.333065	 0.000176032
          91	   -0.331784	   -0.333051	  0.00017466
          92	   -0.332272	   -0.333043	 0.000172967
          93	   -0.333224	   -0.333045	 0.000171118
          94	     -0.3332	   -0.333046	 0.000169305
          95	   -0.332024	   -0.333036	 0.000167865
          96	   -0.330864	   -0.333013	 0.000167633
          97	   -0.331568	   -0.332998	 0.000166566
          98	   -0.330864	   -0.332976	 0.000166283
          99	   -0.334648	   -0.332993	 0.000165459
         100	   -0.330096	   -0.332964	 0.000166321
