#     BLOCK:   ACTUAL_X:     X_AVE:       ERROR:
               1	         1.84419	         1.84419	               0
               2	         1.99489	         1.91954	       0.0532801
               3	         2.01687	         1.95198	       0.0443094
               4	         1.87942	         1.93384	       0.0367584
               5	          2.3987	         2.02681	       0.0882023
               6	          2.0826	         2.03611	       0.0739904
               7	         1.93692	         2.02194	       0.0647632
               8	           1.656	          1.9762	       0.0710076
               9	         1.89306	         1.96696	       0.0637159
              10	         1.67287	         1.93755	       0.0637714
              11	         2.20704	         1.96205	       0.0625028
              12	         2.36145	         1.99533	       0.0655597
              13	         1.59205	         1.96431	       0.0674581
              14	         1.95316	         1.96351	       0.0626444
              15	         2.28145	         1.98471	       0.0619501
              16	         1.64308	         1.96336	        0.061648
              17	         2.14901	         1.97428	        0.058981
              18	         1.82255	         1.96585	       0.0563034
              19	         2.12202	         1.97407	       0.0539367
              20	         2.15913	         1.98332	       0.0520275
              21	         2.27455	         1.99719	       0.0513651
              22	         1.82053	         1.98916	        0.049654
              23	         1.65166	         1.97449	        0.049616
              24	         2.19971	         1.98387	        0.048428
              25	         1.83846	         1.97805	       0.0468389
              26	         2.22651	         1.98761	       0.0460018
              27	         1.98342	         1.98746	       0.0442983
              28	          2.1972	         1.99495	        0.043345
              29	         1.84198	         1.98967	       0.0421701
              30	         2.14843	         1.99496	       0.0410951
              31	         2.07494	         1.99754	       0.0398504
              32	         2.16429	         2.00275	       0.0389443
              33	         2.20964	         2.00902	       0.0382654
              34	         1.85349	         2.00445	       0.0374124
              35	         2.21759	         2.01054	       0.0368357
              36	          1.9452	         2.00872	       0.0358572
              37	         2.00169	         2.00853	       0.0348886
              38	         1.89976	         2.00567	       0.0340877
              39	         1.84414	         2.00153	       0.0334643
              40	         2.23292	         2.00731	       0.0331239
              41	         1.93904	         2.00565	       0.0323578
              42	         2.06708	         2.00711	       0.0316205
              43	         2.27557	         2.01336	       0.0314954
              44	          1.9827	         2.01266	       0.0307873
              45	         1.96742	         2.01165	       0.0301195
              46	         1.90655	         2.00937	       0.0295513
              47	         2.16988	         2.01278	       0.0291192
              48	         1.85831	         2.00957	       0.0286898
              49	          2.1001	         2.01141	       0.0281638
              50	         2.29764	         2.01714	       0.0281763
              51	         2.22159	         2.02115	       0.0279075
              52	          1.9867	         2.02048	       0.0273787
              53	         1.54227	         2.01146	       0.0283099
              54	         1.88535	         2.00913	       0.0278818
              55	          1.9372	         2.00782	       0.0274055
              56	         2.02019	         2.00804	        0.026917
              57	         1.86892	          2.0056	       0.0265552
              58	         1.95475	         2.00472	       0.0261119
              59	         1.93908	         2.00361	        0.025693
              60	         1.74092	         1.99923	       0.0256351
              61	          2.0388	         1.99988	        0.025223
              62	         2.36496	         2.00577	       0.0254943
              63	         1.79186	         2.00237	       0.0253147
              64	         1.90039	         2.00078	       0.0249693
              65	         2.08135	         2.00202	       0.0246159
              66	         2.05677	         2.00285	       0.0242569
              67	         1.92231	         2.00165	       0.0239246
              68	         2.01258	         2.00181	       0.0235733
              69	         2.11007	         2.00338	       0.0232838
              70	         2.22496	         2.00654	       0.0231654
              71	         1.66776	         2.00177	       0.0233254
              72	         1.85798	         1.99977	       0.0230867
              73	         1.93186	         1.99884	       0.0227892
              74	         1.80839	         1.99627	       0.0226261
              75	         2.02752	         1.99668	       0.0223283
              76	         2.02607	         1.99707	       0.0220378
              77	         1.84829	         1.99514	       0.0218362
              78	         1.81711	         1.99286	       0.0216752
              79	         2.20867	         1.99559	       0.0215723
              80	         2.30039	          1.9994	       0.0216365
              81	         2.08906	         2.00051	       0.0213976
              82	          2.1334	         2.00213	        0.021198
              83	         1.96699	          2.0017	       0.0209468
              84	         1.93388	          2.0009	        0.020713
              85	         1.93128	         2.00008	       0.0204855
              86	         1.94839	         1.99948	       0.0202561
              87	         2.04135	         1.99996	        0.020029
              88	         1.62781	         1.99573	       0.0202429
              89	         1.96308	         1.99536	       0.0200188
              90	         1.96925	         1.99507	       0.0197985
              91	         2.02969	         1.99545	       0.0195846
              92	         1.91566	         1.99458	       0.0193909
              93	         2.12805	         1.99602	       0.0192354
              94	         2.37325	         2.00003	       0.0194449
              95	         2.12935	         2.00139	       0.0192878
              96	         2.31354	         2.00465	        0.019359
              97	         2.14101	         2.00605	       0.0192104
              98	         1.93759	         2.00535	       0.0190271
              99	         1.95523	         2.00485	       0.0188417
             100	         1.67166	         2.00151	       0.0189455
             101	          2.2654	         2.00413	       0.0189373
             102	         2.11586	         2.00522	       0.0187832
             103	         2.03865	         2.00555	       0.0186037
             104	         1.91036	         2.00463	       0.0184473
             105	          1.8373	         2.00304	       0.0183403
             106	         1.84607	         2.00156	        0.018227
             107	         2.35272	         2.00484	       0.0183497
             108	         1.66506	         2.00169	       0.0184476
             109	         1.83369	         2.00015	       0.0183426
             110	         1.86935	         1.99896	       0.0182143
             111	         2.07831	         1.99968	       0.0180643
             112	         2.10689	         2.00063	       0.0179283
             113	         1.99841	         2.00061	       0.0177697
             114	         1.97157	         2.00036	       0.0176156
             115	         1.86598	         1.99919	       0.0175012
             116	          1.8588	         1.99798	       0.0173921
             117	         2.15051	         1.99928	       0.0172922
             118	         2.32916	         2.00208	       0.0173702
             119	         1.77711	         2.00019	       0.0173268
             120	         1.80183	         1.99854	       0.0172611
             121	         1.99214	         1.99848	       0.0171185
             122	         2.06945	         1.99907	       0.0169881
             123	         2.43253	         2.00259	       0.0172116
             124	         1.96347	         2.00227	       0.0170757
             125	         2.02386	         2.00245	         0.01694
             126	         1.92776	         2.00185	       0.0168159
             127	         1.98405	         2.00171	       0.0166841
             128	         2.37277	         2.00461	       0.0168037
             129	         2.30443	         2.00694	       0.0168334
             130	         1.65137	          2.0042	       0.0169246
             131	         2.10472	         2.00497	       0.0168128
             132	         2.03933	         2.00523	       0.0166875
             133	         1.92265	         2.00461	       0.0165735
             134	         2.08241	         2.00519	         0.01646
             135	         2.36636	         2.00786	       0.0165541
             136	         1.82602	         2.00653	       0.0164863
             137	         1.92578	         2.00594	       0.0163765
             138	          1.8734	         2.00498	       0.0162859
             139	         2.16675	         2.00614	       0.0162103
             140	         2.01369	          2.0062	       0.0160946
             141	         2.29412	         2.00824	       0.0161095
             142	         1.93831	         2.00775	       0.0160036
             143	         1.74381	          2.0059	       0.0159977
             144	         2.12786	         2.00675	        0.015909
             145	         1.97667	         2.00654	       0.0158007
             146	         1.92472	         2.00598	       0.0157024
             147	         2.36713	         2.00844	       0.0157866
             148	         1.79195	         2.00697	       0.0157475
             149	         2.06602	         2.00737	       0.0156468
             150	         2.03031	         2.00752	       0.0155433
             151	         2.37928	         2.00998	       0.0156341
             152	         1.91475	         2.00936	       0.0155438
             153	         2.03349	         2.00952	        0.015443
             154	         1.99802	         2.00944	       0.0153429
             155	         1.83118	         2.00829	        0.015287
             156	         1.66819	         2.00611	       0.0153436
             157	          1.9786	         2.00594	       0.0152469
             158	         1.93181	         2.00547	       0.0151576
             159	         1.89518	         2.00477	       0.0150782
             160	         2.28713	         2.00654	       0.0150868
             161	         2.27899	         2.00823	       0.0150877
             162	         2.13952	         2.00904	       0.0150164
             163	         1.86708	         2.00817	       0.0149495
             164	         1.97137	         2.00794	         0.01486
             165	         2.03947	         2.00814	       0.0147712
             166	         2.33499	          2.0101	       0.0148128
             167	         1.76651	         2.00865	       0.0147958
             168	         2.07894	         2.00906	       0.0147136
             169	         1.89383	         2.00838	       0.0146423
             170	         1.87431	         2.00759	       0.0145774
             171	         2.02819	         2.00771	       0.0144927
             172	         1.96843	         2.00749	       0.0144102
             173	         2.31267	         2.00925	       0.0144345
             174	         1.93113	          2.0088	       0.0143585
             175	         2.35031	         2.01075	       0.0144085
             176	         1.97306	         2.01054	       0.0143282
             177	           1.988	         2.01041	       0.0142478
             178	         1.71827	         2.00877	        0.014262
             179	         2.15566	         2.00959	       0.0142059
             180	         2.14246	         2.01033	       0.0141462
             181	         2.01239	         2.01034	        0.014068
             182	          2.0961	         2.01081	       0.0139986
             183	         1.91229	         2.01027	       0.0139325
             184	         2.48501	         2.01285	       0.0140936
             185	         2.13952	         2.01354	        0.014034
             186	         1.90882	         2.01297	       0.0139699
             187	         1.87513	         2.01224	       0.0139146
             188	         1.68593	          2.0105	       0.0139484
             189	         2.23851	         2.01171	       0.0139267
             190	         2.30448	         2.01325	       0.0139384
             191	         2.02227	          2.0133	       0.0138655
             192	         2.04872	         2.01348	       0.0137945
             193	         1.76255	         2.01218	       0.0137842
             194	         2.06217	         2.01244	       0.0137155
             195	         2.13499	         2.01307	       0.0136596
             196	         1.80072	         2.01198	       0.0136328
             197	         1.75128	         2.01066	       0.0136277
             198	         2.03595	         2.01079	       0.0135594
             199	         1.99041	         2.01069	       0.0134917
             200	         2.06255	         2.01094	       0.0134267
