#   N_BLOCK:  ACCEPTANCE:
               1	          0.5965
               2	        0.595704
               3	        0.595501
               4	         0.59604
               5	        0.595878
               6	        0.595322
               7	        0.595107
               8	        0.595186
               9	        0.595083
              10	        0.595236
              11	        0.595241
              12	        0.595188
              13	        0.595232
              14	        0.595252
              15	        0.595229
              16	        0.595201
              17	         0.59515
              18	        0.595309
              19	        0.595307
              20	        0.595313
              21	        0.595267
              22	        0.595224
              23	        0.595163
              24	         0.59523
              25	        0.595212
              26	        0.595245
              27	        0.595247
              28	        0.595327
              29	        0.595358
              30	        0.595338
              31	        0.595317
              32	        0.595328
              33	        0.595341
              34	         0.59535
              35	        0.595365
              36	        0.595319
              37	        0.595251
              38	        0.595274
              39	        0.595318
              40	        0.595289
              41	        0.595274
              42	        0.595268
              43	        0.595269
              44	        0.595289
              45	        0.595305
              46	        0.595311
              47	         0.59529
              48	        0.595337
              49	        0.595366
              50	        0.595342
              51	        0.595381
              52	        0.595385
              53	        0.595402
              54	        0.595406
              55	        0.595366
              56	        0.595373
              57	        0.595337
              58	        0.595347
              59	        0.595379
              60	        0.595413
              61	        0.595409
              62	        0.595415
              63	        0.595432
              64	        0.595445
              65	        0.595425
              66	        0.595423
              67	        0.595407
              68	        0.595411
              69	        0.595396
              70	        0.595404
              71	        0.595398
              72	        0.595372
              73	        0.595355
              74	         0.59534
              75	        0.595347
              76	        0.595366
              77	        0.595353
              78	        0.595349
              79	        0.595378
              80	        0.595362
              81	        0.595346
              82	        0.595345
              83	        0.595315
              84	        0.595312
              85	        0.595301
              86	        0.595303
              87	        0.595301
              88	        0.595303
              89	          0.5953
              90	        0.595287
              91	        0.595272
              92	        0.595276
              93	        0.595302
              94	        0.595286
              95	        0.595304
              96	        0.595313
              97	        0.595318
              98	        0.595314
              99	        0.595317
             100	        0.595328
             101	        0.595335
             102	        0.595329
             103	        0.595314
             104	        0.595322
             105	        0.595328
             106	        0.595309
             107	        0.595318
             108	        0.595299
             109	          0.5953
             110	        0.595284
             111	          0.5953
             112	        0.595292
             113	        0.595293
             114	        0.595292
             115	        0.595285
             116	        0.595299
             117	        0.595298
             118	        0.595308
             119	        0.595301
             120	        0.595315
             121	        0.595316
             122	        0.595315
             123	        0.595314
             124	        0.595311
             125	        0.595317
             126	        0.595321
             127	        0.595346
             128	        0.595346
             129	        0.595353
             130	        0.595339
             131	        0.595348
             132	        0.595335
             133	        0.595331
             134	         0.59533
             135	        0.595338
             136	        0.595344
             137	        0.595352
             138	        0.595356
             139	        0.595361
             140	        0.595349
             141	        0.595361
             142	        0.595374
             143	        0.595383
             144	        0.595383
             145	        0.595376
             146	         0.59536
             147	        0.595365
             148	        0.595362
             149	        0.595365
             150	        0.595362
             151	        0.595359
             152	        0.595359
             153	        0.595345
             154	        0.595343
             155	        0.595338
             156	        0.595329
             157	        0.595326
             158	        0.595338
             159	        0.595346
             160	         0.59534
             161	        0.595337
             162	        0.595359
             163	        0.595362
             164	        0.595361
             165	        0.595348
             166	        0.595344
             167	        0.595344
             168	        0.595343
             169	        0.595343
             170	        0.595348
             171	         0.59534
             172	         0.59533
             173	        0.595338
             174	        0.595332
             175	        0.595329
             176	        0.595341
             177	        0.595335
             178	        0.595336
             179	        0.595333
             180	        0.595338
             181	        0.595343
             182	        0.595342
             183	        0.595322
             184	         0.59533
             185	        0.595333
             186	         0.59533
             187	        0.595339
             188	        0.595335
             189	        0.595323
             190	        0.595316
             191	        0.595314
             192	        0.595309
             193	        0.595302
             194	        0.595312
             195	        0.595307
             196	        0.595317
             197	        0.595325
             198	        0.595327
             199	        0.595331
             200	        0.595334
             201	         0.59534
             202	        0.595344
             203	        0.595338
             204	        0.595328
             205	         0.59532
             206	        0.595327
             207	        0.595324
             208	        0.595326
             209	        0.595329
             210	        0.595324
             211	        0.595322
             212	        0.595328
             213	         0.59533
             214	        0.595334
             215	        0.595334
             216	        0.595347
             217	        0.595349
             218	        0.595349
             219	        0.595346
             220	        0.595348
             221	        0.595335
             222	        0.595332
             223	        0.595337
             224	        0.595352
             225	        0.595347
             226	        0.595353
             227	        0.595359
             228	        0.595356
             229	        0.595368
             230	        0.595362
             231	        0.595355
             232	        0.595355
             233	        0.595356
             234	        0.595349
             235	        0.595349
             236	        0.595348
             237	        0.595345
             238	        0.595343
             239	        0.595343
             240	         0.59534
             241	        0.595336
             242	        0.595331
             243	        0.595331
             244	        0.595327
             245	        0.595326
             246	        0.595327
             247	        0.595324
             248	        0.595318
             249	        0.595315
             250	        0.595315
             251	        0.595314
             252	         0.59532
             253	        0.595321
             254	        0.595319
             255	        0.595322
             256	        0.595315
             257	        0.595305
             258	        0.595302
             259	        0.595308
             260	         0.59531
             261	        0.595305
             262	        0.595306
             263	        0.595303
             264	        0.595304
             265	        0.595307
             266	        0.595316
             267	        0.595314
             268	        0.595318
             269	        0.595314
             270	        0.595311
             271	        0.595317
             272	        0.595311
             273	        0.595314
             274	        0.595315
             275	        0.595313
             276	        0.595315
             277	        0.595324
             278	        0.595326
             279	        0.595323
             280	        0.595322
             281	        0.595325
             282	        0.595321
             283	        0.595319
             284	        0.595319
             285	        0.595316
             286	        0.595311
             287	        0.595313
             288	        0.595309
             289	        0.595309
             290	        0.595304
             291	        0.595308
             292	        0.595303
             293	        0.595309
             294	        0.595309
             295	        0.595309
             296	        0.595317
             297	        0.595315
             298	        0.595316
             299	        0.595318
             300	        0.595318
             301	        0.595327
             302	        0.595331
             303	        0.595335
             304	         0.59534
             305	        0.595339
             306	        0.595342
             307	        0.595337
             308	        0.595339
             309	        0.595337
             310	        0.595333
             311	        0.595333
             312	        0.595336
             313	        0.595338
             314	        0.595332
             315	        0.595333
             316	        0.595336
             317	         0.59533
             318	        0.595335
             319	        0.595341
             320	        0.595342
             321	        0.595348
             322	        0.595349
             323	        0.595349
             324	        0.595357
             325	        0.595359
             326	         0.59536
             327	        0.595356
             328	        0.595359
             329	        0.595359
             330	        0.595358
             331	        0.595356
             332	        0.595358
             333	        0.595357
             334	        0.595355
             335	        0.595348
             336	        0.595345
             337	        0.595346
             338	        0.595348
             339	        0.595351
             340	        0.595353
             341	         0.59535
             342	        0.595345
             343	        0.595345
             344	        0.595347
             345	        0.595349
             346	        0.595348
             347	        0.595345
             348	         0.59535
             349	        0.595347
             350	        0.595348
             351	         0.59535
             352	        0.595349
             353	         0.59535
             354	         0.59535
             355	        0.595349
             356	        0.595349
             357	        0.595349
             358	        0.595349
             359	        0.595347
             360	         0.59535
             361	        0.595349
             362	        0.595352
             363	        0.595351
             364	         0.59535
             365	        0.595349
             366	        0.595347
             367	        0.595347
             368	        0.595342
             369	        0.595339
             370	        0.595333
             371	        0.595333
             372	        0.595333
             373	         0.59533
             374	        0.595337
             375	        0.595338
             376	        0.595335
             377	        0.595334
             378	        0.595342
             379	         0.59534
             380	        0.595335
             381	        0.595333
             382	        0.595339
             383	        0.595345
             384	        0.595346
             385	        0.595346
             386	        0.595343
             387	        0.595346
             388	        0.595347
             389	        0.595349
             390	        0.595344
             391	        0.595343
             392	        0.595348
             393	        0.595353
             394	        0.595354
             395	        0.595353
             396	        0.595354
             397	        0.595356
             398	        0.595365
             399	         0.59537
             400	        0.595369
             401	        0.595368
             402	         0.59537
             403	        0.595367
             404	        0.595365
             405	        0.595367
             406	        0.595365
             407	        0.595366
             408	        0.595373
             409	         0.59537
             410	        0.595372
             411	        0.595377
             412	        0.595377
             413	        0.595377
             414	        0.595385
             415	        0.595387
             416	        0.595384
             417	        0.595379
             418	        0.595382
             419	        0.595381
             420	        0.595377
             421	        0.595381
             422	        0.595385
             423	        0.595385
             424	        0.595384
             425	        0.595383
             426	        0.595383
             427	         0.59538
             428	        0.595386
             429	        0.595388
             430	        0.595391
             431	        0.595388
             432	        0.595388
             433	        0.595386
             434	        0.595383
             435	        0.595382
             436	        0.595379
             437	         0.59538
             438	        0.595378
             439	        0.595379
             440	        0.595374
             441	         0.59538
             442	        0.595381
             443	        0.595382
             444	        0.595383
             445	        0.595378
             446	        0.595381
             447	        0.595381
             448	        0.595386
             449	        0.595387
             450	        0.595384
             451	        0.595386
             452	        0.595386
             453	        0.595384
             454	        0.595383
             455	        0.595388
             456	        0.595392
             457	         0.59539
             458	         0.59539
             459	        0.595387
             460	        0.595384
             461	        0.595384
             462	        0.595386
             463	        0.595385
             464	        0.595386
             465	        0.595393
             466	        0.595399
             467	        0.595402
             468	        0.595401
             469	        0.595407
             470	        0.595407
             471	        0.595409
             472	        0.595411
             473	        0.595412
             474	        0.595415
             475	        0.595415
             476	        0.595416
             477	        0.595421
             478	         0.59542
             479	        0.595424
             480	        0.595428
             481	        0.595429
             482	        0.595429
             483	        0.595424
             484	        0.595425
             485	        0.595427
             486	        0.595425
             487	        0.595424
             488	        0.595421
             489	        0.595421
             490	        0.595424
             491	        0.595427
             492	         0.59543
             493	         0.59543
             494	        0.595432
             495	        0.595435
             496	        0.595432
             497	        0.595434
             498	        0.595432
             499	         0.59543
             500	        0.595425
