#     BLOCK:   ACTUAL_CV:    CV_AVE:      ERROR:
               1	        0.326106	        0.326106	               0
               2	        0.387171	        0.356639	       0.0215897
               3	        0.375166	        0.362815	       0.0152509
               4	        0.439573	        0.382004	       0.0201745
               5	          0.4049	        0.386583	       0.0166512
               6	        0.299021	         0.37199	        0.019236
               7	        0.392619	        0.374937	       0.0167122
               8	        0.370188	        0.374343	       0.0146337
               9	        0.375229	        0.374442	       0.0130081
              10	        0.403718	        0.377369	       0.0120322
              11	        0.293569	        0.369751	       0.0131305
              12	        0.649825	         0.39309	       0.0253813
              13	         0.48751	        0.400354	        0.024446
              14	        0.290527	        0.392509	       0.0239254
              15	         0.36954	        0.390978	       0.0223793
              16	        0.365514	        0.389386	       0.0210371
              17	        0.345485	        0.386804	       0.0199575
              18	        0.405762	        0.387857	       0.0188766
              19	        0.412042	         0.38913	       0.0179259
              20	        0.226925	         0.38102	       0.0187749
              21	        0.269268	        0.375698	       0.0186197
              22	        0.347163	        0.374401	       0.0178185
              23	        0.307207	         0.37148	       0.0172816
              24	        0.411377	        0.373142	       0.0166413
              25	        0.410489	        0.374636	       0.0160426
              26	         0.25856	        0.370171	       0.0160347
              27	        0.103534	        0.360296	         0.01823
              28	        0.352033	        0.360001	       0.0175813
              29	        0.417621	        0.361988	        0.017087
              30	        0.416462	        0.363803	       0.0166136
              31	         0.37655	        0.364215	       0.0160828
              32	        0.389664	         0.36501	       0.0155998
              33	        0.436633	         0.36718	       0.0152773
              34	        0.350433	        0.366688	       0.0148359
              35	        0.439903	         0.36878	       0.0145588
              36	        0.257685	        0.365694	       0.0144777
              37	        0.451187	        0.368004	       0.0142696
              38	        0.379461	        0.368306	       0.0138973
              39	        0.396505	        0.369029	       0.0135598
              40	        0.434841	        0.370674	       0.0133202
              41	        0.395716	        0.371285	       0.0130093
              42	        0.425875	        0.372585	       0.0127643
              43	        0.314874	        0.371243	       0.0125379
              44	        0.310682	        0.369866	       0.0123282
              45	         0.31872	         0.36873	       0.0121065
              46	        0.453132	        0.370564	       0.0119816
              47	        0.420756	        0.371632	       0.0117742
              48	        0.438658	        0.373029	       0.0116114
              49	        0.451483	         0.37463	       0.0114843
              50	        0.434821	        0.375834	       0.0113175
              51	        0.347085	         0.37527	       0.0111096
              52	        0.372201	        0.375211	       0.0108961
              53	        0.362277	        0.374967	       0.0106933
              54	        0.312318	        0.373807	        0.010558
              55	        0.456356	        0.375308	       0.0104722
              56	        0.456796	        0.376763	       0.0103858
              57	        0.202609	        0.373707	       0.0106435
              58	        0.399735	        0.374156	       0.0104695
              59	        0.541105	        0.376986	       0.0106675
              60	        0.569677	        0.380197	       0.0109625
              61	        0.498344	        0.382134	       0.0109526
              62	        0.512464	        0.384236	       0.0109758
              63	         0.24158	        0.381972	       0.0110327
              64	        0.283463	        0.380433	       0.0109671
              65	        0.581999	        0.383534	       0.0112283
              66	        0.484973	        0.385071	       0.0111628
              67	        0.354567	        0.384615	       0.0110055
              68	        0.534786	        0.386824	        0.011063
              69	        0.373401	        0.386629	       0.0109044
              70	        0.424853	        0.387175	       0.0107623
              71	        0.445085	        0.387991	       0.0106416
              72	        0.318002	        0.387019	       0.0105381
              73	        0.336413	        0.386326	       0.0104165
              74	        0.321114	        0.385444	       0.0103129
              75	        0.276005	        0.383985	       0.0102781
              76	        0.440136	        0.384724	       0.0101694
              77	        0.357682	        0.384373	       0.0100434
              78	        0.390933	        0.384457	        0.009915
              79	        0.434215	        0.385087	      0.00980948
              80	        0.344954	        0.384585	      0.00969968
              81	        0.304686	        0.383599	      0.00962996
              82	        0.457624	        0.384501	      0.00955474
              83	        0.410229	        0.384811	      0.00944465
              84	        0.427849	        0.385324	       0.0093461
              85	        0.374851	        0.385201	      0.00923696
              86	         0.46992	        0.386186	      0.00918193
              87	        0.333296	        0.385578	      0.00909649
              88	        0.364844	        0.385342	      0.00899617
              89	        0.274768	          0.3841	      0.00898047
              90	        0.235104	        0.382444	        0.009032
              91	         0.35795	        0.382175	      0.00893675
              92	        0.449343	        0.382905	      0.00886939
              93	        0.351714	         0.38257	      0.00878036
              94	        0.351103	        0.382235	      0.00869333
              95	        0.473198	        0.383193	      0.00865439
              96	        0.421142	        0.383588	      0.00857326
              97	         0.26386	        0.382354	      0.00857327
              98	        0.369931	        0.382227	      0.00848673
              99	        0.345816	        0.381859	      0.00840897
             100	         0.36442	        0.381685	      0.00832668
             101	        0.325086	        0.381124	      0.00826308
             102	         0.37967	         0.38111	      0.00818208
             103	        0.393636	        0.381232	      0.00810355
             104	        0.348972	        0.380921	      0.00803156
             105	        0.246307	        0.379639	      0.00805674
             106	        0.419535	        0.380016	      0.00798952
             107	        0.448838	        0.380659	       0.0079407
             108	        0.373748	        0.380595	      0.00786744
             109	        0.421214	        0.380968	      0.00780408
             110	         0.32953	          0.3805	      0.00774713
             111	        0.330727	        0.380052	       0.0076903
             112	        0.351025	        0.379792	        0.007626
             113	        0.211241	        0.378301	      0.00770301
             114	        0.392548	        0.378426	      0.00763645
             115	        0.382144	        0.378458	      0.00757012
             116	        0.441637	        0.379003	      0.00752442
             117	        0.497861	        0.380019	      0.00752838
             118	         0.35858	        0.379837	      0.00746677
             119	        0.418511	        0.380162	      0.00741109
             120	        0.440368	        0.380664	       0.0073663
             121	         0.40854	        0.380894	      0.00730902
             122	        0.291599	        0.380162	      0.00728567
             123	        0.426855	        0.380542	      0.00723632
             124	        0.468781	        0.381253	      0.00721286
             125	        0.389199	        0.381317	      0.00715544
             126	        0.431788	        0.381717	      0.00710985
             127	        0.522917	        0.382829	      0.00714027
             128	        0.368848	         0.38272	      0.00708532
             129	        0.239334	        0.381609	      0.00711705
             130	        0.322178	        0.381151	      0.00707697
             131	         0.53849	        0.382352	      0.00712414
             132	         0.40852	        0.382551	      0.00707292
             133	        0.308948	        0.381997	      0.00704136
             134	        0.354772	        0.381794	      0.00699174
             135	        0.298855	         0.38118	      0.00696689
             136	        0.293891	        0.380538	      0.00694517
             137	        0.366704	        0.380437	      0.00689521
             138	        0.423515	        0.380749	       0.0068523
             139	        0.385454	        0.380783	      0.00680309
             140	        0.309043	         0.38027	      0.00677377
             141	        0.281588	        0.379571	      0.00676179
             142	         0.46228	        0.380153	      0.00673921
             143	        0.350532	        0.379946	      0.00669526
             144	        0.452746	        0.380451	      0.00666783
             145	        0.344343	        0.380202	      0.00662649
             146	        0.373551	        0.380157	      0.00658126
             147	          0.4151	        0.380395	      0.00654078
             148	        0.489976	        0.381135	      0.00653836
             149	        0.428554	        0.381453	      0.00650222
             150	        0.344437	        0.381207	      0.00646355
             151	        0.375481	        0.381169	      0.00642086
             152	         0.35955	        0.381026	      0.00638019
             153	        0.370231	        0.380956	      0.00633888
             154	        0.382612	        0.380967	      0.00629773
             155	        0.474238	        0.381568	      0.00628578
             156	         0.55209	        0.382661	      0.00633982
             157	        0.355334	        0.382487	      0.00630183
             158	        0.317691	        0.382077	      0.00627527
             159	         0.38227	        0.382078	      0.00623581
             160	        0.394991	        0.382159	      0.00619735
             161	        0.366327	        0.382061	      0.00615964
             162	        0.431827	        0.382368	      0.00612927
             163	         0.34844	         0.38216	       0.0060952
             164	        0.491071	        0.382824	      0.00609411
             165	         0.32139	        0.382452	      0.00606854
             166	        0.375032	        0.382407	      0.00603215
             167	        0.287907	        0.381841	      0.00602251
             168	        0.258276	        0.381106	       0.0060314
             169	        0.452447	        0.381528	      0.00601047
             170	        0.425208	        0.381785	       0.0059806
             171	          0.3132	        0.381384	      0.00595906
             172	         0.30571	        0.380944	      0.00594064
             173	        0.470593	        0.381462	      0.00592886
             174	        0.382266	        0.381466	      0.00589479
             175	        0.279204	        0.380882	      0.00588999
             176	        0.314164	        0.380503	      0.00586871
             177	        0.317419	        0.380147	      0.00584637
             178	        0.227946	        0.379292	      0.00587572
             179	        0.342039	        0.379083	      0.00584658
             180	        0.339206	        0.378862	      0.00581829
             181	         0.35078	        0.378707	      0.00578822
             182	         0.29804	        0.378263	      0.00577336
             183	        0.247348	        0.377548	      0.00578596
             184	        0.326787	        0.377272	      0.00576109
             185	        0.502024	        0.377947	      0.00576928
             186	        0.409701	        0.378117	      0.00574079
             187	        0.282222	        0.377604	      0.00573295
             188	        0.373638	        0.377583	      0.00570249
             189	        0.346025	        0.377416	      0.00567476
             190	        0.380178	        0.377431	      0.00564491
             191	        0.277699	        0.376909	      0.00563946
             192	        0.390642	         0.37698	      0.00561054
             193	        0.367744	        0.376932	      0.00558167
             194	        0.220967	        0.376129	       0.0056105
             195	        0.351591	        0.376003	      0.00558314
             196	        0.323367	        0.375734	      0.00556111
             197	         0.38656	        0.375789	      0.00553315
             198	        0.408653	        0.375955	      0.00550769
             199	        0.402586	        0.376089	      0.00548164
             200	        0.392703	        0.376172	      0.00545486
