#     BLOCK:   ACTUAL_TE:    TE_AVE:      ERROR:
           1	   -0.828687	   -0.828687	           0
           2	   -0.823681	   -0.826184	  0.00177003
           3	   -0.839445	   -0.830604	  0.00379714
           4	   -0.831081	   -0.830723	  0.00284972
           5	   -0.822754	   -0.829129	  0.00268886
           6	   -0.839161	   -0.830801	  0.00271112
           7	   -0.816882	   -0.828813	  0.00296464
           8	    -0.82402	   -0.828214	  0.00265391
           9	   -0.821934	   -0.827516	  0.00244903
          10	   -0.812067	   -0.825971	  0.00264692
          11	    -0.83447	   -0.826744	  0.00251654
          12	   -0.828071	   -0.826854	  0.00230925
          13	   -0.827462	   -0.826901	  0.00213209
          14	   -0.818083	   -0.826271	  0.00207075
          15	   -0.828982	   -0.826452	  0.00194056
          16	   -0.843111	   -0.827493	  0.00207993
          17	   -0.833953	   -0.827873	  0.00199199
          18	   -0.811579	   -0.826968	  0.00207684
          19	   -0.838458	   -0.827573	  0.00205369
          20	     -0.8324	   -0.827814	  0.00196513
          21	   -0.851205	   -0.828928	  0.00216432
          22	   -0.817469	   -0.828407	   0.0021277
          23	   -0.817256	   -0.827922	   0.0020897
          24	   -0.850882	   -0.828879	  0.00221079
          25	   -0.841858	   -0.829398	  0.00218247
          26	   -0.834371	   -0.829589	   0.0021069
          27	   -0.835918	   -0.829824	  0.00204186
          28	   -0.847065	   -0.830439	  0.00205969
          29	   -0.814766	   -0.829899	  0.00205835
          30	   -0.827581	   -0.829822	  0.00199119
          31	   -0.821178	   -0.829543	  0.00194638
          32	   -0.841786	   -0.829926	  0.00192279
          33	   -0.822996	   -0.829716	  0.00187595
          34	   -0.821801	   -0.829483	  0.00183516
          35	   -0.868178	   -0.830588	  0.00208937
          36	   -0.852876	   -0.831207	  0.00212108
          37	   -0.826606	   -0.831083	  0.00206739
          38	   -0.832922	   -0.831131	  0.00201355
          39	   -0.833502	   -0.831192	  0.00196284
          40	   -0.821741	   -0.830956	  0.00192794
          41	    -0.83163	   -0.830972	  0.00188099
          42	   -0.844476	   -0.831294	  0.00186348
          43	   -0.836042	   -0.831404	  0.00182341
          44	   -0.831561	   -0.831408	  0.00178197
          45	   -0.846843	   -0.831751	  0.00177508
          46	   -0.818778	   -0.831469	  0.00175875
          47	   -0.824334	   -0.831317	  0.00172787
          48	   -0.834024	   -0.831373	  0.00169279
          49	   -0.812177	   -0.830982	  0.00170297
          50	   -0.834329	   -0.831049	  0.00167023
          51	   -0.843509	   -0.831293	  0.00165525
          52	   -0.825059	   -0.831173	  0.00162776
          53	     -0.8226	   -0.831011	  0.00160506
          54	   -0.860449	   -0.831556	  0.00166534
          55	   -0.824728	   -0.831432	  0.00163968
          56	   -0.828267	   -0.831376	  0.00161138
          57	   -0.840502	   -0.831536	  0.00159104
          58	   -0.818909	   -0.831318	  0.00157844
          59	   -0.843674	   -0.831528	  0.00156551
          60	   -0.830982	   -0.831518	  0.00153945
          61	   -0.816398	   -0.831271	  0.00153403
          62	   -0.839494	   -0.831403	  0.00151502
          63	   -0.826786	    -0.83133	  0.00149274
          64	   -0.829355	   -0.831299	  0.00146973
          65	   -0.824842	     -0.8312	  0.00145048
          66	    -0.83962	   -0.831327	   0.0014341
          67	   -0.837606	   -0.831421	  0.00141575
          68	   -0.837392	   -0.831509	  0.00139765
          69	   -0.837476	   -0.831595	  0.00138007
          70	   -0.834606	   -0.831638	  0.00136102
          71	   -0.835486	   -0.831693	  0.00134293
          72	   -0.843815	   -0.831861	  0.00133479
          73	   -0.812982	   -0.831602	  0.00134133
          74	   -0.853674	   -0.831901	  0.00135596
          75	   -0.841514	   -0.832029	  0.00134392
          76	   -0.826529	   -0.831956	  0.00132819
          77	   -0.833234	   -0.831973	  0.00131104
          78	   -0.835759	   -0.832021	  0.00129513
          79	   -0.826709	   -0.831954	  0.00128048
          80	   -0.843734	   -0.832101	  0.00127291
          81	   -0.830569	   -0.832083	  0.00125734
          82	   -0.816417	   -0.831892	  0.00125644
          83	   -0.826507	   -0.831827	  0.00124297
          84	   -0.834443	   -0.831858	  0.00122856
          85	   -0.840906	   -0.831964	  0.00121871
          86	    -0.82987	    -0.83194	  0.00120479
          87	   -0.826657	   -0.831879	  0.00119247
          88	   -0.839335	   -0.831964	  0.00118192
          89	   -0.820621	   -0.831836	  0.00117549
          90	   -0.822962	   -0.831738	  0.00116656
          91	   -0.833758	    -0.83176	  0.00115395
          92	   -0.836415	   -0.831811	  0.00114252
          93	   -0.832658	    -0.83182	  0.00113027
          94	     -0.8207	   -0.831701	  0.00112442
          95	   -0.844118	   -0.831832	  0.00112015
          96	   -0.827295	   -0.831785	  0.00110948
          97	   -0.845736	   -0.831929	  0.00110733
          98	   -0.825294	   -0.831861	   0.0010981
          99	   -0.827847	    -0.83182	  0.00108775
         100	    -0.82496	   -0.831752	  0.00107904
