#     BLOCK:   ACTUAL_CV:    CV_AVE:      ERROR:
           1	     0.43932	     0.43932	           0
           2	     0.45861	    0.448965	  0.00681998
           3	    0.515966	    0.471299	   0.0187937
           4	    0.289222	     0.42578	    0.041865
           5	    0.432667	    0.427157	   0.0335147
           6	    0.447951	    0.430623	   0.0281075
           7	    0.516105	    0.442835	   0.0266131
           8	    0.382642	     0.43531	   0.0243268
           9	     0.62487	    0.456373	   0.0293584
          10	    0.484107	    0.459146	   0.0265532
          11	    0.435114	    0.456961	    0.024229
          12	    0.356039	    0.448551	   0.0236245
          13	    0.439625	    0.447865	   0.0218172
          14	     0.36313	    0.441812	   0.0210817
          15	    0.430047	    0.441028	   0.0196908
          16	    0.316747	     0.43326	   0.0199334
          17	    0.424204	    0.432728	    0.018768
          18	    0.411642	    0.431556	   0.0177618
          19	    0.518295	    0.436121	   0.0174038
          20	     0.37869	     0.43325	   0.0167688
          21	    0.533169	    0.438008	   0.0166317
          22	    0.286549	    0.431123	   0.0172418
          23	    0.435157	    0.431299	    0.016493
          24	    0.425477	    0.431056	   0.0158076
          25	    0.522239	    0.434703	   0.0155904
          26	     0.37895	    0.432559	   0.0151375
          27	    0.564463	    0.437444	    0.015345
          28	     0.34331	    0.434083	   0.0151607
          29	    0.557962	    0.438354	   0.0152279
          30	     0.41472	    0.437566	   0.0147406
          31	    0.366247	    0.435266	   0.0144435
          32	    0.294754	    0.430875	   0.0146444
          33	    0.296575	    0.426805	   0.0147553
          34	    0.292829	    0.422865	   0.0148382
          35	    0.263806	     0.41832	   0.0150941
          36	    0.364239	    0.416818	   0.0147494
          37	    0.552729	    0.420491	   0.0148011
          38	    0.480178	    0.422062	   0.0144947
          39	    0.352149	    0.420269	   0.0142335
          40	    0.426172	    0.420417	   0.0138784
          41	    0.541643	    0.423373	   0.0138513
          42	    0.469257	    0.424466	   0.0135645
          43	    0.407734	    0.424077	   0.0132546
          44	    0.230804	    0.419684	   0.0136619
          45	    0.299795	     0.41702	   0.0136156
          46	    0.373752	    0.416079	    0.013352
          47	    0.336061	    0.414377	    0.013176
          48	    0.278754	    0.411551	    0.013201
          49	    0.355127	      0.4104	   0.0129817
          50	    0.411984	    0.410432	   0.0127221
          51	     0.40516	    0.410328	   0.0124731
          52	    0.435262	    0.410808	   0.0122424
          53	    0.354086	    0.409738	   0.0120581
          54	    0.432673	    0.410162	   0.0118423
          55	    0.436174	    0.410635	   0.0116364
          56	    0.421436	    0.410828	   0.0114302
          57	     0.47697	    0.411988	   0.0112885
          58	    0.384439	    0.411513	   0.0111038
          59	    0.596202	    0.414644	   0.0113483
          60	    0.333042	    0.413284	   0.0112403
          61	    0.334354	     0.41199	   0.0111303
          62	    0.535541	    0.413983	   0.0111277
          63	    0.390002	    0.413602	   0.0109576
          64	    0.596604	    0.416461	   0.0111533
          65	    0.364821	    0.415667	   0.0110099
          66	    0.358405	    0.414799	   0.0108772
          67	    0.327764	      0.4135	   0.0107922
          68	     0.44908	    0.414023	   0.0106462
          69	    0.441944	    0.414428	   0.0104995
          70	    0.365374	    0.413727	   0.0103729
          71	    0.519103	    0.415212	   0.0103325
          72	    0.525926	    0.416749	   0.0103027
          73	    0.416523	    0.416746	   0.0101616
          74	    0.339464	    0.415702	   0.0100778
          75	    0.346732	    0.414782	   0.0099853
          76	    0.474544	    0.415568	  0.00988483
          77	    0.439072	    0.415874	  0.00976117
          78	    0.429377	    0.416047	  0.00963756
          79	     0.43386	    0.416272	   0.0095182
          80	    0.441809	    0.416592	  0.00940457
          81	     0.28677	    0.414989	  0.00942405
          82	    0.488361	    0.415884	   0.0093515
          83	    0.473004	    0.416572	  0.00926412
          84	    0.376672	    0.416097	  0.00916601
          85	    0.227155	    0.413874	  0.00932381
          86	    0.345945	    0.413084	  0.00924879
          87	    0.355884	    0.412427	  0.00916582
          88	    0.429705	    0.412623	  0.00906376
          89	    0.441696	     0.41295	  0.00896781
          90	     0.44048	    0.413256	  0.00887338
          91	    0.523998	    0.414472	  0.00885893
          92	    0.352063	    0.413794	  0.00878857
          93	    0.421724	    0.413879	  0.00869448
          94	    0.222147	     0.41184	    0.008838
          95	    0.236071	    0.409989	  0.00893654
          96	    0.327895	    0.409134	  0.00888427
          97	    0.531075	    0.410391	  0.00888118
          98	    0.481774	     0.41112	  0.00882037
          99	    0.472434	    0.411739	  0.00875299
         100	     0.54348	    0.413057	  0.00876404
