#     BLOCK:   ACTUAL_TE:    TE_AVE:      ERROR:
               1	        -0.33056	        -0.33056	               0
               2	        -0.33104	         -0.3308	     0.000169706
               3	           -0.33	       -0.330533	     0.000245372
               4	           -0.34	         -0.3329	      0.00205784
               5	        -0.33144	       -0.332608	      0.00166686
               6	        -0.33944	       -0.333747	      0.00173491
               7	        -0.33616	       -0.334091	      0.00152094
               8	        -0.33888	        -0.33469	      0.00144381
               9	        -0.32752	       -0.333893	      0.00148702
              10	         -0.3476	       -0.335264	        0.001866
              11	          -0.342	       -0.335876	      0.00179403
              12	        -0.33656	       -0.335933	      0.00164543
              13	        -0.33456	       -0.335828	      0.00152225
              14	         -0.3308	       -0.335469	      0.00145526
              15	        -0.32968	       -0.335083	      0.00140848
              16	        -0.33304	       -0.334955	      0.00132623
              17	        -0.33448	       -0.334927	      0.00124851
              18	        -0.33544	       -0.334956	      0.00117947
              19	        -0.33512	       -0.334964	      0.00111742
              20	        -0.34072	       -0.335252	      0.00109799
              21	         -0.3392	        -0.33544	      0.00106168
              22	        -0.33888	       -0.335596	      0.00102487
              23	        -0.32952	       -0.335332	      0.00101379
              24	         -0.3296	       -0.335093	     0.000999285
              25	        -0.33648	       -0.335149	     0.000960852
              26	        -0.33472	       -0.335132	     0.000924037
              27	        -0.34184	       -0.335381	     0.000922606
              28	        -0.32808	        -0.33512	     0.000925767
              29	        -0.32888	       -0.334905	      0.00091851
              30	        -0.32776	       -0.334667	      0.00091825
              31	        -0.33512	       -0.334681	     0.000888746
              32	        -0.33256	       -0.334615	     0.000863441
              33	        -0.33136	       -0.334516	     0.000842891
              34	        -0.33456	       -0.334518	     0.000818101
              35	        -0.32592	       -0.334272	     0.000830788
              36	        -0.33216	       -0.334213	      0.00080978
              37	        -0.32936	       -0.334082	     0.000798447
              38	        -0.33664	       -0.334149	     0.000780267
              39	        -0.33064	       -0.334059	     0.000765432
              40	        -0.33088	        -0.33398	     0.000750412
              41	        -0.32776	       -0.333828	     0.000747287
              42	        -0.33696	       -0.333903	     0.000733205
              43	        -0.32552	       -0.333708	     0.000741618
              44	        -0.33344	       -0.333702	     0.000724788
              45	        -0.33248	       -0.333675	      0.00070919
              46	        -0.32496	       -0.333485	     0.000718632
              47	         -0.3376	       -0.333573	     0.000708655
              48	        -0.33712	       -0.333647	     0.000697734
              49	        -0.32688	       -0.333509	     0.000697026
              50	         -0.3268	       -0.333374	     0.000695879
              51	        -0.33928	        -0.33349	     0.000691802
              52	        -0.33968	       -0.333609	     0.000688663
              53	        -0.34256	       -0.333778	     0.000696069
              54	        -0.34936	       -0.334067	     0.000740577
              55	         -0.3376	       -0.334131	     0.000729893
              56	        -0.33488	       -0.334144	     0.000716982
              57	        -0.33552	       -0.334168	     0.000704809
              58	           -0.33	       -0.334097	     0.000696312
              59	        -0.33656	       -0.334138	     0.000685761
              60	         -0.3288	       -0.334049	     0.000680079
              61	         -0.3308	       -0.333996	     0.000671013
              62	        -0.33672	        -0.33404	     0.000661627
              63	        -0.33088	        -0.33399	     0.000653023
              64	        -0.34064	       -0.334094	     0.000651034
              65	        -0.33608	       -0.334124	     0.000641735
              66	        -0.32936	       -0.334052	     0.000636059
              67	        -0.34344	       -0.334192	     0.000641813
              68	        -0.33984	       -0.334275	     0.000637726
              69	        -0.33968	       -0.334354	     0.000633276
              70	         -0.3344	       -0.334354	     0.000624229
              71	        -0.32504	       -0.334223	     0.000629071
              72	         -0.3312	       -0.334181	     0.000621734
              73	        -0.33896	       -0.334247	     0.000616654
              74	        -0.34144	       -0.334344	     0.000615935
              75	        -0.33648	       -0.334372	     0.000608381
              76	        -0.32888	         -0.3343	     0.000604653
              77	         -0.3296	       -0.334239	     0.000599873
              78	        -0.33656	       -0.334269	      0.00059292
              79	         -0.3408	       -0.334351	      0.00059115
              80	        -0.33032	       -0.334301	     0.000585905
              81	          -0.336	       -0.334322	     0.000579047
              82	        -0.32816	       -0.334247	     0.000576841
              83	        -0.32704	        -0.33416	     0.000576389
              84	         -0.3316	        -0.33413	     0.000570332
              85	         -0.3316	         -0.3341	     0.000564398
              86	        -0.33792	       -0.334144	     0.000559581
              87	        -0.33504	       -0.334154	     0.000553244
              88	        -0.33496	       -0.334164	     0.000547032
              89	        -0.33272	       -0.334147	     0.000541126
              90	        -0.34208	       -0.334236	     0.000542245
              91	        -0.33856	       -0.334283	     0.000538364
              92	        -0.33104	       -0.334248	     0.000533665
              93	        -0.33872	       -0.334296	     0.000530089
              94	        -0.33232	       -0.334275	     0.000524866
              95	        -0.32848	       -0.334214	     0.000522874
              96	        -0.33408	       -0.334212	     0.000517429
              97	        -0.33536	       -0.334224	      0.00051223
              98	          -0.328	       -0.334161	     0.000510926
              99	        -0.33584	       -0.334178	     0.000506046
             100	         -0.3348	       -0.334184	     0.000501024
             101	        -0.33864	       -0.334228	     0.000498002
             102	        -0.32512	       -0.334139	     0.000501062
             103	        -0.33024	       -0.334101	     0.000497625
             104	        -0.33984	       -0.334156	      0.00049589
             105	        -0.33064	       -0.334123	     0.000492297
             106	        -0.33176	         -0.3341	     0.000488157
             107	        -0.33008	       -0.334063	     0.000485038
             108	         -0.3352	       -0.334073	     0.000480662
             109	        -0.34328	       -0.334158	     0.000483616
             110	         -0.3368	       -0.334182	     0.000479816
             111	        -0.33536	       -0.334192	     0.000475611
             112	        -0.32968	       -0.334152	     0.000473067
             113	        -0.33832	       -0.334189	     0.000470317
             114	        -0.34016	       -0.334241	     0.000469099
             115	        -0.32928	       -0.334198	     0.000466999
             116	        -0.34344	       -0.334278	      0.00046972
             117	         -0.3344	       -0.334279	     0.000465706
             118	        -0.34168	       -0.334342	     0.000465964
             119	        -0.33416	        -0.33434	     0.000462051
             120	        -0.32912	       -0.334297	     0.000460244
             121	        -0.33488	       -0.334301	     0.000456465
             122	        -0.33672	       -0.334321	     0.000453154
             123	        -0.33328	       -0.334313	     0.000449549
             124	        -0.33984	       -0.334357	     0.000448128
             125	        -0.34264	       -0.334424	     0.000449415
             126	         -0.3316	       -0.334401	     0.000446407
             127	        -0.33328	       -0.334392	     0.000442979
             128	        -0.33112	       -0.334367	     0.000440255
             129	        -0.33296	       -0.334356	     0.000436977
             130	        -0.33488	        -0.33436	     0.000433635
             131	        -0.33712	       -0.334381	     0.000430836
             132	        -0.33704	       -0.334401	     0.000428043
             133	         -0.3312	       -0.334377	     0.000425501
             134	         -0.3444	       -0.334452	     0.000428849
             135	        -0.33144	        -0.33443	     0.000426252
             136	        -0.33384	       -0.334425	      0.00042314
             137	        -0.33096	         -0.3344	     0.000420807
             138	        -0.33264	       -0.334387	     0.000417951
             139	        -0.33496	       -0.334391	     0.000414964
             140	        -0.33816	       -0.334418	     0.000412872
             141	        -0.33856	       -0.334448	     0.000410988
             142	        -0.33896	       -0.334479	      0.00040932
             143	        -0.32984	       -0.334447	     0.000407741
             144	        -0.33416	       -0.334445	     0.000404915
             145	        -0.33448	       -0.334445	     0.000402122
             146	        -0.33848	       -0.334473	     0.000400317
             147	        -0.32928	       -0.334438	     0.000399149
             148	        -0.33384	       -0.334434	     0.000396472
             149	         -0.3388	       -0.334463	     0.000394893
             150	        -0.33144	       -0.334443	     0.000392774
             151	        -0.32944	        -0.33441	     0.000391568
             152	         -0.3408	       -0.334452	     0.000391242
             153	        -0.33712	       -0.334469	     0.000389074
             154	        -0.33432	       -0.334468	     0.000386549
             155	        -0.33712	       -0.334485	     0.000384433
             156	          -0.334	       -0.334482	     0.000381981
             157	        -0.33624	       -0.334493	     0.000379712
             158	        -0.32632	       -0.334442	     0.000380817
             159	        -0.33192	       -0.334426	     0.000378752
             160	        -0.34416	       -0.334486	     0.000381239
             161	        -0.33704	       -0.334502	     0.000379201
             162	        -0.34128	       -0.334544	     0.000379161
             163	         -0.3268	       -0.334497	       0.0003798
             164	        -0.33576	       -0.334504	     0.000377562
             165	        -0.33472	       -0.334506	     0.000375276
             166	        -0.33656	       -0.334518	      0.00037322
             167	        -0.33328	       -0.334511	     0.000371059
             168	        -0.33544	       -0.334516	     0.000368891
             169	        -0.32632	       -0.334468	     0.000369883
             170	        -0.32688	       -0.334423	      0.00037039
             171	        -0.32888	       -0.334391	      0.00036964
             172	        -0.33792	       -0.334411	      0.00036806
             173	        -0.34368	       -0.334465	     0.000369811
             174	        -0.32552	       -0.334413	     0.000371242
             175	        -0.32736	       -0.334373	     0.000371302
             176	        -0.33816	       -0.334395	     0.000369815
             177	         -0.3348	       -0.334397	     0.000367733
             178	        -0.33472	       -0.334399	     0.000365671
             179	        -0.34248	       -0.334444	     0.000366405
             180	        -0.33584	       -0.334452	     0.000364451
             181	        -0.33344	       -0.334446	     0.000362481
             182	         -0.3392	       -0.334472	     0.000361429
             183	         -0.3408	       -0.334507	     0.000361104
             184	         -0.3268	       -0.334465	     0.000361563
             185	        -0.33672	       -0.334477	     0.000359814
             186	        -0.32744	       -0.334439	     0.000359863
             187	        -0.33296	       -0.334431	     0.000358025
             188	        -0.33392	       -0.334429	     0.000356131
             189	        -0.32808	       -0.334395	     0.000355827
             190	        -0.33176	       -0.334381	     0.000354225
             191	        -0.34184	        -0.33442	     0.000354516
             192	        -0.33672	       -0.334432	     0.000352872
             193	        -0.33248	       -0.334422	     0.000351189
             194	        -0.33336	       -0.334416	     0.000349421
             195	         -0.3248	       -0.334367	     0.000351092
             196	          -0.328	       -0.334335	       0.0003508
             197	        -0.33592	       -0.334343	     0.000349112
             198	        -0.32248	       -0.334283	     0.000352452
             199	        -0.33608	       -0.334292	     0.000350797
             200	         -0.3292	       -0.334266	     0.000349966
