#     BLOCK:   ACTUAL_M:     M_AVE:       ERROR:
               1	        0.009292	        0.009292	               0
               2	        0.006912	        0.008102	     0.000841457
               3	       -0.003268	        0.004312	      0.00314496
               4	        0.044768	        0.014426	      0.00907101
               5	        0.064556	        0.024452	       0.0115359
               6	       -0.009476	       0.0187973	       0.0109115
               7	       -0.031568	       0.0116023	       0.0114825
               8	       -0.064788	       0.0020535	       0.0134435
               9	        -0.02844	     -0.00133467	       0.0123694
              10	       -0.085628	       -0.009764	       0.0137069
              11	        0.030892	       -0.006068	       0.0129495
              12	       -0.038356	     -0.00875867	       0.0121467
              13	        0.000564	     -0.00804154	       0.0112335
              14	       -0.059596	       -0.011724	       0.0110182
              15	        0.093372	      -0.0047176	       0.0123114
              16	        0.037932	       -0.002052	        0.011827
              17	       -0.012768	     -0.00268235	        0.011148
              18	       -0.010052	     -0.00309178	       0.0105362
              19	       -0.041124	     -0.00509347	       0.0101701
              20	        0.033928	      -0.0031424	      0.00984693
              21	       -0.072056	       -0.006424	      0.00990977
              22	       -0.018824	     -0.00698764	      0.00947534
              23	        0.023736	     -0.00565183	      0.00915704
              24	        0.041396	      -0.0036915	      0.00898288
              25	        0.006412	     -0.00328736	      0.00863265
              26	       -0.007272	     -0.00344062	      0.00830199
              27	        0.010996	     -0.00290593	       0.0080117
              28	        0.019208	     -0.00211614	       0.0077644
              29	       -0.027392	     -0.00298772	      0.00754543
              30	        0.007656	     -0.00263293	      0.00730225
              31	        -0.01518	     -0.00303768	       0.0070779
              32	         -0.0535	     -0.00461463	      0.00703019
              33	       -0.025792	     -0.00525636	      0.00684638
              34	       -0.035632	     -0.00614976	      0.00670306
              35	        -0.00688	     -0.00617063	      0.00651157
              36	       -0.062696	     -0.00774078	      0.00651725
              37	        0.032408	     -0.00665568	      0.00643081
              38	       -0.088272	     -0.00880347	      0.00661052
              39	        0.012584	     -0.00825508	      0.00646373
              40	       -0.013648	      -0.0083899	      0.00630354
              41	        0.051332	     -0.00693327	      0.00631585
              42	       -0.057412	     -0.00813514	      0.00627879
              43	        0.027008	     -0.00731786	      0.00618574
              44	       -0.062156	     -0.00856418	      0.00616943
              45	          -0.022	     -0.00886276	      0.00603955
              46	        0.047332	     -0.00764113	      0.00603054
              47	        0.049856	     -0.00641779	      0.00602504
              48	        0.042792	     -0.00539258	       0.0059861
              49	        0.067844	     -0.00389796	      0.00604765
              50	        0.029428	     -0.00323144	      0.00596331
              51	       -0.080284	     -0.00474227	      0.00603474
              52	       -0.064344	     -0.00588846	      0.00602655
              53	        0.062716	     -0.00459404	      0.00605026
              54	       -0.003344	     -0.00457089	      0.00593826
              55	          0.0007	     -0.00447505	      0.00583107
              56	        -0.01322	     -0.00463121	      0.00572903
              57	         0.01202	     -0.00433909	      0.00563596
              58	         0.01508	     -0.00400428	      0.00554873
              59	         0.11036	      -0.0020659	      0.00578335
              60	       -0.031672	     -0.00255933	      0.00570798
              61	       -0.047296	     -0.00329272	      0.00566132
              62	       -0.031568	     -0.00374877	      0.00558835
              63	        0.015684	     -0.00344032	      0.00550815
              64	        0.029768	     -0.00292144	      0.00544647
              65	        0.002112	       -0.002844	      0.00536323
              66	        0.029536	     -0.00235339	      0.00530436
              67	       -0.062788	      -0.0032554	      0.00530133
              68	         -0.0315	     -0.00367076	      0.00523962
              69	       -0.067432	     -0.00459484	      0.00524453
              70	        0.030168	     -0.00409823	      0.00519307
              71	        0.044952	     -0.00340738	      0.00516568
              72	       -0.001788	     -0.00338489	      0.00509398
              73	       -0.014156	     -0.00353244	      0.00502634
              74	        -0.03434	     -0.00394876	      0.00497562
              75	       -0.049284	     -0.00455323	      0.00494586
              76	         0.02356	     -0.00418332	       0.0048946
              77	        0.007164	     -0.00403595	      0.00483325
              78	       -0.036552	     -0.00445282	      0.00478923
              79	        0.073712	     -0.00346339	      0.00482973
              80	         0.05936	      -0.0026781	      0.00483278
              81	       -0.079532	     -0.00362691	      0.00486536
              82	        0.055516	     -0.00290566	       0.0048592
              83	       -0.045728	     -0.00342159	      0.00482797
              84	       -0.040432	     -0.00386219	      0.00479055
              85	       -0.021244	     -0.00406668	      0.00473855
              86	        0.044004	     -0.00350772	      0.00471631
              87	         0.01348	     -0.00331246	      0.00466614
              88	        0.063752	     -0.00255036	      0.00467493
              89	        0.021172	     -0.00228382	         0.00463
              90	       -0.043456	     -0.00274129	       0.0046011
              91	       -0.047276	     -0.00323068	      0.00457649
              92	        0.010896	     -0.00307713	      0.00452932
              93	         0.00034	     -0.00304039	      0.00448077
              94	       -0.027368	     -0.00329919	      0.00444057
              95	        0.078508	     -0.00243806	      0.00447654
              96	         0.05682	     -0.00182079	      0.00447227
              97	        0.055272	     -0.00123221	      0.00446472
              98	       -0.010208	      -0.0013238	      0.00442011
              99	       -0.014604	     -0.00145794	      0.00437749
             100	       -0.026232	     -0.00170568	      0.00434072
             101	          0.0509	     -0.00118483	      0.00432888
             102	        0.007404	     -0.00110063	      0.00428726
             103	        0.009768	    -0.000995107	      0.00424693
             104	       -0.000468	    -0.000990038	       0.0042061
             105	       -0.021708	     -0.00118735	      0.00417067
             106	        0.013588	     -0.00104796	      0.00413365
             107	       -0.038012	     -0.00139342	      0.00410943
             108	       -0.006152	     -0.00143748	      0.00407162
             109	       -0.056088	     -0.00193886	      0.00406501
             110	       -0.069148	     -0.00254985	      0.00407372
             111	        0.022576	      -0.0023235	       0.0040433
             112	       -0.050212	     -0.00275107	      0.00402975
             113	       -0.062444	     -0.00327933	      0.00402856
             114	       -0.019216	     -0.00341912	      0.00399565
             115	       -0.009544	     -0.00347238	      0.00396126
             116	         0.02038	     -0.00326676	      0.00393244
             117	       -0.020216	     -0.00341162	       0.0039015
             118	       -0.051392	     -0.00381824	      0.00388957
             119	       -0.047656	     -0.00418662	      0.00387429
             120	        0.013752	     -0.00403713	      0.00384488
             121	       -0.043212	     -0.00436089	      0.00382671
             122	       -0.015896	     -0.00445544	      0.00379652
             123	       -0.023224	     -0.00460803	      0.00376871
             124	        0.035164	     -0.00428729	      0.00375195
             125	        0.004512	      -0.0042169	      0.00372259
             126	       -0.017176	     -0.00431975	      0.00369447
             127	        0.010236	     -0.00420513	      0.00366715
             128	        0.004884	     -0.00413412	      0.00363919
             129	        0.015172	     -0.00398447	      0.00361406
             130	       -0.074684	     -0.00452831	      0.00362694
             131	       -0.001568	     -0.00450571	      0.00359933
             132	       -0.080964	     -0.00508494	      0.00361837
             133	       -0.018928	     -0.00518902	      0.00359266
             134	        0.011424	     -0.00506504	      0.00356799
             135	       -0.006572	     -0.00507621	      0.00354157
             136	       -0.013196	     -0.00513591	      0.00351604
             137	         0.03266	     -0.00486003	      0.00350118
             138	        0.008832	     -0.00476081	      0.00347721
             139	        0.004024	     -0.00469761	      0.00345277
             140	         0.00068	      -0.0046592	      0.00342832
             141	        0.033412	     -0.00438919	      0.00341462
             142	        0.026524	     -0.00417149	      0.00339751
             143	        0.009168	     -0.00407821	      0.00337503
             144	        0.000612	     -0.00404564	      0.00335175
             145	        -0.02178	     -0.00416794	      0.00333087
             146	        -0.04062	     -0.00441762	       0.0033174
             147	        -0.01996	     -0.00452335	      0.00329651
             148	       -0.004464	     -0.00452295	      0.00327424
             149	       -0.004828	     -0.00452499	      0.00325226
             150	        0.020456	     -0.00435845	      0.00323484
             151	        0.033868	      -0.0041053	      0.00322331
             152	       -0.002548	     -0.00409505	      0.00320212
             153	       -0.048632	     -0.00438614	       0.0031944
             154	         -0.0358	     -0.00459013	      0.00318016
             155	        0.055564	     -0.00420204	      0.00318324
             156	       -0.110412	     -0.00488287	      0.00323482
             157	        0.012164	     -0.00477429	      0.00321604
             158	       -0.059688	     -0.00512185	      0.00321441
             159	        0.087168	     -0.00454141	      0.00324617
             160	       -0.020188	      -0.0046392	      0.00322736
             161	       -0.050848	     -0.00492621	      0.00322005
             162	       -0.047932	     -0.00519168	       0.0032111
             163	        0.013348	     -0.00507794	      0.00319341
             164	       -0.022996	      -0.0051872	      0.00317581
             165	       -0.081144	     -0.00564754	      0.00318975
             166	       -0.036164	     -0.00583137	      0.00317583
             167	        0.009944	     -0.00573691	      0.00315822
             168	       -0.048572	     -0.00599188	      0.00314969
             169	        -0.00514	     -0.00598684	      0.00313106
             170	        -0.03008	     -0.00612856	      0.00311585
             171	       -0.029652	     -0.00626613	      0.00310066
             172	          0.0753	     -0.00579191	      0.00311869
             173	        0.008772	     -0.00570772	       0.0031018
             174	       -0.000224	     -0.00567621	      0.00308413
             175	       -0.024932	     -0.00578624	      0.00306847
             176	        0.002388	      -0.0057398	      0.00305138
             177	       -0.000112	       -0.005708	      0.00303431
             178	        0.082728	     -0.00521117	      0.00305767
             179	         0.06806	     -0.00480183	      0.00306786
             180	        0.015204	     -0.00469069	      0.00305283
             181	        0.002488	     -0.00465103	      0.00303622
             182	        0.061288	     -0.00428873	      0.00304108
             183	        -0.00806	     -0.00430933	      0.00302453
             184	        0.018932	     -0.00418302	      0.00301073
             185	       -0.024892	     -0.00429496	      0.00299654
             186	        0.010232	     -0.00421686	      0.00298144
             187	        0.021408	     -0.00407983	      0.00296865
             188	        0.037752	     -0.00385732	      0.00296118
             189	       -0.014676	     -0.00391456	      0.00294607
             190	        0.040296	     -0.00368187	      0.00293974
             191	       -0.036784	     -0.00385518	      0.00292945
             192	        0.008528	     -0.00379069	       0.0029149
             193	        0.034896	     -0.00359024	      0.00290669
             194	        0.055328	     -0.00328654	      0.00290753
             195	        0.036324	     -0.00308341	       0.0028997
             196	         0.00604	     -0.00303686	      0.00288528
             197	       -0.007528	     -0.00305965	      0.00287073
             198	        0.051968	     -0.00278174	      0.00286965
             199	        -0.03622	     -0.00294977	      0.00286014
             200	       -0.087184	     -0.00337094	      0.00287668
             201	        0.031452	     -0.00319769	      0.00286759
             202	       -0.007672	     -0.00321984	      0.00285347
             203	       -0.035064	     -0.00337671	      0.00284373
             204	       -0.022832	     -0.00347208	      0.00283139
             205	       -0.026384	     -0.00358384	      0.00281978
             206	        0.010352	     -0.00351619	       0.0028069
             207	       -0.018332	     -0.00358777	      0.00279425
             208	        0.029204	     -0.00343012	      0.00278526
             209	        0.025276	     -0.00329277	      0.00277532
             210	        0.043732	     -0.00306884	      0.00277113
             211	        0.009636	     -0.00300863	      0.00275865
             212	         0.00028	     -0.00299311	      0.00274568
             213	       -0.027736	     -0.00310928	      0.00273524
             214	       -0.029824	     -0.00323411	      0.00272531
             215	        -0.01364	     -0.00328251	      0.00271306
             216	        0.047524	      -0.0030473	      0.00271068
             217	        0.016956	     -0.00295512	      0.00269975
             218	       -0.023148	     -0.00304774	      0.00268896
             219	       -0.070728	     -0.00335679	      0.00269438
             220	        0.044872	     -0.00313756	      0.00269104
             221	        -0.07082	     -0.00344382	      0.00269623
             222	        0.017344	     -0.00335018	      0.00268571
             223	       -0.005792	     -0.00336113	      0.00267369
             224	         0.03776	     -0.00317755	      0.00266805
             225	        0.028196	     -0.00303812	      0.00265983
             226	         0.04522	     -0.00282458	      0.00265662
             227	        0.017988	      -0.0027329	       0.0026465
             228	        0.015412	     -0.00265332	      0.00263609
             229	       -0.005956	     -0.00266774	      0.00262462
             230	        -0.00302	     -0.00266927	      0.00261321
             231	       -0.014104	     -0.00271877	      0.00260236
             232	        -0.00786	     -0.00274093	      0.00259124
             233	       -0.004092	     -0.00274673	      0.00258012
             234	        0.029624	     -0.00260839	       0.0025728
             235	        0.029404	     -0.00247217	      0.00256546
             236	        0.062072	     -0.00219868	      0.00256913
             237	        0.055992	     -0.00195315	      0.00256999
             238	        -0.02546	     -0.00205192	      0.00256109
             239	        0.014216	     -0.00198385	      0.00255128
             240	        0.027068	      -0.0018628	      0.00254352
             241	          0.0299	       -0.001731	      0.00253638
             242	       -0.054336	     -0.00194838	      0.00253519
             243	       -0.016112	     -0.00200667	      0.00252543
             244	       -0.011664	     -0.00204625	      0.00251539
             245	        0.094776	     -0.00165105	      0.00253598
             246	        0.007632	     -0.00161332	      0.00252595
             247	       -0.012168	     -0.00165605	      0.00251608
             248	       -0.013212	     -0.00170265	      0.00250637
             249	       -0.029144	     -0.00181285	      0.00249873
             250	        0.038884	     -0.00165006	      0.00249403
             251	       -0.027412	      -0.0017527	       0.0024862
             252	        0.031436	       -0.001621	      0.00247982
             253	         0.06102	     -0.00137341	      0.00248235
             254	       -0.012796	     -0.00141838	      0.00247299
             255	        0.015828	     -0.00135075	      0.00246421
             256	       -0.002644	      -0.0013558	      0.00245459
             257	       -0.062156	     -0.00159237	      0.00245641
             258	       -0.043692	     -0.00175555	      0.00245231
             259	       -0.027548	     -0.00185514	      0.00244486
             260	        0.013024	     -0.00179791	      0.00243613
             261	       -0.082736	     -0.00210802	      0.00244645
             262	         -0.0427	     -0.00226295	      0.00244201
             263	         0.05292	     -0.00205313	      0.00244173
             264	        0.039612	      -0.0018953	      0.00243757
             265	         0.08348	     -0.00157313	      0.00244957
             266	           0.011	     -0.00152586	      0.00244082
             267	        0.004288	     -0.00150409	      0.00243177
             268	       -0.010916	     -0.00153921	      0.00242295
             269	        0.007332	     -0.00150623	      0.00241417
             270	        -0.00938	     -0.00153539	      0.00240541
             271	          0.0254	       -0.001436	      0.00239858
             272	        0.072936	     -0.00116257	       0.0024053
             273	        0.132784	    -0.000671927	      0.00244602
             274	        -0.02482	    -0.000760058	      0.00243868
             275	          0.0411	     -0.00060784	      0.00243456
             276	        0.068516	    -0.000357391	      0.00243858
             277	        0.050476	    -0.000173877	      0.00243668
             278	        -0.00038	    -0.000174619	      0.00242791
             279	        -0.03286	    -0.000291771	      0.00242203
             280	       -0.014132	      -0.0003412	      0.00241389
             281	        0.044308	    -0.000182306	      0.00241052
             282	       -0.062032	    -0.000401631	      0.00241193
             283	        0.031664	    -0.000288325	      0.00240607
             284	       -0.010456	    -0.000324127	      0.00239786
             285	        -0.06668	    -0.000556954	      0.00240073
             286	          0.1222	    -0.000127734	       0.0024304
             287	        0.020136	    -5.71289e-05	      0.00242296
             288	        -0.04684	    -0.000219569	      0.00241998
             289	       -0.035352	    -0.000341135	      0.00241466
             290	       -0.029968	    -0.000443297	      0.00240849
             291	       -0.027344	    -0.000535739	      0.00240199
             292	        0.040188	    -0.000396274	      0.00239781
             293	        0.073652	    -0.000143549	      0.00240291
             294	        0.019964	    -7.51565e-05	      0.00239571
             295	       -0.012244	    -0.000116407	      0.00238794
             296	        0.017636	    -5.64324e-05	      0.00238063
             297	          -0.038	    -0.000184189	      0.00237604
             298	       -0.026836	    -0.000273624	      0.00236975
             299	       -0.008312	    -0.000300508	      0.00236197
             300	       -0.003752	    -0.000312013	      0.00235413
             301	         0.02576	    -0.000225395	       0.0023479
             302	       -0.013872	    -0.000270583	      0.00234056
             303	       -0.037928	    -0.000394865	      0.00233613
             304	        0.027464	    -0.000303224	      0.00233024
             305	       -0.009592	    -0.000333679	       0.0023228
             306	       -0.017984	    -0.000391359	      0.00231593
             307	        0.003612	    -0.000378319	      0.00230842
             308	        -0.00254	    -0.000385338	      0.00230094
             309	       -0.079352	    -0.000640893	      0.00230764
             310	       -0.094856	    -0.000944813	      0.00232012
             311	         -0.0631	     -0.00114467	      0.00232125
             312	       -0.033616	     -0.00124874	      0.00231615
             313	        0.020956	      -0.0011778	      0.00230983
             314	       -0.043948	     -0.00131401	      0.00230649
             315	       -0.049992	     -0.00146855	      0.00230434
             316	        0.015828	     -0.00141381	       0.0022977
             317	        0.009248	     -0.00138018	      0.00229069
             318	       -0.005424	     -0.00139289	      0.00228353
             319	       -0.035332	     -0.00149929	      0.00227884
             320	        0.017924	     -0.00143859	      0.00227253
             321	        0.019696	     -0.00137275	       0.0022664
             322	       -0.006632	     -0.00138908	      0.00225942
             323	        0.037348	     -0.00126915	      0.00225561
             324	        -0.01758	     -0.00131949	      0.00224921
             325	        0.021156	     -0.00125034	      0.00224335
             326	       -0.073488	     -0.00147193	      0.00224739
             327	       -0.061408	     -0.00165522	      0.00224798
             328	        0.052364	     -0.00149052	      0.00224715
             329	       -0.017224	     -0.00153835	      0.00224083
             330	        0.016424	     -0.00148392	       0.0022347
             331	       -0.010704	     -0.00151177	      0.00222812
             332	       -0.023368	      -0.0015776	      0.00222238
             333	        0.010872	     -0.00154022	      0.00221602
             334	       -0.048144	     -0.00167975	      0.00221378
             335	        0.015048	     -0.00162981	      0.00220773
             336	        -0.00878	      -0.0016511	      0.00220126
             337	           0.063	     -0.00145925	      0.00220307
             338	       -0.030836	     -0.00154617	      0.00219827
             339	       -0.038004	     -0.00165371	      0.00219441
             340	       -0.029344	     -0.00173515	      0.00218947
             341	        0.005192	     -0.00171484	      0.00218314
             342	        0.032984	     -0.00161338	      0.00217912
             343	       -0.050204	     -0.00175504	      0.00217736
             344	       -0.050624	      -0.0018971	      0.00217566
             345	        0.011556	     -0.00185811	      0.00216971
             346	        -0.02218	     -0.00191684	      0.00216423
             347	       -0.069704	      -0.0021122	      0.00216679
             348	        0.002224	     -0.00209974	       0.0021606
             349	       -0.060944	     -0.00226834	      0.00216098
             350	         0.04008	     -0.00214735	      0.00215819
             351	         0.00682	      -0.0021218	      0.00215219
             352	       -0.045596	     -0.00224531	      0.00214962
             353	       -0.030488	     -0.00232531	      0.00214502
             354	       -0.001308	     -0.00232244	      0.00213896
             355	         0.01136	      -0.0022839	      0.00213328
             356	       -0.076768	     -0.00249312	      0.00213753
             357	       -0.041912	     -0.00260354	      0.00213439
             358	        0.068568	     -0.00240474	      0.00213767
             359	       -0.009636	     -0.00242488	      0.00213181
             360	        0.019244	     -0.00236469	      0.00212673
             361	         0.04606	     -0.00223055	      0.00212507
             362	        0.050412	     -0.00208513	      0.00212417
             363	       -0.034476	     -0.00217436	      0.00212019
             364	        0.029608	     -0.00208704	      0.00211616
             365	       -0.003316	     -0.00209041	      0.00211037
             366	       -0.040808	      -0.0021962	      0.00210725
             367	        0.025636	     -0.00212036	      0.00210287
             368	        0.029948	     -0.00203322	      0.00209896
             369	        0.088296	     -0.00178842	       0.0021075
             370	        0.044328	     -0.00166378	      0.00210549
             371	       -0.025292	     -0.00172747	      0.00210078
             372	       -0.022544	     -0.00178343	      0.00209587
             373	        0.011924	     -0.00174668	      0.00209058
             374	       -0.034352	     -0.00183386	       0.0020868
             375	        0.030024	     -0.00174891	      0.00208297
             376	        -0.03868	     -0.00184713	      0.00207974
             377	        0.060236	     -0.00168245	      0.00208074
             378	       -0.049544	     -0.00180907	      0.00207908
             379	        0.044644	      -0.0016865	       0.0020772
             380	       -0.026968	     -0.00175303	       0.0020728
             381	         0.04264	     -0.00163651	      0.00207063
             382	       -0.002772	     -0.00163949	      0.00206522
             383	        0.076484	     -0.00143551	      0.00206987
             384	        0.024588	     -0.00136774	      0.00206559
             385	       -0.030912	     -0.00144448	      0.00206165
             386	        0.030952	     -0.00136055	      0.00205802
             387	        0.088224	     -0.00112906	      0.00206568
             388	       -0.084032	     -0.00134273	      0.00207137
             389	       -0.030288	     -0.00141714	      0.00206739
             390	        -0.06488	     -0.00157987	      0.00206848
             391	        -0.03072	     -0.00165439	      0.00206453
             392	        0.073512	     -0.00146264	      0.00206815
             393	       -0.003744	     -0.00146845	       0.0020629
             394	        -0.02098	     -0.00151797	      0.00205825
             395	       -0.014872	     -0.00155178	      0.00205332
             396	          0.0607	     -0.00139458	      0.00205414
             397	       -0.007316	     -0.00140949	      0.00204902
             398	        0.013812	     -0.00137125	      0.00204423
             399	        0.003872	     -0.00135811	      0.00203915
             400	         0.03978	     -0.00125526	      0.00203665
             401	        -0.02104	      -0.0013046	      0.00203216
             402	       -0.031576	      -0.0013799	       0.0020285
             403	       -0.091368	      -0.0016032	      0.00203572
             404	       -0.060928	     -0.00175004	      0.00203597
             405	        0.005716	      -0.0017316	      0.00203103
             406	       -0.078652	     -0.00192106	      0.00203485
             407	       -0.010908	     -0.00194314	      0.00202997
             408	        0.025348	     -0.00187625	      0.00202609
             409	        0.038876	     -0.00177662	      0.00202359
             410	       -0.041496	     -0.00187349	      0.00202097
             411	       -0.060688	     -0.00201659	      0.00202111
             412	        0.019684	     -0.00196392	      0.00201689
             413	        0.039456	     -0.00186363	       0.0020145
             414	        0.000636	     -0.00185759	      0.00200964
             415	        -0.04134	     -0.00195273	      0.00200705
             416	       -0.046268	     -0.00205926	      0.00200505
             417	       -0.063316	     -0.00220616	      0.00200562
             418	        -0.04042	     -0.00229758	       0.0020029
             419	        0.003892	     -0.00228281	      0.00199818
             420	        0.045956	     -0.00216795	      0.00199672
             421	         0.00422	     -0.00215278	      0.00199203
             422	        0.086544	      -0.0019426	      0.00199837
             423	       -0.023956	     -0.00199464	      0.00199432
             424	       -0.009284	     -0.00201183	      0.00198969
             425	        0.018924	     -0.00196257	      0.00198562
             426	        0.043336	     -0.00185623	      0.00198381
             427	        0.002412	     -0.00184624	      0.00197918
             428	       -0.002608	     -0.00184802	      0.00197456
             429	         0.06976	      -0.0016811	        0.001977
             430	       -0.035312	     -0.00175931	      0.00197395
             431	       -0.004016	     -0.00176455	      0.00196938
             432	        0.025396	     -0.00170168	      0.00196582
             433	        0.002756	     -0.00169138	      0.00196131
             434	        0.001188	     -0.00168475	       0.0019568
             435	       -0.036472	     -0.00176472	      0.00195394
             436	       -0.028068	     -0.00182505	      0.00195038
             437	       -0.027592	     -0.00188401	      0.00194681
             438	       -0.060828	     -0.00201858	      0.00194701
             439	        0.058028	      -0.0018818	      0.00194738
             440	       -0.006076	     -0.00189134	      0.00194297
             441	        0.129016	     -0.00159449	      0.00196111
             442	       -0.089168	     -0.00179262	      0.00196666
             443	       -0.021632	     -0.00183741	      0.00196273
             444	        0.013776	     -0.00180224	      0.00195862
             445	        0.038752	     -0.00171111	      0.00195634
             446	        0.014104	     -0.00167565	      0.00195228
             447	        0.003908	     -0.00166316	      0.00194795
             448	        0.004632	     -0.00164911	      0.00194365
             449	        0.037948	     -0.00156092	      0.00194132
             450	        0.007472	     -0.00154084	      0.00193711
             451	       -0.010308	     -0.00156028	      0.00193291
             452	        0.038416	     -0.00147184	      0.00193066
             453	        -0.01272	     -0.00149667	      0.00192656
             454	       -0.004376	     -0.00150301	      0.00192233
             455	         0.07442	     -0.00133615	      0.00192533
             456	        0.018224	     -0.00129325	      0.00192158
             457	       -0.021264	     -0.00133695	      0.00191788
             458	         0.05568	     -0.00121246	      0.00191773
             459	       -0.018516	     -0.00125016	      0.00191392
             460	        -0.05616	     -0.00136953	      0.00191348
             461	        0.025168	     -0.00131197	      0.00191019
             462	         0.04018	     -0.00122216	      0.00190817
             463	         0.03354	     -0.00114708	      0.00190552
             464	         0.05022	     -0.00103637	      0.00190463
             465	        0.025672	    -0.000978933	       0.0019014
             466	        -0.03202	     -0.00104555	      0.00189848
             467	       -0.025164	     -0.00109719	      0.00189512
             468	        0.017272	     -0.00105794	      0.00189148
             469	        -0.01072	     -0.00107854	      0.00188756
             470	        0.093672	    -0.000876945	      0.00189428
             471	       -0.051304	    -0.000984008	      0.00189328
             472	         0.06858	    -0.000836627	      0.00189499
             473	        0.006792	    -0.000820499	      0.00189106
             474	        -0.04992	    -0.000924084	       0.0018899
             475	       -0.034932	     -0.00099568	      0.00188728
             476	        0.057004	    -0.000873832	      0.00188724
             477	        0.017236	    -0.000835866	      0.00188367
             478	        0.051728	      -0.0007259	      0.00188293
             479	       -0.014444	    -0.000754539	      0.00187922
             480	        0.036584	     -0.00067675	      0.00187692
             481	       -0.000272	    -0.000675909	      0.00187301
             482	        0.027852	    -0.000616722	      0.00187006
             483	         0.01584	     -0.00058265	       0.0018665
             484	        0.013724	    -0.000553091	      0.00186288
             485	       -0.008932	    -0.000570367	      0.00185912
             486	        -0.01656	    -0.000603267	      0.00185558
             487	         0.00764	    -0.000586341	      0.00185185
             488	         0.02598	    -0.000531902	      0.00184886
             489	        0.019608	    -0.000490716	      0.00184553
             490	       -0.003228	    -0.000496302	      0.00184178
             491	        0.010432	    -0.000474045	      0.00183816
             492	         0.04184	    -0.000388041	      0.00183643
             493	         0.00272	    -0.000381736	      0.00183272
             494	       -0.019512	    -0.000420462	      0.00182942
             495	        0.028316	    -0.000362408	      0.00182664
             496	       -0.005864	      -0.0003735	        0.001823
             497	       -0.001476	    -0.000375718	      0.00181933
             498	         0.04578	    -0.000283036	      0.00181803
             499	        0.038176	    -0.000205964	      0.00181602
             500	       -0.001596	    -0.000208744	      0.00181239
