#     BLOCK:   ACTUAL_CV:    CV_AVE:      ERROR:
               1	        0.117271	        0.117271	               0
               2	        0.263433	        0.190352	       0.0516762
               3	        0.158269	        0.179658	       0.0355402
               4	        0.126304	        0.166319	       0.0290505
               5	        0.222612	        0.177578	       0.0253283
               6	        0.264178	        0.192011	       0.0248818
               7	        0.160243	        0.187473	       0.0217372
               8	        0.259017	        0.196416	       0.0207784
               9	        0.269279	        0.204512	       0.0199848
              10	        0.202181	        0.204279	       0.0179876
              11	       0.0756532	        0.192586	       0.0197915
              12	        0.217999	        0.194703	       0.0182551
              13	        0.317013	        0.204112	       0.0191223
              14	        0.234385	        0.206274	       0.0178783
              15	         0.36726	        0.217007	       0.0196454
              16	        0.242259	        0.218585	       0.0184808
              17	        0.131585	        0.213467	       0.0180884
              18	        0.145917	        0.209714	       0.0174685
              19	        0.166142	        0.207421	       0.0166989
              20	        0.194807	         0.20679	       0.0158759
              21	        0.182944	        0.205655	       0.0151605
              22	        0.193559	        0.205105	       0.0144813
              23	        0.205737	        0.205133	       0.0138517
              24	        0.155399	         0.20306	       0.0134287
              25	        0.193703	        0.202686	       0.0128967
              26	        0.303212	        0.206552	       0.0129673
              27	        0.213499	         0.20681	       0.0124896
              28	        0.201378	        0.206616	       0.0120451
              29	        0.206717	        0.206619	       0.0116297
              30	       0.0648059	        0.201892	       0.0121649
              31	        0.166815	        0.200761	        0.011825
              32	        0.197882	        0.200671	       0.0114558
              33	        0.101094	        0.197653	       0.0114992
              34	       0.0908446	        0.194512	       0.0115821
              35	        0.123779	        0.192491	       0.0114262
              36	        0.119349	        0.190459	        0.011288
              37	        0.240846	        0.191821	       0.0110647
              38	         0.11141	        0.189705	        0.010974
              39	        0.115996	        0.187815	       0.0108542
              40	        0.198029	         0.18807	       0.0105858
              41	        0.137846	        0.186845	       0.0103983
              42	       0.0879841	        0.184491	       0.0104137
              43	        0.132017	        0.183271	       0.0102428
              44	        0.200415	        0.183661	       0.0100174
              45	        0.177707	        0.183528	      0.00979565
              46	         0.16115	        0.183042	      0.00959477
              47	       0.0956038	        0.181181	      0.00956929
              48	        0.279817	        0.183236	      0.00958803
              49	        0.341859	        0.186474	       0.0099238
              50	       0.0941925	        0.184628	      0.00989546
              51	        0.279674	        0.186492	      0.00987537
              52	        0.153666	         0.18586	      0.00970561
              53	        0.186228	        0.185867	      0.00952249
              54	        0.232734	        0.186735	      0.00938561
              55	        0.198565	         0.18695	      0.00921743
              56	        0.177784	        0.186787	      0.00905429
              57	        0.204185	        0.187092	      0.00890058
              58	          0.2638	        0.188414	      0.00884484
              59	        0.128696	        0.187402	      0.00875265
              60	        0.173177	        0.187165	      0.00860998
              61	        0.309411	        0.189169	      0.00869894
              62	        0.265796	        0.190405	      0.00864598
              63	        0.127055	          0.1894	      0.00856702
              64	        0.106861	         0.18811	      0.00852968
              65	        0.175361	        0.187914	      0.00840071
              66	        0.167311	        0.187602	      0.00827922
              67	        0.150862	        0.187053	      0.00817379
              68	        0.139066	        0.186348	        0.008084
              69	        0.130471	        0.185538	      0.00800729
              70	        0.203368	        0.185792	      0.00789695
              71	        0.123328	        0.184913	      0.00783458
              72	        0.221204	        0.185417	      0.00774197
              73	       0.0960031	        0.184192	       0.0077322
              74	        0.192271	        0.184301	      0.00762848
              75	       0.0829235	        0.182949	      0.00764558
              76	        0.237543	        0.183668	      0.00757865
              77	         0.26749	        0.184756	      0.00755801
              78	        0.208715	        0.185063	      0.00746735
              79	        0.236246	        0.185711	      0.00740088
              80	        0.245697	        0.186461	      0.00734625
              81	       0.0764462	        0.185103	      0.00738005
              82	        0.181205	        0.185055	       0.0072902
              83	        0.206885	        0.185318	      0.00720711
              84	        0.145586	        0.184845	      0.00713681
              85	        0.183804	        0.184833	      0.00705286
              86	       0.0782119	        0.183593	      0.00707898
              87	        0.137698	        0.183066	      0.00701724
              88	        0.100442	        0.182127	      0.00700003
              89	        0.188313	        0.182196	      0.00692172
              90	        0.125343	        0.181565	      0.00687358
              91	         0.14804	        0.181196	      0.00680791
              92	        0.207687	        0.181484	         0.00674
              93	        0.275676	        0.182497	       0.0067432
              94	        0.227703	        0.182978	      0.00668859
              95	       0.0879184	        0.181977	      0.00669261
              96	        0.117659	        0.181307	      0.00665635
              97	        0.232636	        0.181837	      0.00660872
              98	        0.212909	        0.182154	      0.00654889
              99	        0.203773	        0.182372	      0.00648638
             100	        0.263985	        0.183188	      0.00647266
             101	        0.196152	        0.183316	      0.00640984
             102	        0.164349	        0.183131	       0.0063497
             103	        0.194714	        0.183243	      0.00628905
             104	        0.174131	        0.183155	      0.00622918
             105	         0.11845	        0.182539	      0.00620027
             106	        0.240422	        0.183085	      0.00616577
             107	         0.33995	        0.184551	      0.00628002
             108	        0.150931	         0.18424	      0.00622958
             109	        0.188323	        0.184277	      0.00617254
             110	        0.164177	        0.184095	      0.00611913
             111	          0.1481	         0.18377	      0.00607259
             112	        0.124243	        0.183239	      0.00604158
             113	       0.0882187	        0.182398	      0.00604635
             114	         0.22247	        0.182749	      0.00600353
             115	        0.130616	        0.182296	      0.00596841
             116	         0.14048	        0.181936	      0.00592784
             117	        0.198086	        0.182074	      0.00587878
             118	        0.155234	        0.181846	      0.00583336
             119	        0.178427	        0.181818	      0.00578441
             120	        0.119161	        0.181295	      0.00575972
             121	        0.215556	        0.181579	      0.00571908
             122	        0.116095	        0.181042	      0.00569733
             123	        0.103861	        0.180414	      0.00568546
             124	        0.166041	        0.180298	      0.00564079
             125	        0.254388	        0.180891	      0.00562672
             126	        0.129063	         0.18048	      0.00559708
             127	       0.0813585	        0.179699	      0.00560716
             128	        0.253895	        0.180279	      0.00559323
             129	        0.094295	        0.179612	      0.00558945
             130	        0.224693	        0.179959	       0.0055572
             131	        0.124828	        0.179538	      0.00553069
             132	        0.112269	        0.179029	      0.00551222
             133	       0.0670214	        0.178187	      0.00553474
             134	        0.166802	        0.178102	      0.00549408
             135	        0.115641	        0.177639	      0.00547283
             136	       0.0962857	        0.177041	      0.00546519
             137	        0.133591	        0.176724	      0.00543449
             138	        0.136413	        0.176431	      0.00540295
             139	        0.156375	        0.176287	      0.00536601
             140	        0.113761	        0.175841	      0.00534623
             141	        0.121632	        0.175456	      0.00532212
             142	       0.0586005	        0.174633	      0.00534789
             143	        0.156815	        0.174509	      0.00531194
             144	        0.282724	         0.17526	      0.00532794
             145	        0.204866	        0.175464	      0.00529511
             146	        0.106716	        0.174993	      0.00527974
             147	        0.189483	        0.175092	      0.00524474
             148	         0.27028	        0.175735	      0.00524859
             149	        0.181491	        0.175774	      0.00521351
             150	         0.10585	        0.175308	      0.00519955
             151	        0.265336	        0.175904	      0.00519919
             152	        0.126388	        0.175578	      0.00517518
             153	        0.245522	        0.176035	       0.0051615
             154	        0.194689	        0.176156	      0.00512941
             155	        0.152436	        0.176003	       0.0050986
             156	        0.212315	        0.176236	      0.00507123
             157	       0.0966731	        0.175729	      0.00506418
             158	         0.15559	        0.175602	      0.00503373
             159	        0.323501	        0.176532	      0.00508729
             160	        0.134188	        0.176267	      0.00506238
             161	       0.0924084	        0.175746	      0.00505766
             162	        0.188779	        0.175827	      0.00502708
             163	        0.358793	        0.176949	      0.00512002
             164	        0.157893	        0.176833	      0.00509012
             165	       0.0844145	        0.176273	         0.00509
             166	        0.148206	        0.176104	      0.00506214
             167	        0.222406	        0.176381	      0.00503942
             168	        0.206968	        0.176563	      0.00501271
             169	        0.160847	         0.17647	      0.00498391
             170	        0.168381	        0.176423	      0.00495482
             171	        0.229711	        0.176734	      0.00493563
             172	         0.10247	        0.176303	      0.00492579
             173	        0.182819	         0.17634	      0.00489746
             174	        0.153957	        0.176212	        0.004871
             175	        0.162404	        0.176133	      0.00484381
             176	        0.281635	        0.176732	      0.00485324
             177	        0.184265	        0.176775	        0.004826
             178	        0.121441	        0.176464	      0.00480889
             179	        0.104468	        0.176062	      0.00479882
             180	        0.193443	        0.176158	      0.00477313
             181	        0.162309	        0.176082	      0.00474737
             182	        0.115256	        0.175748	      0.00473304
             183	       0.0940039	        0.175301	       0.0047282
             184	        0.047011	        0.174604	      0.00475364
             185	        0.124898	        0.174335	      0.00473553
             186	        0.139016	        0.174145	      0.00471387
             187	        0.298527	         0.17481	      0.00473536
             188	        0.221271	        0.175057	      0.00471662
             189	        0.166005	        0.175009	       0.0046919
             190	       0.0785595	        0.174502	      0.00469459
             191	        0.124267	        0.174239	      0.00467737
             192	        0.192889	        0.174336	      0.00465402
             193	        0.101431	        0.173958	      0.00464521
             194	        0.200931	        0.174097	      0.00462335
             195	        0.217269	        0.174319	      0.00460493
             196	        0.101797	        0.173949	      0.00459628
             197	         0.20089	        0.174085	      0.00457498
             198	       0.0993276	        0.173708	      0.00456743
             199	       0.0995864	        0.173335	      0.00455964
             200	        0.221271	        0.173575	      0.00454314
             201	        0.127963	        0.173348	       0.0045262
             202	         0.25754	        0.173765	      0.00452294
             203	        0.225122	        0.174018	      0.00450773
             204	         0.10574	        0.173683	      0.00449804
             205	       0.0896173	        0.173273	      0.00449475
             206	        0.282054	        0.173801	      0.00450385
             207	        0.193363	        0.173896	      0.00448308
             208	        0.122486	        0.173648	      0.00446834
             209	        0.129873	        0.173439	      0.00445186
             210	         0.19197	        0.173527	      0.00443154
             211	        0.162952	        0.173477	      0.00441082
             212	        0.194581	        0.173577	      0.00439114
             213	        0.143457	        0.173435	       0.0043728
             214	        0.102321	        0.173103	      0.00436497
             215	        0.173962	        0.173107	      0.00434467
             216	        0.160406	        0.173048	      0.00432496
             217	        0.321454	        0.173732	      0.00435876
             218	        0.159669	        0.173668	      0.00433924
             219	         0.26886	        0.174102	      0.00434115
             220	        0.235276	         0.17438	      0.00433031
             221	         0.16368	        0.174332	      0.00431099
             222	        0.156202	         0.17425	      0.00429234
             223	        0.254119	        0.174608	      0.00428801
             224	        0.174513	        0.174608	      0.00426887
             225	        0.157765	        0.174533	      0.00425055
             226	        0.264891	        0.174933	       0.0042505
             227	        0.121923	        0.174699	      0.00423819
             228	        0.118146	        0.174451	      0.00422685
             229	         0.10866	        0.174164	      0.00421815
             230	        0.141021	         0.17402	      0.00420227
             231	        0.180328	        0.174047	      0.00418417
             232	        0.174189	        0.174048	      0.00416613
             233	       0.0916976	        0.173694	      0.00416321
             234	        0.207727	         0.17384	      0.00414796
             235	        0.212982	        0.174006	      0.00413365
             236	        0.252607	        0.174339	      0.00412953
             237	        0.239179	        0.174613	      0.00412116
             238	        0.193697	        0.174693	      0.00410463
             239	        0.116943	        0.174452	      0.00409456
             240	       0.0653485	        0.173997	      0.00410266
             241	        0.164175	        0.173956	      0.00408584
             242	        0.349562	        0.174682	      0.00413289
             243	         0.17044	        0.174664	      0.00411592
             244	         0.17059	        0.174648	      0.00409908
             245	          0.3204	        0.175243	      0.00412529
             246	        0.271772	        0.175635	      0.00412714
             247	        0.141656	        0.175497	      0.00411273
             248	          0.1547	        0.175414	        0.004097
             249	        0.221515	        0.175599	      0.00408473
             250	        0.110966	         0.17534	      0.00407656
             251	        0.165652	        0.175302	       0.0040605
             252	        0.233075	        0.175531	      0.00405086
             253	       0.0835213	        0.175167	      0.00405114
             254	        0.194234	        0.175242	      0.00403588
             255	         0.13237	        0.175074	      0.00402356
             256	       0.0859844	        0.174726	      0.00402286
             257	        0.171708	        0.174714	      0.00400723
             258	        0.170738	        0.174699	      0.00399172
             259	        0.259469	        0.175026	      0.00398971
             260	         0.16362	        0.174982	       0.0039746
             261	        0.210075	        0.175117	      0.00396165
             262	        0.219918	        0.175288	      0.00395022
             263	       0.0943458	         0.17498	      0.00394717
             264	        0.140754	         0.17485	      0.00393434
             265	        0.298229	        0.175316	      0.00394695
             266	        0.192326	         0.17538	      0.00393263
             267	        0.130599	        0.175212	      0.00392147
             268	        0.149736	        0.175117	      0.00390799
             269	       0.0748121	        0.174744	      0.00391121
             270	        0.188409	        0.174795	      0.00389706
             271	        0.195012	         0.17487	      0.00388339
             272	        0.265196	        0.175202	      0.00388329
             273	        0.151981	        0.175117	      0.00386999
             274	        0.231883	        0.175324	      0.00386141
             275	        0.187169	        0.175367	      0.00384761
             276	        0.245548	        0.175621	      0.00384206
             277	        0.218323	        0.175775	      0.00383128
             278	        0.154492	        0.175699	      0.00381827
             279	        0.230061	        0.175894	      0.00380955
             280	        0.151016	        0.175805	      0.00379698
             281	        0.211251	        0.175931	      0.00378556
             282	       0.0997044	        0.175661	      0.00378178
             283	        0.223952	        0.175831	      0.00377226
             284	        0.184601	        0.175862	       0.0037591
             285	         0.13296	        0.175712	      0.00374893
             286	        0.189769	        0.175761	      0.00373614
             287	        0.241263	        0.175989	      0.00373009
             288	       0.0956442	         0.17571	      0.00372755
             289	        0.102471	        0.175456	      0.00372326
             290	        0.275578	        0.175802	      0.00372639
             291	        0.195539	         0.17587	      0.00371421
             292	        0.267622	        0.176184	      0.00371475
             293	        0.256798	        0.176459	      0.00371225
             294	       0.0888988	        0.176161	      0.00371155
             295	        0.231549	        0.176349	      0.00370372
             296	        0.225281	        0.176514	      0.00369489
             297	        0.152331	        0.176433	      0.00368335
             298	        0.238207	         0.17664	      0.00367682
             299	        0.123109	        0.176461	      0.00366887
             300	        0.282931	        0.176816	      0.00367377
             301	        0.101459	        0.176566	      0.00367009
             302	        0.263407	        0.176853	      0.00366918
             303	        0.137359	        0.176723	      0.00365939
             304	        0.200069	          0.1768	      0.00364815
             305	        0.233265	        0.176985	      0.00364089
             306	        0.195007	        0.177044	      0.00362947
             307	        0.225196	          0.1772	      0.00362103
             308	        0.150791	        0.177115	      0.00361029
             309	        0.235528	        0.177304	      0.00360355
             310	        0.238835	        0.177502	      0.00359739
             311	        0.106286	        0.177273	       0.0035931
             312	        0.156324	        0.177206	      0.00358221
             313	        0.158034	        0.177145	      0.00357129
             314	        0.154343	        0.177072	      0.00356066
             315	         0.25325	        0.177314	      0.00355756
             316	       0.0920724	        0.177044	      0.00355651
             317	         0.22373	        0.177192	      0.00354834
             318	        0.182631	        0.177209	      0.00353722
             319	        0.128315	        0.177055	      0.00352945
             320	         0.23136	        0.177225	       0.0035225
             321	         0.13421	        0.177091	      0.00351407
             322	        0.108699	        0.176879	      0.00350957
             323	        0.207988	        0.176975	      0.00350003
             324	        0.121372	        0.176803	      0.00349343
             325	        0.312461	        0.177221	      0.00350753
             326	         0.14823	        0.177132	       0.0034979
             327	        0.201315	        0.177206	      0.00348798
             328	        0.165386	         0.17717	      0.00347754
             329	        0.132582	        0.177034	      0.00346961
             330	        0.190301	        0.177074	      0.00345932
             331	        0.254497	        0.177308	      0.00345677
             332	         0.28303	        0.177627	        0.003461
             333	        0.262212	        0.177881	      0.00345991
             334	        0.158843	        0.177824	      0.00345002
             335	        0.214653	        0.177934	      0.00344147
             336	        0.211868	        0.178035	      0.00343271
             337	        0.124631	        0.177876	      0.00342618
             338	        0.170297	        0.177854	      0.00341612
             339	        0.234618	        0.178021	      0.00341014
             340	        0.228178	        0.178169	       0.0034033
             341	       0.0994307	        0.177938	      0.00340115
             342	        0.169314	        0.177913	       0.0033913
             343	        0.106587	        0.177705	      0.00338778
             344	         0.10684	        0.177499	      0.00338419
             345	        0.272239	        0.177773	       0.0033855
             346	        0.155064	        0.177708	      0.00337635
             347	       0.0998368	        0.177483	      0.00337407
             348	        0.226802	        0.177625	      0.00336735
             349	        0.118452	        0.177456	      0.00336197
             350	       0.0822043	        0.177183	      0.00336336
             351	       0.0929152	        0.176943	      0.00336234
             352	        0.199505	        0.177007	       0.0033534
             353	        0.238842	        0.177183	      0.00334847
             354	        0.249865	        0.177388	       0.0033453
             355	         0.23763	        0.177558	      0.00334018
             356	        0.129913	        0.177424	      0.00333347
             357	        0.204719	          0.1775	      0.00332501
             358	        0.127767	        0.177361	      0.00331862
             359	        0.137543	         0.17725	      0.00331123
             360	        0.252064	        0.177458	      0.00330855
             361	        0.261882	        0.177692	      0.00330764
             362	        0.263495	        0.177929	      0.00330699
             363	       0.0648421	        0.177618	      0.00331252
             364	         0.24269	        0.177796	      0.00330824
             365	        0.311694	        0.178163	      0.00331945
             366	        0.185655	        0.178184	      0.00331044
             367	        0.150915	        0.178109	      0.00330226
             368	        0.131568	        0.177983	       0.0032957
             369	        0.167777	        0.177955	      0.00328689
             370	        0.156226	        0.177896	      0.00327853
             371	        0.182271	        0.177908	      0.00326971
             372	        0.118608	        0.177749	      0.00326481
             373	        0.231118	        0.177892	      0.00325919
             374	        0.250653	        0.178086	      0.00325628
             375	        0.115395	        0.177919	      0.00325188
             376	        0.269865	        0.178164	      0.00325241
             377	        0.308453	        0.178509	       0.0032621
             378	        0.137446	        0.178401	      0.00325528
             379	        0.159757	        0.178352	      0.00324706
             380	        0.144535	        0.178263	      0.00323973
             381	        0.274673	        0.178516	       0.0032411
             382	        0.157702	        0.178461	      0.00323307
             383	        0.142835	        0.178368	      0.00322597
             384	        0.227921	        0.178497	      0.00322014
             385	        0.161807	        0.178454	      0.00321207
             386	         0.17613	        0.178448	      0.00320376
             387	        0.345127	        0.178879	       0.0032243
             388	        0.211565	        0.178963	      0.00321709
             389	        0.300136	        0.179274	      0.00322386
             390	        0.135877	        0.179163	      0.00321752
             391	        0.174015	         0.17915	      0.00320932
             392	        0.125638	        0.179013	      0.00320403
             393	        0.159873	        0.178965	      0.00319625
             394	         0.13768	         0.17886	      0.00318985
             395	        0.202572	         0.17892	      0.00318234
             396	        0.220398	        0.179025	      0.00317603
             397	        0.208289	        0.179098	      0.00316888
             398	        0.171843	         0.17908	      0.00316097
             399	        0.189903	        0.179107	      0.00315317
             400	        0.240561	        0.179261	      0.00314903
             401	        0.246587	        0.179429	      0.00314565
             402	        0.136626	        0.179322	      0.00313962
             403	        0.257061	        0.179515	      0.00313775
             404	        0.177568	         0.17951	      0.00312999
             405	        0.214858	        0.179598	      0.00312348
             406	        0.117353	        0.179444	      0.00311954
             407	        0.235245	        0.179581	      0.00311489
             408	           0.224	         0.17969	      0.00310916
             409	        0.104305	        0.179506	      0.00310701
             410	        0.233503	        0.179638	      0.00310223
             411	        0.166711	        0.179606	      0.00309484
             412	         0.15927	        0.179557	      0.00308772
             413	         0.14915	        0.179483	      0.00308112
             414	        0.195141	        0.179521	      0.00307391
             415	       0.0728637	        0.179264	      0.00307723
             416	        0.185377	        0.179279	      0.00306987
             417	        0.140915	        0.179187	      0.00306388
             418	        0.147546	        0.179111	      0.00305749
             419	        0.175598	        0.179103	       0.0030502
             420	        0.202473	        0.179158	      0.00304345
             421	        0.306169	         0.17946	      0.00305114
             422	        0.228764	        0.179577	      0.00304614
             423	        0.214254	        0.179659	      0.00304004
             424	        0.221217	        0.179757	      0.00303445
             425	        0.200917	        0.179807	      0.00302772
             426	        0.167458	        0.179778	      0.00302075
             427	        0.241694	        0.179923	      0.00301716
             428	        0.262844	        0.180116	      0.00301632
             429	        0.122534	        0.179982	      0.00301227
             430	        0.126252	        0.179857	      0.00300786
             431	        0.082432	        0.179631	      0.00300936
             432	       0.0621116	        0.179359	      0.00301467
             433	        0.188594	         0.17938	      0.00300778
             434	        0.178017	        0.179377	      0.00300085
             435	        0.162222	        0.179338	      0.00299421
             436	        0.213061	        0.179415	      0.00298834
             437	         0.12812	        0.179298	      0.00298381
             438	        0.162883	         0.17926	      0.00297723
             439	          0.2423	        0.179404	      0.00297391
             440	        0.216978	        0.179489	      0.00296838
             441	        0.176084	        0.179482	      0.00296166
             442	        0.177753	        0.179478	      0.00295496
             443	        0.140979	        0.179391	      0.00294957
             444	        0.146905	        0.179318	      0.00294383
             445	         0.09341	        0.179125	      0.00294354
             446	        0.206759	        0.179187	      0.00293759
             447	        0.236703	        0.179315	      0.00293384
             448	       0.0950953	        0.179127	       0.0029333
             449	        0.169843	        0.179107	      0.00292684
             450	        0.107575	        0.178948	      0.00292465
             451	        0.142963	        0.178868	      0.00291926
             452	        0.286486	        0.179106	      0.00292249
             453	        0.372564	        0.179533	      0.00294708
             454	       0.0569801	        0.179263	      0.00295292
             455	        0.171949	        0.179247	      0.00294648
             456	        0.137292	        0.179155	      0.00294145
             457	        0.163601	        0.179121	      0.00293521
             458	        0.121775	        0.178996	      0.00293147
             459	        0.208364	         0.17906	      0.00292578
             460	        0.146822	         0.17899	      0.00292026
             461	        0.209999	        0.179057	       0.0029147
             462	        0.219327	        0.179144	       0.0029097
             463	       0.0892683	         0.17895	      0.00290988
             464	        0.139168	        0.178864	      0.00290487
             465	         0.12408	        0.178746	      0.00290101
             466	        0.123996	        0.178629	      0.00289717
             467	        0.163979	        0.178597	      0.00289113
             468	        0.218704	        0.178683	      0.00288622
             469	        0.141112	        0.178603	      0.00288118
             470	        0.180641	        0.178607	      0.00287506
             471	        0.245948	         0.17875	       0.0028725
             472	        0.172105	        0.178736	      0.00286645
             473	        0.168462	        0.178715	      0.00286047
             474	        0.290466	         0.17895	      0.00286414
             475	        0.159313	        0.178909	      0.00285841
             476	        0.210432	        0.178975	      0.00285317
             477	        0.272456	        0.179171	      0.00285391
             478	        0.115083	        0.179037	      0.00285109
             479	        0.282612	        0.179253	      0.00285332
             480	        0.135918	        0.179163	      0.00284881
             481	        0.255981	        0.179323	      0.00284736
             482	        0.182564	        0.179329	      0.00284146
             483	        0.168689	        0.179307	      0.00283566
             484	        0.200567	        0.179351	      0.00283014
             485	        0.162486	        0.179317	      0.00282452
             486	        0.159743	        0.179276	        0.002819
             487	        0.164227	        0.179245	      0.00281338
             488	        0.130477	        0.179146	      0.00280939
             489	        0.106206	        0.178996	       0.0028076
             490	        0.219459	        0.179079	      0.00280308
             491	        0.223836	         0.17917	      0.00279886
             492	        0.292153	          0.1794	      0.00280257
             493	        0.109997	        0.179259	      0.00280042
             494	        0.142806	        0.179185	      0.00279572
             495	        0.175895	        0.179179	      0.00279008
             496	       0.0855453	         0.17899	      0.00279084
             497	        0.217389	        0.179067	      0.00278629
             498	        0.164536	        0.179038	      0.00278085
             499	        0.290175	        0.179261	      0.00278418
             500	        0.220907	        0.179344	      0.00277986
