#     BLOCK:   ACTUAL_X:     X_AVE:       ERROR:
               1	         12.9649	         12.9649	               0
               2	         11.9401	         12.4525	        0.362308
               3	         14.1986	         13.0345	        0.533087
               4	         10.9094	         12.5032	        0.609539
               5	         10.8497	         12.1725	         0.57033
               6	         13.0522	         12.3191	         0.49376
               7	         12.1801	         12.2993	        0.423622
               8	         16.5718	         12.8333	        0.622068
               9	         11.9443	         12.7346	        0.560738
              10	         12.4815	         12.7093	        0.505235
              11	         10.8044	         12.5361	        0.488081
              12	         15.3234	         12.7684	         0.49963
              13	         17.2197	         13.1108	        0.566506
              14	         12.4919	         13.0666	        0.527764
              15	         13.2164	         13.0766	        0.492674
              16	         15.9456	         13.2559	        0.493436
              17	         13.8454	         13.2906	        0.465628
              18	          14.609	         13.3638	        0.445484
              19	         12.7506	         13.3315	        0.423205
              20	         12.4395	         13.2869	        0.404388
              21	         14.4961	         13.3445	        0.389209
              22	         10.1737	         13.2004	        0.397308
              23	         12.5895	         13.1738	        0.380921
              24	         10.3466	          13.056	        0.382831
              25	          15.366	         13.1484	        0.378504
              26	          12.517	         13.1241	        0.364725
              27	         12.7678	         13.1109	        0.351455
              28	         12.5802	          13.092	        0.339414
              29	         11.5488	         13.0388	        0.331856
              30	         11.1556	          12.976	        0.326676
              31	         11.7293	         12.9358	        0.318604
              32	         15.4277	         13.0137	        0.318022
              33	         14.8949	         13.0707	        0.313453
              34	         8.50362	         12.9363	        0.331769
              35	         14.4562	         12.9798	        0.325119
              36	          16.074	         13.0657	        0.327252
              37	         11.4574	         13.0222	        0.321281
              38	         14.9268	         13.0724	        0.316712
              39	         7.97676	         12.9417	        0.334457
              40	         9.63314	          12.859	        0.336168
              41	         10.5589	         12.8029	        0.332617
              42	         10.1868	         12.7406	        0.330479
              43	            10.4	         12.6862	        0.327245
              44	         12.1421	         12.6738	        0.320041
              45	         17.4068	          12.779	        0.329759
              46	         10.9645	         12.7395	        0.324941
              47	           11.35	           12.71	         0.31937
              48	         10.2013	         12.6577	        0.316964
              49	         12.1509	         12.6474	        0.310664
              50	         8.20752	         12.5586	        0.316887
              51	         15.0319	         12.6071	        0.314362
              52	         8.86629	         12.5351	        0.316441
              53	         11.9868	         12.5248	         0.31064
              54	         12.6695	         12.5275	        0.304898
              55	          15.604	         12.5834	        0.304443
              56	         12.7713	         12.5868	        0.299025
              57	          9.6121	         12.5346	        0.298298
              58	         12.6492	         12.5365	        0.293161
              59	          13.409	         12.5513	        0.288565
              60	         20.5326	         12.6843	        0.312917
              61	         8.19981	         12.6108	        0.316305
              62	         13.4139	         12.6238	        0.311469
              63	         16.2983	         12.6821	        0.311938
              64	         16.3428	         12.7393	        0.312264
              65	         13.9848	         12.7585	        0.308047
              66	         14.4728	         12.7844	        0.304473
              67	         12.1341	         12.7747	        0.300083
              68	         15.6407	         12.8169	        0.298615
              69	         7.07276	         12.7336	        0.305671
              70	         10.1548	         12.6968	        0.303516
              71	         15.6079	         12.7378	        0.301998
              72	         15.3791	         12.7745	        0.300024
              73	         9.02048	         12.7231	        0.300289
              74	         14.6738	         12.7494	        0.297386
              75	         11.3112	         12.7302	        0.294038
              76	          13.552	         12.7411	        0.290368
              77	         10.3138	         12.7095	        0.288303
              78	         17.3355	         12.7688	        0.290643
              79	         11.4353	          12.752	        0.287454
              80	         16.7441	         12.8019	        0.288159
              81	          13.165	         12.8063	        0.284637
              82	         16.2397	         12.8482	        0.284228
              83	         17.3558	         12.9025	        0.285945
              84	         13.7074	         12.9121	        0.282702
              85	         13.0738	          12.914	        0.279382
              86	         15.8023	         12.9476	        0.278145
              87	         11.1969	         12.9275	        0.275675
              88	          11.567	          12.912	        0.272975
              89	         14.0409	         12.9247	        0.270203
              90	         12.8842	         12.9242	        0.267201
              91	         10.1418	         12.8937	        0.266008
              92	         9.17295	         12.8532	        0.266173
              93	         12.0787	         12.8449	        0.263442
              94	         11.2906	         12.8284	        0.261157
              95	         14.0856	         12.8416	        0.258743
              96	         14.5149	          12.859	        0.256635
              97	         13.7933	         12.8687	         0.25417
              98	         13.0519	         12.8705	        0.251583
              99	         10.9934	         12.8516	        0.249755
             100	         13.2954	          12.856	        0.247297
             101	         11.7596	         12.8451	        0.245087
             102	         15.4994	         12.8712	        0.244061
             103	         10.9902	         12.8529	        0.242374
             104	         16.0486	         12.8836	        0.241984
             105	         15.2504	         12.9062	        0.240726
             106	         12.9472	         12.9066	        0.238456
             107	         12.2261	         12.9002	        0.236312
             108	         8.54076	         12.8598	        0.237546
             109	         15.6613	         12.8855	        0.236753
             110	         14.1068	         12.8966	        0.234861
             111	         14.6532	         12.9125	        0.233278
             112	          8.6259	         12.8742	        0.234314
             113	         12.1194	         12.8675	        0.232335
             114	          14.886	         12.8852	        0.230971
             115	         11.5767	         12.8738	        0.229243
             116	         13.1506	         12.8762	        0.227279
             117	         12.6958	         12.8747	        0.225341
             118	         14.8679	         12.8916	        0.224064
             119	         10.9641	         12.8754	        0.222766
             120	         18.5574	         12.9227	        0.225886
             121	         10.6239	         12.9037	        0.224816
             122	          14.078	         12.9134	         0.22318
             123	         13.3633	          12.917	        0.221395
             124	          12.201	         12.9112	        0.219685
             125	         9.65362	         12.8852	        0.219468
             126	         12.8658	          12.885	        0.217726
             127	           7.178	         12.8401	          0.2206
             128	         13.6238	         12.8462	        0.218962
             129	         14.3046	         12.8575	        0.217556
             130	         12.7459	         12.8567	        0.215884
             131	         14.4491	         12.8688	        0.214578
             132	         12.8027	         12.8683	        0.212953
             133	         15.7005	         12.8896	        0.212414
             134	         13.6285	         12.8951	        0.210901
             135	         10.1225	         12.8746	        0.210336
             136	         13.2422	         12.8773	        0.208807
             137	         12.2513	         12.8727	        0.207333
             138	         8.61381	         12.8419	        0.208114
             139	         10.2108	         12.8229	        0.207476
             140	         10.8233	         12.8086	        0.206485
             141	         12.6059	         12.8072	        0.205026
             142	         9.49124	         12.7839	        0.204908
             143	         12.3969	         12.7811	        0.203493
             144	         10.5675	         12.7658	        0.202659
             145	         15.5505	          12.785	        0.202169
             146	         10.7458	          12.771	        0.201267
             147	         10.5579	          12.756	         0.20046
             148	         13.2365	         12.7592	        0.199132
             149	         12.1879	         12.7554	        0.197832
             150	         12.0521	         12.7507	        0.196569
             151	         13.3457	         12.7546	        0.195306
             152	         10.5394	         12.7401	        0.194564
             153	         16.4204	         12.7641	        0.194774
             154	         10.4253	         12.7489	          0.1941
             155	         10.3582	         12.7335	         0.19346
             156	         17.5428	         12.7643	        0.194661
             157	         11.3397	         12.7552	        0.193632
             158	         15.1676	         12.7705	        0.193008
             159	         8.65876	         12.7447	        0.193519
             160	         18.5311	         12.7808	        0.195659
             161	         13.4987	         12.7853	        0.194495
             162	         10.3328	         12.7701	        0.193883
             163	         12.5883	          12.769	        0.192696
             164	         16.3122	         12.7906	        0.192729
             165	          16.744	         12.8146	        0.193044
             166	         14.0585	         12.8221	        0.192027
             167	         14.8646	         12.8343	        0.191266
             168	         11.4491	         12.8261	        0.190305
             169	         8.85733	         12.8026	        0.190622
             170	         15.5067	         12.8185	        0.190164
             171	         11.3788	         12.8101	        0.189238
             172	         11.3653	         12.8017	        0.188324
             173	          13.251	         12.8043	        0.187253
             174	          13.467	         12.8081	        0.186216
             175	         9.34562	         12.7883	          0.1862
             176	         12.2033	          12.785	        0.185172
             177	         13.6932	         12.7901	        0.184196
             178	         8.31914	          12.765	        0.184866
             179	         12.0121	         12.7608	        0.183881
             180	         13.6728	         12.7658	         0.18293
             181	         13.1536	          12.768	        0.181931
             182	          11.593	         12.7615	        0.181046
             183	         14.7959	         12.7726	        0.180398
             184	         12.4348	         12.7708	        0.179427
             185	         10.5635	         12.7589	        0.178853
             186	         15.4577	         12.7734	        0.178479
             187	          12.961	         12.7744	        0.177528
             188	         15.4877	         12.7888	        0.177169
             189	         14.1198	         12.7959	        0.176372
             190	         11.3514	         12.7883	        0.175607
             191	         8.41886	         12.7654	        0.176171
             192	         13.1579	         12.7674	        0.175266
             193	         19.0964	         12.8002	        0.177399
             194	          10.741	         12.7896	        0.176802
             195	         13.5266	         12.7934	        0.175935
             196	         13.7493	         12.7983	        0.175105
             197	         16.5912	         12.8175	        0.175272
             198	         9.93886	          12.803	        0.174989
             199	         8.08429	         12.7793	        0.175708
             200	          12.466	         12.7777	        0.174837
