#     BLOCK:   ACTUAL_M:     M_AVE:       ERROR:
           1	     0.04808	     0.04808	           0
           2	     0.05148	     0.04978	  0.00120208
           3	       0.056	   0.0518533	  0.00187297
           4	     0.08192	     0.05937	  0.00665947
           5	     0.05188	    0.057872	  0.00549347
           6	     0.03592	   0.0542133	  0.00566674
           7	     0.12024	   0.0636457	  0.00999261
           8	     0.04984	     0.06192	   0.0088913
           9	     0.02128	   0.0574044	  0.00897709
          10	     0.02472	    0.054136	  0.00865395
          11	     0.04388	   0.0532036	  0.00791729
          12	     0.07432	   0.0549633	  0.00745051
          13	     0.00536	   0.0511477	  0.00779344
          14	     0.00124	   0.0475829	  0.00801069
          15	     0.04928	    0.047696	  0.00747744
          16	     0.05432	     0.04811	  0.00702155
          17	     0.05052	   0.0482518	  0.00660995
          18	     0.02436	   0.0469244	   0.0063746
          19	      0.0606	   0.0476442	   0.0060796
          20	     0.08588	    0.049556	  0.00606877
          21	     0.06184	    0.050141	   0.0058079
          22	     0.06384	   0.0507636	  0.00557719
          23	     0.00772	   0.0488922	  0.00563996
          24	     0.02372	   0.0478433	  0.00550162
          25	       0.028	   0.0470496	   0.0053385
          26	     0.05896	   0.0475077	  0.00515279
          27	     0.02808	   0.0467881	  0.00501194
          28	     0.06484	   0.0474329	  0.00487423
          29	     0.04864	   0.0474745	  0.00470633
          30	     0.03376	   0.0470173	   0.0045716
          31	     0.06308	   0.0475355	   0.0044534
          32	      0.0166	   0.0465687	  0.00441791
          33	     0.05652	   0.0468703	  0.00429431
          34	     0.00628	   0.0456765	  0.00433078
          35	    -0.01652	   0.0438994	  0.00455707
          36	     0.05648	   0.0442489	  0.00444386
          37	     0.05508	   0.0445416	  0.00433339
          38	     0.01996	   0.0438947	  0.00426736
          39	      0.0452	   0.0439282	  0.00415807
          40	     0.03672	    0.043748	  0.00405802
          41	     0.02864	   0.0433795	  0.00397574
          42	     0.04596	    0.043441	  0.00388156
          43	     0.03172	   0.0431684	  0.00380085
          44	     0.06968	   0.0437709	  0.00376192
          45	     0.04852	   0.0438764	   0.0036798
          46	     0.04644	   0.0439322	  0.00360023
          47	     0.04324	   0.0439174	  0.00352366
          48	     0.04396	   0.0439183	  0.00345025
          49	     0.04696	   0.0439804	  0.00338039
          50	     0.02604	   0.0436216	  0.00333177
          51	     0.00776	   0.0429184	  0.00333982
          52	     0.01256	   0.0423346	  0.00332623
          53	       0.022	   0.0419509	  0.00328552
          54	     0.03612	    0.041843	  0.00322645
          55	     0.05496	   0.0420815	  0.00317659
          56	       0.054	   0.0422943	  0.00312699
          57	      0.0662	   0.0427137	  0.00310013
          58	     0.10504	   0.0437883	  0.00322755
          59	     0.06156	   0.0440895	  0.00318687
          60	     0.08916	   0.0448407	  0.00322107
          61	     0.03932	   0.0447502	  0.00316954
          62	     0.04844	   0.0448097	  0.00311897
          63	     0.01708	   0.0443695	  0.00310037
          64	     0.03552	   0.0442312	  0.00305501
          65	     0.04544	   0.0442498	  0.00300806
          66	     0.04792	   0.0443055	    0.002963
          67	      0.0596	   0.0445337	  0.00292756
          68	     0.05024	   0.0446176	  0.00288571
          69	      0.0698	   0.0449826	  0.00286687
          70	     0.05492	   0.0451246	  0.00282943
          71	     0.09548	   0.0458338	  0.00287709
          72	     0.10172	     0.04661	  0.00293997
          73	     0.04592	   0.0466005	  0.00289972
          74	     0.05968	   0.0467773	  0.00286591
          75	     0.02832	   0.0465312	  0.00283825
          76	     0.10256	   0.0472684	  0.00289506
          77	     0.07664	   0.0476499	  0.00288248
          78	     0.03716	   0.0475154	  0.00284867
          79	     0.05404	    0.047598	   0.0028138
          80	     0.01972	   0.0472495	  0.00280013
          81	     0.06524	   0.0474716	  0.00277435
          82	      0.0544	   0.0475561	   0.0027418
          83	     0.07076	   0.0478357	  0.00272299
          84	       0.026	   0.0475757	  0.00270295
          85	     0.01828	   0.0472311	  0.00269303
          86	     0.01688	   0.0468781	  0.00268474
          87	     0.08788	   0.0473494	  0.00269493
          88	     0.02432	   0.0470877	  0.00267698
          89	     0.04996	     0.04712	   0.0026471
          90	     0.01372	   0.0467489	  0.00264357
          91	     0.07508	   0.0470602	  0.00263279
          92	     0.04876	   0.0470787	  0.00260424
          93	     0.06436	   0.0472645	  0.00258286
          94	     0.04776	   0.0472698	  0.00255539
          95	     0.05456	   0.0473465	  0.00252964
          96	     0.06984	   0.0475808	  0.00251412
          97	      -0.002	   0.0470697	  0.00253963
          98	     0.06896	   0.0472931	  0.00252352
          99	     0.07472	   0.0475701	  0.00251319
         100	     0.06804	   0.0477748	  0.00249638
