#   N_BLOCK:  ACCEPTANCE:
           1	    0.520812
           2	     0.51932
           3	    0.519298
           4	    0.520062
           5	      0.5202
           6	    0.519523
           7	    0.519296
           8	    0.519427
           9	    0.519303
          10	    0.519565
          11	    0.519497
          12	    0.519485
          13	    0.519466
          14	    0.519376
          15	    0.519378
          16	    0.519453
          17	    0.519467
          18	    0.519339
          19	    0.519342
          20	    0.519382
          21	    0.519231
          22	    0.519353
          23	    0.519224
          24	    0.519194
          25	    0.519195
          26	     0.51922
          27	    0.519265
          28	    0.519347
          29	    0.519323
          30	    0.519257
          31	    0.519261
          32	    0.519179
          33	    0.519144
          34	    0.519163
          35	    0.519158
          36	     0.51914
          37	    0.519078
          38	    0.519062
          39	    0.519143
          40	     0.51914
          41	    0.519139
          42	    0.519145
          43	    0.519161
          44	    0.519139
          45	    0.519184
          46	    0.519186
          47	    0.519197
          48	    0.519221
          49	    0.519213
          50	    0.519253
          51	    0.519293
          52	    0.519308
          53	    0.519305
          54	    0.519355
          55	    0.519347
          56	    0.519317
          57	    0.519287
          58	    0.519283
          59	    0.519325
          60	    0.519336
          61	    0.519331
          62	    0.519315
          63	    0.519325
          64	    0.519365
          65	    0.519368
          66	    0.519353
          67	     0.51936
          68	    0.519375
          69	    0.519355
          70	    0.519349
          71	    0.519324
          72	    0.519313
          73	    0.519322
          74	    0.519311
          75	    0.519311
          76	    0.519315
          77	    0.519324
          78	    0.519321
          79	    0.519326
          80	     0.51932
          81	    0.519308
          82	    0.519283
          83	    0.519257
          84	    0.519266
          85	    0.519256
          86	    0.519261
          87	    0.519249
          88	    0.519271
          89	    0.519242
          90	    0.519236
          91	    0.519228
          92	    0.519243
          93	    0.519243
          94	    0.519246
          95	    0.519243
          96	    0.519266
          97	    0.519279
          98	    0.519272
          99	    0.519284
         100	    0.519278
