#     BLOCK:   ACTUAL_TE:    TE_AVE:      ERROR:
               1	        -0.36096	        -0.36096	               0
               2	        -0.36312	        -0.36204	     0.000763675
               3	        -0.35968	       -0.361253	     0.000819611
               4	        -0.36568	        -0.36236	       0.0011386
               5	         -0.3628	       -0.362448	     0.000914271
               6	        -0.37272	        -0.36416	      0.00173866
               7	        -0.36768	       -0.364663	       0.0015613
               8	        -0.37296	         -0.3657	      0.00167557
               9	        -0.35816	       -0.364862	      0.00168588
              10	         -0.3772	       -0.366096	      0.00191629
              11	        -0.37856	       -0.367229	      0.00204988
              12	        -0.37104	       -0.367547	       0.0019035
              13	        -0.36736	       -0.367532	      0.00175713
              14	        -0.36432	       -0.367303	      0.00164654
              15	        -0.35984	       -0.366805	      0.00161018
              16	        -0.36432	        -0.36665	      0.00151702
              17	        -0.36432	       -0.366513	      0.00143396
              18	        -0.36384	       -0.366364	      0.00136196
              19	        -0.36784	       -0.366442	      0.00129249
              20	         -0.3724	        -0.36674	      0.00126173
              21	        -0.36936	       -0.366865	       0.0012078
              22	        -0.36592	       -0.366822	      0.00115366
              23	        -0.35808	       -0.366442	      0.00116443
              24	        -0.36464	       -0.366367	      0.00111833
              25	         -0.3704	       -0.366528	      0.00108517
              26	        -0.36424	        -0.36644	        0.001047
              27	        -0.36928	       -0.366545	      0.00101349
              28	        -0.35704	       -0.366206	      0.00103258
              29	        -0.36464	       -0.366152	     0.000998387
              30	         -0.3576	       -0.365867	      0.00100498
              31	        -0.36496	       -0.365837	     0.000972985
              32	        -0.36336	        -0.36576	     0.000945655
              33	        -0.36112	       -0.365619	     0.000927393
              34	        -0.36296	       -0.365541	     0.000903409
              35	        -0.35496	       -0.365239	     0.000926802
              36	        -0.36504	       -0.365233	     0.000901074
              37	        -0.36064	       -0.365109	     0.000885231
              38	         -0.3724	       -0.365301	     0.000882483
              39	        -0.36432	       -0.365276	     0.000860214
              40	        -0.36664	        -0.36531	     0.000839384
              41	           -0.36	        -0.36518	     0.000828842
              42	         -0.3652	       -0.365181	     0.000809108
              43	        -0.35712	       -0.364993	     0.000811718
              44	        -0.36848	       -0.365073	     0.000797128
              45	        -0.36816	       -0.365141	     0.000782361
              46	        -0.36112	       -0.365054	     0.000770222
              47	        -0.37032	       -0.365166	      0.00076194
              48	        -0.37096	       -0.365287	     0.000755568
              49	         -0.3564	       -0.365105	     0.000761603
              50	        -0.36128	       -0.365029	     0.000750204
              51	        -0.37016	       -0.365129	      0.00074221
              52	        -0.37608	        -0.36534	     0.000757223
              53	        -0.36928	       -0.365414	     0.000746576
              54	          -0.378	       -0.365647	     0.000768269
              55	        -0.37056	       -0.365737	     0.000759475
              56	        -0.36384	       -0.365703	     0.000746668
              57	        -0.36648	       -0.365716	     0.000733693
              58	        -0.36264	       -0.365663	     0.000722958
              59	         -0.3696	        -0.36573	     0.000713777
              60	        -0.36656	       -0.365744	     0.000702014
              61	        -0.35984	       -0.365647	     0.000697146
              62	        -0.36792	       -0.365684	     0.000686865
              63	        -0.36648	       -0.365697	     0.000676078
              64	        -0.37176	       -0.365791	      0.00067212
              65	         -0.3692	       -0.365844	     0.000663823
              66	        -0.36192	       -0.365784	     0.000656421
              67	        -0.37272	       -0.365888	     0.000654736
              68	        -0.36816	       -0.365921	     0.000645959
              69	        -0.36776	       -0.365948	     0.000637147
              70	        -0.36728	       -0.365967	     0.000628329
              71	          -0.358	       -0.365855	     0.000629419
              72	        -0.36248	       -0.365808	      0.00062242
              73	        -0.36992	       -0.365864	     0.000616437
              74	        -0.36752	       -0.365886	     0.000608513
              75	          -0.362	       -0.365835	     0.000602602
              76	         -0.3596	       -0.365753	     0.000600231
              77	        -0.35856	       -0.365659	      0.00059966
              78	        -0.37104	       -0.365728	     0.000595927
              79	        -0.37088	       -0.365793	     0.000591941
              80	        -0.35992	        -0.36572	     0.000589077
              81	        -0.36656	        -0.36573	     0.000581896
              82	        -0.36264	       -0.365693	     0.000576019
              83	        -0.36184	       -0.365646	     0.000570946
              84	          -0.364	       -0.365627	     0.000564485
              85	        -0.36144	       -0.365577	     0.000559989
              86	          -0.368	       -0.365606	     0.000554186
              87	        -0.36808	       -0.365634	     0.000548545
              88	        -0.36576	       -0.365635	     0.000542313
              89	        -0.36512	        -0.36563	     0.000536251
              90	        -0.37224	       -0.365703	     0.000535299
              91	        -0.36792	       -0.365727	     0.000529971
              92	        -0.36328	       -0.365701	     0.000524877
              93	        -0.37496	         -0.3658	     0.000528592
              94	          -0.366	       -0.365803	     0.000522973
              95	        -0.36176	        -0.36576	     0.000519196
              96	        -0.36432	       -0.365745	     0.000514004
              97	        -0.36368	       -0.365724	     0.000509146
              98	        -0.35768	       -0.365642	     0.000510524
              99	        -0.36728	       -0.365658	     0.000505635
             100	         -0.3632	       -0.365634	     0.000501176
             101	        -0.36528	        -0.36563	     0.000496226
             102	         -0.3588	       -0.365563	     0.000495858
             103	        -0.36352	       -0.365543	     0.000491441
             104	        -0.36704	       -0.365558	     0.000486926
             105	        -0.35976	       -0.365502	     0.000485409
             106	        -0.36296	       -0.365478	     0.000481422
             107	         -0.3664	       -0.365487	        0.000477
             108	        -0.36752	       -0.365506	     0.000472954
             109	        -0.37384	       -0.365582	     0.000474756
             110	         -0.3716	       -0.365637	     0.000473581
             111	        -0.36832	       -0.365661	     0.000469931
             112	         -0.3588	         -0.3656	     0.000469711
             113	        -0.36992	       -0.365638	     0.000467108
             114	        -0.37312	       -0.365704	     0.000467598
             115	         -0.3628	       -0.365679	     0.000464213
             116	        -0.36744	       -0.365694	      0.00046046
             117	        -0.36448	       -0.365683	     0.000456641
             118	        -0.37336	       -0.365748	     0.000457382
             119	        -0.36768	       -0.365765	     0.000453826
             120	        -0.36104	       -0.365725	     0.000451749
             121	        -0.36472	       -0.365717	     0.000448092
             122	        -0.37024	       -0.365754	      0.00044595
             123	        -0.36224	       -0.365726	     0.000443239
             124	        -0.37232	       -0.365779	     0.000442843
             125	        -0.37304	       -0.365837	     0.000443094
             126	        -0.36016	       -0.365792	     0.000441862
             127	        -0.36712	       -0.365802	     0.000438506
             128	        -0.36456	       -0.365792	     0.000435188
             129	        -0.36264	       -0.365768	       0.0004325
             130	        -0.36528	       -0.365764	     0.000429189
             131	        -0.37056	       -0.365801	     0.000427472
             132	        -0.37248	       -0.365852	     0.000427217
             133	        -0.36232	       -0.365825	      0.00042483
             134	        -0.37592	         -0.3659	     0.000428287
             135	        -0.36192	       -0.365871	     0.000426128
             136	        -0.36768	       -0.365884	     0.000423202
             137	        -0.36208	       -0.365856	     0.000421023
             138	        -0.36632	        -0.36586	     0.000417986
             139	        -0.36752	       -0.365872	     0.000415149
             140	        -0.36968	       -0.365899	     0.000413074
             141	        -0.36776	       -0.365912	     0.000410355
             142	        -0.37296	       -0.365962	     0.000410456
             143	        -0.35768	       -0.365904	     0.000411651
             144	         -0.3644	       -0.365893	     0.000408925
             145	        -0.37048	       -0.365925	     0.000407327
             146	        -0.37408	       -0.365981	     0.000408348
             147	        -0.35712	       -0.365921	     0.000409995
             148	         -0.3688	        -0.36594	     0.000407686
             149	         -0.3724	       -0.365983	     0.000407249
             150	        -0.36544	        -0.36598	      0.00040455
             151	        -0.35936	       -0.365936	     0.000404239
             152	        -0.37048	       -0.365966	     0.000402684
             153	        -0.36752	       -0.365976	      0.00040018
             154	        -0.36576	       -0.365975	     0.000397584
             155	        -0.36632	       -0.365977	     0.000395025
             156	        -0.36496	        -0.36597	     0.000392547
             157	          -0.368	       -0.365983	     0.000390259
             158	         -0.3572	       -0.365928	     0.000391728
             159	        -0.36424	       -0.365917	     0.000389409
             160	        -0.37648	       -0.365983	     0.000392531
             161	        -0.36784	       -0.365995	     0.000390262
             162	         -0.3728	       -0.366037	     0.000390108
             163	        -0.35896	       -0.365993	     0.000390123
             164	         -0.3688	        -0.36601	     0.000388119
             165	        -0.36744	       -0.366019	     0.000385864
             166	          -0.364	       -0.366007	     0.000383731
             167	        -0.36472	       -0.365999	      0.00038151
             168	        -0.36488	       -0.365992	     0.000379298
             169	        -0.36112	       -0.365964	     0.000378148
             170	        -0.36072	       -0.365933	     0.000377179
             171	        -0.36384	        -0.36592	     0.000375172
             172	         -0.3704	       -0.365947	     0.000373893
             173	         -0.3752	          -0.366	     0.000375539
             174	         -0.3572	       -0.365949	      0.00037677
             175	        -0.35768	       -0.365902	     0.000377569
             176	        -0.36816	       -0.365915	     0.000375642
             177	        -0.36416	       -0.365905	      0.00037365
             178	         -0.3636	       -0.365892	     0.000371775
             179	        -0.37448	        -0.36594	     0.000372781
             180	        -0.36416	        -0.36593	     0.000370841
             181	        -0.36432	       -0.365921	     0.000368899
             182	        -0.36992	       -0.365943	     0.000367526
             183	        -0.37216	       -0.365977	     0.000367084
             184	         -0.3608	       -0.365949	     0.000366166
             185	        -0.37232	       -0.365984	     0.000365803
             186	        -0.36024	       -0.365953	     0.000365137
             187	        -0.36896	       -0.365969	     0.000363538
             188	        -0.36864	       -0.365983	     0.000361882
             189	        -0.36136	       -0.365959	     0.000360793
             190	        -0.36376	       -0.365947	      0.00035908
             191	        -0.37016	       -0.365969	     0.000357877
             192	        -0.36776	       -0.365978	     0.000356134
             193	        -0.36368	       -0.365966	     0.000354488
             194	         -0.3672	       -0.365973	     0.000352718
             195	        -0.35048	       -0.365893	     0.000359746
             196	          -0.358	       -0.365853	     0.000360157
             197	        -0.37048	       -0.365877	     0.000359094
             198	        -0.35896	       -0.365842	     0.000358976
             199	        -0.36648	       -0.365845	     0.000357186
             200	        -0.36584	       -0.365845	       0.0003554
