#     BLOCK:   ACTUAL_CV:    CV_AVE:      ERROR:
           1	    0.408959	    0.408959	           0
           2	    0.429864	    0.419412	  0.00739084
           3	    0.404791	    0.414538	  0.00633347
           4	    0.436686	    0.420075	   0.0067496
           5	    0.432349	     0.42253	  0.00582899
           6	    0.402915	    0.419261	  0.00570098
           7	    0.430697	    0.420894	   0.0051153
           8	    0.417646	    0.420488	  0.00449198
           9	    0.416931	    0.420093	  0.00401022
          10	    0.418603	    0.419944	  0.00361196
          11	    0.436544	    0.421453	  0.00358501
          12	    0.403904	    0.419991	  0.00357212
          13	    0.414719	    0.419585	  0.00332028
          14	    0.413996	    0.419186	  0.00310702
          15	    0.417448	     0.41907	  0.00290205
          16	    0.405785	     0.41824	  0.00283697
          17	    0.433849	    0.419158	  0.00281476
          18	    0.431004	    0.419816	  0.00273424
          19	    0.409235	    0.419259	  0.00264643
          20	    0.410645	    0.418829	  0.00254892
          21	    0.422799	    0.419018	  0.00243455
          22	    0.420559	    0.419088	  0.00232489
          23	    0.424927	    0.419342	  0.00223763
          24	    0.430163	    0.419793	  0.00218936
          25	    0.409541	    0.419382	  0.00213984
          26	    0.403325	    0.418765	  0.00214481
          27	    0.425017	    0.418996	  0.00207784
          28	    0.428134	    0.419323	  0.00202909
          29	    0.413379	    0.419118	  0.00196945
          30	    0.430238	    0.419488	  0.00193837
          31	    0.412886	    0.419275	  0.00188751
          32	    0.414004	    0.419111	   0.0018357
          33	    0.425818	    0.419314	  0.00179128
          34	    0.423652	    0.419442	  0.00174314
          35	    0.414559	    0.419302	  0.00169891
          36	    0.445974	    0.420043	  0.00180606
          37	    0.408153	    0.419722	  0.00178561
          38	    0.426714	    0.419906	  0.00174807
          39	    0.441292	    0.420454	  0.00178719
          40	    0.422275	      0.4205	  0.00174309
          41	    0.412725	     0.42031	  0.00171086
          42	    0.409053	    0.420042	  0.00169099
          43	    0.423825	     0.42013	  0.00165395
          44	    0.412907	    0.419966	  0.00162449
          45	    0.433928	    0.420276	  0.00161775
          46	    0.434752	    0.420591	   0.0016129
          47	    0.413133	    0.420432	  0.00158637
          48	    0.403732	    0.420084	  0.00159101
          49	    0.433483	    0.420358	  0.00158186
          50	     0.41773	    0.420305	   0.0015511
          51	    0.422793	    0.420354	  0.00152145
          52	    0.410976	    0.420173	  0.00150285
          53	    0.413471	    0.420047	   0.0014798
          54	     0.42628	    0.420162	  0.00145689
          55	    0.411045	    0.419997	   0.0014398
          56	    0.425264	    0.420091	  0.00141716
          57	    0.435115	    0.420354	   0.0014166
          58	    0.428843	    0.420501	  0.00139972
          59	    0.420495	    0.420501	  0.00137599
          60	    0.422112	    0.420527	  0.00135332
          61	     0.40844	    0.420329	  0.00134556
          62	    0.426209	    0.420424	   0.0013272
          63	    0.418655	    0.420396	  0.00130643
          64	    0.417682	    0.420354	  0.00128671
          65	    0.404065	    0.420103	  0.00129108
          66	    0.415967	     0.42004	  0.00127304
          67	    0.427591	    0.420153	  0.00125902
          68	    0.419504	    0.420143	  0.00124054
          69	    0.407946	    0.419967	  0.00123509
          70	    0.431744	    0.420135	  0.00122885
          71	    0.414573	    0.420057	  0.00121404
          72	    0.431621	    0.420217	  0.00120775
          73	    0.416662	    0.420169	  0.00119219
          74	    0.414276	    0.420089	  0.00117874
          75	    0.397726	    0.419791	  0.00120014
          76	    0.422521	    0.419827	  0.00118489
          77	    0.416439	    0.419783	  0.00117031
          78	    0.406749	    0.419616	  0.00116718
          79	    0.436628	    0.419831	   0.0011721
          80	     0.42984	    0.419956	  0.00116411
          81	    0.410442	    0.419839	  0.00115565
          82	    0.418461	    0.419822	  0.00114168
          83	    0.409814	    0.419701	  0.00113427
          84	    0.418292	    0.419684	  0.00112089
          85	    0.412482	      0.4196	   0.0011109
          86	    0.437576	    0.419809	  0.00111748
          87	    0.425795	    0.419878	  0.00110675
          88	      0.4363	    0.420064	   0.0011098
          89	    0.416866	    0.420028	  0.00109791
          90	    0.414874	    0.419971	   0.0010872
          91	    0.412663	    0.419891	  0.00107822
          92	     0.41791	    0.419869	  0.00106671
          93	    0.427229	    0.419948	  0.00105817
          94	    0.418905	    0.419937	  0.00104697
          95	    0.411021	    0.419843	  0.00104015
          96	    0.407839	    0.419718	  0.00103681
          97	    0.445225	    0.419981	  0.00105894
          98	    0.420593	    0.419987	  0.00104815
          99	    0.433529	    0.420124	  0.00104645
         100	    0.420472	    0.420128	  0.00103599
