#     BLOCK:   ACTUAL_TE:    TE_AVE:      ERROR:
           1	   -0.684472	   -0.684472	           0
           2	   -0.684952	   -0.684712	 0.000169706
           3	   -0.682416	   -0.683947	 0.000635051
           4	   -0.681536	   -0.683344	  0.00070658
           5	     -0.6798	   -0.682635	 0.000849377
           6	   -0.685896	   -0.683179	 0.000864368
           7	    -0.68588	   -0.683565	 0.000822533
           8	   -0.685584	   -0.683817	 0.000757461
           9	   -0.684232	   -0.683863	 0.000674701
          10	   -0.682296	   -0.683706	 0.000625165
          11	   -0.682928	   -0.683636	 0.000572323
          12	   -0.682128	    -0.68351	 0.000538243
          13	   -0.685144	   -0.683636	 0.000511305
          14	   -0.683368	   -0.683617	  0.00047514
          15	   -0.677424	   -0.683204	 0.000596434
          16	   -0.684312	   -0.683273	 0.000563165
          17	   -0.684176	   -0.683326	 0.000532536
          18	   -0.680224	   -0.683154	 0.000530105
          19	   -0.680896	   -0.683035	 0.000515351
          20	   -0.681112	   -0.682939	 0.000498472
          21	   -0.683704	   -0.682975	 0.000476065
          22	   -0.681744	   -0.682919	 0.000457703
          23	   -0.682824	   -0.682915	 0.000437822
          24	   -0.683888	   -0.682956	 0.000421452
          25	   -0.684008	   -0.682998	  0.00040669
          26	   -0.683584	    -0.68302	 0.000391673
          27	    -0.68088	   -0.682941	 0.000385105
          28	   -0.682376	   -0.682921	 0.000371879
          29	   -0.681392	   -0.682868	 0.000362774
          30	    -0.68084	   -0.682801	 0.000356925
          31	   -0.683408	    -0.68282	 0.000345949
          32	   -0.684256	   -0.682865	 0.000338035
          33	   -0.683992	   -0.682899	 0.000329512
          34	   -0.681624	   -0.682862	 0.000321948
          35	   -0.683408	   -0.682877	 0.000313128
          36	   -0.684984	   -0.682936	  0.00030985
          37	   -0.683176	   -0.682942	 0.000301544
          38	    -0.68588	    -0.68302	 0.000303356
          39	   -0.683352	   -0.683028	 0.000295698
          40	    -0.67824	   -0.682908	 0.000311593
          41	   -0.682624	   -0.682901	 0.000304071
          42	   -0.684256	   -0.682934	 0.000298536
          43	   -0.686624	    -0.68302	 0.000303679
          44	   -0.681872	   -0.682993	 0.000297895
          45	    -0.68408	   -0.683018	 0.000292252
          46	   -0.685392	   -0.683069	 0.000290421
          47	     -0.6828	   -0.683063	 0.000284298
          48	   -0.676968	   -0.682937	 0.000305423
          49	    -0.68348	   -0.682948	 0.000299391
          50	   -0.681888	   -0.682926	 0.000294153
          51	   -0.681544	   -0.682899	 0.000289631
          52	   -0.684912	   -0.682938	 0.000286636
          53	   -0.681904	   -0.682918	 0.000281891
          54	    -0.68312	   -0.682922	 0.000276695
          55	   -0.685928	   -0.682977	 0.000277009
          56	   -0.679152	   -0.682909	 0.000280356
          57	   -0.683848	   -0.682925	 0.000275922
          58	    -0.68192	   -0.682908	 0.000271708
          59	   -0.680864	   -0.682873	 0.000269302
          60	   -0.682392	   -0.682865	 0.000264933
          61	   -0.684072	   -0.682885	 0.000261327
          62	   -0.680608	   -0.682848	  0.00025968
          63	    -0.68028	   -0.682807	 0.000258738
          64	   -0.682504	   -0.682803	 0.000254738
          65	     -0.6836	   -0.682815	 0.000251115
          66	   -0.677968	   -0.682741	 0.000257825
          67	    -0.68032	   -0.682705	 0.000256497
          68	    -0.67904	   -0.682651	 0.000258327
          69	   -0.683744	   -0.682667	 0.000255068
          70	    -0.68188	   -0.682656	 0.000251672
          71	   -0.680592	   -0.682627	   0.0002498
          72	   -0.681896	   -0.682617	 0.000246537
          73	   -0.682888	    -0.68262	 0.000243188
          74	   -0.685504	   -0.682659	 0.000243003
          75	   -0.682104	   -0.682652	 0.000239876
          76	   -0.681128	   -0.682632	 0.000237556
          77	   -0.681784	   -0.682621	 0.000234726
          78	   -0.682328	   -0.682617	 0.000231747
          79	   -0.682872	    -0.68262	 0.000228836
          80	   -0.683672	   -0.682634	 0.000226353
          81	   -0.681832	   -0.682624	 0.000223775
          82	   -0.680056	   -0.682592	 0.000223226
          83	   -0.682376	    -0.68259	 0.000220552
          84	     -0.6866	   -0.682638	 0.000223033
          85	   -0.682592	   -0.682637	  0.00022041
          86	   -0.683936	   -0.682652	 0.000218364
          87	    -0.68432	   -0.682671	 0.000216694
          88	   -0.683608	   -0.682682	 0.000214493
          89	   -0.686344	   -0.682723	 0.000215993
          90	    -0.68116	   -0.682706	 0.000214291
          91	   -0.680352	    -0.68268	 0.000213491
          92	   -0.682608	   -0.682679	 0.000211172
          93	   -0.680688	   -0.682658	 0.000209984
          94	   -0.683432	   -0.682666	 0.000207911
          95	   -0.684208	   -0.682682	 0.000206355
          96	   -0.681696	   -0.682672	 0.000204461
          97	    -0.68588	   -0.682705	 0.000205011
          98	   -0.681152	   -0.682689	 0.000203531
          99	   -0.679984	   -0.682662	 0.000203301
         100	   -0.685992	   -0.682695	 0.000203977
