#     BLOCK:   ACTUAL_CV:    CV_AVE:      ERROR:
           1	     0.17549	     0.17549	           0
           2	    0.188255	    0.181873	  0.00451287
           3	     0.17667	    0.180138	  0.00332519
           4	    0.186068	    0.181621	   0.0028049
           5	    0.178213	    0.180939	  0.00232525
           6	    0.189004	    0.182283	  0.00229352
           7	    0.176971	    0.181524	  0.00208767
           8	    0.191983	    0.182832	  0.00219825
           9	    0.182565	    0.182802	   0.0019542
          10	    0.186479	     0.18317	  0.00179304
          11	    0.177851	    0.182686	  0.00169398
          12	    0.180269	    0.182485	  0.00156474
          13	    0.181609	    0.182417	  0.00144582
          14	    0.180819	    0.182303	  0.00134705
          15	    0.182772	    0.182334	  0.00125761
          16	    0.179543	     0.18216	  0.00119105
          17	    0.180029	    0.182035	  0.00112756
          18	     0.17506	    0.181647	  0.00112955
          19	    0.192347	     0.18221	  0.00120232
          20	    0.189309	    0.182565	  0.00119344
          21	    0.185754	    0.182717	  0.00114623
          22	     0.18355	    0.182755	  0.00109476
          23	    0.182995	    0.182765	  0.00104721
          24	     0.17515	    0.182448	  0.00105055
          25	    0.166997	     0.18183	  0.00117635
          26	    0.179379	    0.181736	  0.00113488
          27	    0.199571	    0.182396	  0.00127063
          28	    0.181488	    0.182364	  0.00122567
          29	    0.182754	    0.182377	  0.00118348
          30	    0.172586	    0.182051	  0.00118818
          31	    0.189373	    0.182287	  0.00117309
          32	    0.177993	    0.182153	  0.00114408
          33	    0.181535	    0.182134	  0.00110956
          34	    0.182385	    0.182142	  0.00107695
          35	    0.188588	    0.182326	  0.00106182
          36	    0.196501	     0.18272	  0.00110292
          37	    0.171404	    0.182414	   0.0011147
          38	     0.16412	    0.181932	  0.00118477
          39	    0.189375	    0.182123	  0.00116966
          40	     0.18793	    0.182268	  0.00114939
          41	    0.182404	    0.182272	  0.00112136
          42	    0.182673	    0.182281	   0.0010947
          43	    0.168452	     0.18196	  0.00111549
          44	    0.182107	    0.181963	  0.00109014
          45	    0.195764	     0.18227	  0.00110821
          46	    0.174345	    0.182097	  0.00109743
          47	    0.175194	     0.18195	  0.00108387
          48	    0.172411	    0.181752	  0.00107935
          49	    0.185476	    0.181828	     0.00106
          50	    0.188531	    0.181962	  0.00104724
          51	    0.181518	    0.181953	  0.00102674
          52	    0.170928	    0.181741	  0.00102865
          53	    0.200971	    0.182104	  0.00107133
          54	      0.2011	    0.182456	  0.00110773
          55	    0.163879	    0.182118	  0.00113792
          56	    0.174792	    0.181987	   0.0011251
          57	    0.166299	    0.181712	  0.00113853
          58	    0.175791	     0.18161	  0.00112346
          59	     0.17863	    0.181559	  0.00110556
          60	    0.169384	    0.181356	   0.0011056
          61	    0.174291	    0.181241	  0.00109352
          62	     0.20336	    0.181597	  0.00113259
          63	    0.167377	    0.181372	  0.00113688
          64	    0.179292	    0.181339	  0.00111958
          65	    0.181761	    0.181346	  0.00110237
          66	    0.177962	    0.181294	  0.00108686
          67	    0.177001	     0.18123	  0.00107253
          68	    0.180181	    0.181215	  0.00105687
          69	    0.175656	    0.181134	  0.00104462
          70	    0.171767	       0.181	  0.00103823
          71	    0.173298	    0.180892	  0.00102926
          72	    0.180437	    0.180886	  0.00101498
          73	    0.164656	    0.180663	  0.00102514
          74	    0.192011	    0.180817	  0.00102269
          75	    0.166191	    0.180622	  0.00102747
          76	    0.182654	    0.180648	   0.0010143
          77	    0.174575	     0.18057	  0.00100419
          78	    0.188699	    0.180674	 0.000996712
          79	    0.164772	    0.180472	  0.00100421
          80	    0.184719	    0.180526	 0.000993064
          81	    0.181314	    0.180535	 0.000980852
          82	    0.172095	    0.180432	 0.000974275
          83	    0.183063	    0.180464	 0.000963053
          84	    0.184078	    0.180507	 0.000952548
          85	    0.176604	    0.180461	 0.000942448
          86	     0.17686	    0.180419	 0.000932419
          87	     0.17559	    0.180364	 0.000923353
          88	    0.168139	    0.180225	  0.00092325
          89	    0.181555	     0.18024	 0.000912997
          90	    0.176797	    0.180202	 0.000903654
          91	    0.176785	    0.180164	 0.000894503
          92	    0.172643	    0.180082	 0.000888508
          93	    0.176228	    0.180041	  0.00087992
          94	    0.179837	    0.180039	 0.000870562
          95	    0.193438	     0.18018	 0.000872749
          96	    0.183553	    0.180215	 0.000864365
          97	    0.179502	    0.180207	 0.000855485
          98	    0.186999	    0.180277	 0.000849558
          99	    0.163226	    0.180105	 0.000858257
         100	    0.178519	    0.180089	  0.00084982
