#     BLOCK:   ACTUAL_X:     X_AVE:       ERROR:
           1	      3.7023	      3.7023	           0
           2	     3.81184	     3.75707	   0.0387294
           3	     3.08957	     3.53457	    0.183495
           4	       4.216	     3.70493	    0.201757
           5	      3.9115	     3.74624	    0.165581
           6	     3.62917	     3.72673	    0.139129
           7	     3.81203	     3.73892	    0.119786
           8	     3.07288	     3.65566	    0.130578
           9	     4.11087	     3.70624	    0.125483
          10	     3.72044	     3.70766	    0.112943
          11	     4.45046	     3.77519	    0.121192
          12	     3.01619	     3.71194	    0.126526
          13	     3.20151	     3.67267	    0.122734
          14	     3.35521	        3.65	    0.116043
          15	     4.33569	     3.69571	    0.116965
          16	     3.30072	     3.67102	    0.112229
          17	     3.75496	     3.67596	    0.105736
          18	      4.2068	     3.70545	    0.103893
          19	     4.03597	     3.72285	   0.0998709
          20	     3.80617	     3.72701	   0.0949643
          21	     4.07717	     3.74369	   0.0918943
          22	     4.11868	     3.76073	   0.0892841
          23	     3.94583	     3.76878	   0.0857641
          24	     3.79143	     3.76972	   0.0821958
          25	     3.95477	     3.77713	   0.0792405
          26	     5.50828	     3.84371	     0.10034
          27	     2.76787	     3.80386	    0.104235
          28	      4.5828	     3.83168	    0.104159
          29	     3.76208	     3.82928	    0.100595
          30	     3.49209	     3.81804	   0.0978676
          31	     3.42891	     3.80549	   0.0955122
          32	     4.62142	     3.83099	   0.0958705
          33	     3.54406	     3.82229	   0.0933588
          34	     3.17178	     3.80316	   0.0925527
          35	     4.17033	     3.81365	   0.0905009
          36	     4.22507	     3.82508	   0.0887056
          37	     4.08265	     3.83204	   0.0865809
          38	     3.60743	     3.82613	   0.0845039
          39	     3.07339	     3.80683	   0.0845127
          40	     4.16964	      3.8159	   0.0828852
          41	     3.01115	     3.79627	   0.0831552
          42	     4.36605	     3.80984	   0.0822744
          43	     4.20781	     3.81909	     0.08088
          44	     4.42394	     3.83284	   0.0802015
          45	      4.2022	     3.84105	   0.0788381
          46	     4.09342	     3.84653	   0.0773149
          47	     3.74041	     3.84428	   0.0757029
          48	     3.59269	     3.83903	   0.0743069
          49	     3.25405	      3.8271	   0.0737433
          50	     3.73266	     3.82521	   0.0722926
          51	      4.9942	     3.84813	   0.0744203
          52	     3.73858	     3.84602	   0.0730189
          53	     2.95572	     3.82922	   0.0735481
          54	     3.85367	     3.82968	   0.0721874
          55	     3.75395	      3.8283	   0.0708881
          56	     3.41965	       3.821	   0.0699968
          57	     4.10091	     3.82591	   0.0689408
          58	     4.18268	     3.83206	   0.0680261
          59	     4.90551	     3.85026	   0.0692634
          60	     3.02917	     3.83657	   0.0694478
          61	     4.33764	     3.84479	   0.0687933
          62	     3.99326	     3.84718	   0.0677254
          63	     2.83118	     3.83106	   0.0685437
          64	     3.48088	     3.82558	   0.0676907
          65	     3.95912	     3.82764	   0.0666805
          66	     4.04504	     3.83093	   0.0657515
          67	     3.83074	     3.83093	   0.0647701
          68	     3.49115	     3.82593	     0.06401
          69	           4	     3.82846	   0.0631321
          70	     4.23483	     3.83426	   0.0624965
          71	     3.55717	     3.83036	    0.061738
          72	     3.60831	     3.82727	   0.0609575
          73	     3.43723	     3.82193	   0.0603562
          74	     3.58753	     3.81876	   0.0596236
          75	     3.78671	     3.81834	   0.0588302
          76	     4.42425	     3.82631	   0.0585938
          77	     3.18507	     3.81798	   0.0584217
          78	     3.53789	     3.81439	   0.0577829
          79	     4.44403	     3.82236	   0.0575986
          80	     4.01184	     3.82473	   0.0569273
          81	     4.76013	     3.83628	   0.0573838
          82	      3.8492	     3.83643	   0.0566842
          83	     4.55861	     3.84513	   0.0566651
          84	     2.60598	     3.83038	   0.0578789
          85	     3.34954	     3.82473	   0.0574738
          86	     3.72088	     3.82352	   0.0568181
          87	     4.31559	     3.82917	   0.0564459
          88	     3.53638	     3.82585	   0.0559024
          89	     3.75546	     3.82506	   0.0552799
          90	     4.20353	     3.82926	   0.0548254
          91	     3.83855	     3.82936	    0.054223
          92	     3.57443	     3.82659	   0.0537044
          93	     4.17732	     3.83036	   0.0532592
          94	     4.06791	     3.83289	   0.0527525
          95	     3.98249	     3.83447	   0.0522207
          96	     3.28932	     3.82879	   0.0519846
          97	     4.84069	     3.83922	   0.0524849
          98	     4.19011	      3.8428	   0.0520714
          99	     3.61877	     3.84054	   0.0515945
         100	     3.11206	     3.83325	   0.0515903
