#     BLOCK:   ACTUAL_CV:    CV_AVE:      ERROR:
           1	    0.288938	    0.288938	           0
           2	    0.316212	    0.302575	  0.00964291
           3	    0.306293	    0.303815	  0.00650775
           4	    0.291809	    0.300813	  0.00552979
           5	     0.29716	    0.300083	  0.00447182
           6	     0.31718	    0.302932	  0.00454465
           7	    0.280443	    0.299719	  0.00490115
           8	    0.297248	    0.299411	  0.00429823
           9	    0.278454	    0.297082	  0.00440646
          10	    0.310522	    0.298426	  0.00416575
          11	    0.300925	    0.298653	  0.00379323
          12	    0.321969	    0.300596	  0.00394349
          13	    0.298161	    0.300409	  0.00364459
          14	    0.304241	    0.300683	  0.00339452
          15	    0.317396	    0.301797	  0.00334609
          16	    0.286769	    0.300858	  0.00326612
          17	    0.291929	    0.300332	  0.00311594
          18	    0.274539	    0.298899	  0.00325569
          19	     0.30926	    0.299445	  0.00312966
          20	    0.296974	    0.299321	  0.00297562
          21	     0.33064	    0.300813	  0.00318581
          22	    0.292406	     0.30043	  0.00306383
          23	    0.286703	    0.299834	  0.00298819
          24	    0.295145	    0.299638	  0.00287006
          25	    0.296975	    0.299532	  0.00275724
          26	    0.278662	    0.298729	  0.00276557
          27	    0.264648	    0.297467	   0.0029371
          28	    0.322776	    0.298371	  0.00296803
          29	    0.298299	    0.298368	  0.00286569
          30	    0.310594	    0.298776	  0.00279899
          31	    0.284495	    0.298315	  0.00274635
          32	    0.297333	    0.298284	   0.0026607
          33	    0.308332	    0.298589	  0.00259744
          34	    0.298221	    0.298578	  0.00252106
          35	    0.290329	    0.298342	  0.00246003
          36	     0.32345	     0.29904	  0.00248859
          37	    0.321076	    0.299635	  0.00249158
          38	    0.294779	    0.299508	  0.00242929
          39	    0.309868	    0.299773	  0.00238148
          40	    0.308146	    0.299982	  0.00233112
          41	    0.294428	    0.299847	   0.0022782
          42	    0.309074	    0.300067	  0.00223452
          43	    0.277572	    0.299544	  0.00224296
          44	    0.326647	     0.30016	    0.002275
          45	    0.298508	    0.300123	  0.00222474
          46	    0.305511	     0.30024	  0.00217945
          47	    0.320672	    0.300675	  0.00217601
          48	    0.292184	    0.300498	  0.00213785
          49	    0.309278	    0.300677	  0.00210172
          50	      0.3214	    0.301091	  0.00210015
          51	    0.295791	    0.300988	  0.00206154
          52	    0.296979	     0.30091	  0.00202334
          53	    0.307048	    0.301026	  0.00198847
          54	    0.286991	    0.300766	  0.00196856
          55	    0.298957	    0.300733	  0.00193305
          56	    0.280074	    0.300364	  0.00193341
          57	     0.31636	    0.300645	  0.00191975
          58	     0.30045	    0.300642	  0.00188665
          59	    0.271588	    0.300149	  0.00191786
          60	    0.304404	     0.30022	  0.00188721
          61	    0.293435	    0.300109	  0.00185955
          62	    0.288993	     0.29993	  0.00183818
          63	    0.281568	    0.299638	  0.00183196
          64	    0.291142	    0.299505	  0.00180814
          65	    0.311559	    0.299691	  0.00178981
          66	    0.279214	    0.299381	  0.00178938
          67	    0.301503	    0.299412	  0.00176295
          68	    0.278689	    0.299108	  0.00176317
          69	    0.314164	    0.299326	  0.00175107
          70	    0.295321	    0.299269	  0.00172699
          71	     0.28216	    0.299028	  0.00171939
          72	    0.293844	    0.298956	  0.00169702
          73	    0.298375	    0.298948	  0.00167379
          74	    0.285227	    0.298762	  0.00166141
          75	    0.277334	    0.298477	  0.00166364
          76	    0.284527	    0.298293	  0.00165185
          77	    0.334837	    0.298768	   0.0016972
          78	    0.346672	    0.299382	  0.00178311
          79	    0.296308	    0.299343	  0.00176096
          80	    0.286068	    0.299177	  0.00174675
          81	    0.309829	    0.299308	  0.00173013
          82	     0.30707	    0.299403	  0.00171162
          83	     0.26941	    0.299042	  0.00172872
          84	    0.305328	    0.299117	  0.00170976
          85	    0.282023	    0.298915	  0.00170143
          86	    0.282237	    0.298722	  0.00169266
          87	    0.294352	    0.298671	  0.00167395
          88	    0.311839	    0.298821	   0.0016616
          89	    0.335794	    0.299236	  0.00169407
          90	    0.285281	    0.299081	  0.00168233
          91	    0.323934	    0.299354	  0.00168586
          92	    0.289199	    0.299244	  0.00167115
          93	    0.303479	     0.29929	   0.0016538
          94	    0.290893	      0.2992	  0.00163861
          95	     0.28882	    0.299091	    0.001625
          96	    0.287115	    0.298966	  0.00161286
          97	    0.317877	    0.299161	  0.00160797
          98	    0.295154	     0.29912	  0.00159208
          99	    0.285828	    0.298986	  0.00158165
         100	    0.307854	    0.299075	  0.00156832
