#     BLOCK:   ACTUAL_CV:    CV_AVE:      ERROR:
           1	    0.167937	    0.167937	           0
           2	    0.183616	    0.175777	  0.00554329
           3	    0.175351	    0.175635	  0.00369735
           4	    0.179939	    0.176711	  0.00292542
           5	    0.177237	    0.176816	  0.00234223
           6	    0.188425	    0.178751	  0.00263239
           7	    0.172945	    0.177921	  0.00238342
           8	    0.185258	    0.178838	  0.00225502
           9	    0.176205	    0.178546	  0.00202336
          10	    0.175517	    0.178243	  0.00184355
          11	    0.172592	    0.177729	  0.00174607
          12	    0.175655	    0.177556	  0.00160909
          13	    0.180038	    0.177747	   0.0014966
          14	    0.175434	    0.177582	  0.00139879
          15	    0.176041	    0.177479	   0.0013093
          16	    0.175172	    0.177335	  0.00123538
          17	    0.177909	    0.177369	  0.00116317
          18	    0.169054	    0.176907	  0.00118674
          19	     0.19197	      0.1777	  0.00136362
          20	    0.187728	    0.178201	  0.00138456
          21	    0.181372	    0.178352	  0.00132684
          22	    0.174358	     0.17817	  0.00127889
          23	    0.185915	    0.178507	  0.00126683
          24	    0.172221	    0.178245	  0.00124083
          25	    0.165028	    0.177717	  0.00129895
          26	    0.178233	    0.177736	  0.00124914
          27	    0.196352	    0.178426	   0.0013801
          28	     0.17795	    0.178409	  0.00133092
          29	    0.181302	    0.178509	  0.00128876
          30	    0.170714	    0.178249	  0.00127172
          31	    0.183297	    0.178412	  0.00124108
          32	     0.17103	    0.178181	  0.00122355
          33	    0.176816	     0.17814	  0.00118717
          34	    0.178065	    0.178137	  0.00115226
          35	    0.190343	    0.178486	  0.00117092
          36	    0.194308	    0.178926	  0.00121809
          37	    0.170776	    0.178705	  0.00120492
          38	    0.166323	     0.17838	  0.00121647
          39	    0.181541	    0.178461	  0.00118798
          40	    0.181747	    0.178543	  0.00116111
          41	    0.180954	    0.178602	  0.00113428
          42	    0.181366	    0.178667	  0.00110918
          43	    0.164816	    0.178345	  0.00112919
          44	    0.183948	    0.178473	  0.00111069
          45	    0.196965	    0.178884	  0.00115954
          46	    0.170074	    0.178692	  0.00115003
          47	    0.173745	    0.178587	  0.00113037
          48	     0.17484	    0.178509	  0.00110952
          49	    0.180757	    0.178555	  0.00108782
          50	     0.18361	    0.178656	  0.00107075
          51	     0.17916	    0.178666	   0.0010498
          52	    0.171474	    0.178527	  0.00103868
          53	    0.196321	    0.178863	  0.00107197
          54	    0.194145	    0.179146	  0.00108884
          55	    0.163915	    0.178869	   0.0011037
          56	    0.174859	    0.178798	  0.00108631
          57	    0.166744	    0.178586	  0.00108764
          58	    0.169657	    0.178432	  0.00107972
          59	    0.182228	    0.178496	  0.00106334
          60	    0.166338	    0.178294	  0.00106475
          61	    0.172479	    0.178198	  0.00105155
          62	     0.19382	     0.17845	  0.00106435
          63	    0.162013	     0.17819	  0.00107896
          64	    0.172386	    0.178099	  0.00106591
          65	     0.18188	    0.178157	   0.0010511
          66	    0.172324	    0.178069	  0.00103888
          67	    0.179131	    0.178084	  0.00102349
          68	    0.174254	    0.178028	  0.00100999
          69	    0.174797	    0.177981	  0.00099644
          70	    0.169679	    0.177863	 0.000989239
          71	     0.16898	    0.177738	 0.000983185
          72	    0.180661	    0.177778	 0.000970368
          73	    0.160472	    0.177541	  0.00098561
          74	    0.185584	     0.17765	 0.000978266
          75	    0.161059	    0.177429	 0.000989918
          76	    0.176653	    0.177418	 0.000976946
          77	    0.174509	    0.177381	 0.000964989
          78	    0.187919	    0.177516	 0.000962029
          79	     0.16018	    0.177296	 0.000974557
          80	    0.177344	    0.177297	 0.000962375
          81	    0.175493	    0.177275	 0.000950752
          82	    0.172358	    0.177215	 0.000941046
          83	    0.181556	    0.177267	  0.00093116
          84	    0.187837	    0.177393	 0.000928538
          85	    0.174522	    0.177359	 0.000918228
          86	    0.172352	    0.177301	 0.000909395
          87	    0.174223	    0.177265	  0.00089963
          88	    0.168802	    0.177169	 0.000894533
          89	    0.181849	    0.177222	 0.000886026
          90	    0.168802	    0.177128	 0.000881106
          91	    0.175934	    0.177115	 0.000871521
          92	    0.166932	    0.177004	 0.000869049
          93	    0.173058	    0.176962	  0.00086074
          94	    0.176762	     0.17696	 0.000851586
          95	     0.19011	    0.177098	 0.000853797
          96	    0.184617	    0.177177	 0.000848488
          97	    0.175652	    0.177161	 0.000839886
          98	    0.180125	    0.177191	  0.00083186
          99	    0.164205	     0.17706	 0.000833736
         100	    0.178327	    0.177073	 0.000825494
