#     BLOCK:   ACTUAL_M:     M_AVE:       ERROR:
           1	    -0.01924	    -0.01924	           0
           2	     0.01408	    -0.00258	   0.0117804
           3	     0.03096	      0.0086	   0.0120419
           4	      0.0152	     0.01025	  0.00914377
           5	     0.03244	    0.014688	  0.00832263
           6	    -0.01616	  0.00954667	  0.00837432
           7	     0.02956	   0.0124057	  0.00765049
           8	     0.04232	    0.016145	  0.00755291
           9	      0.0098	     0.01544	  0.00674652
          10	    -0.02772	    0.011124	  0.00732343
          11	     0.00336	   0.0104182	  0.00669159
          12	     0.01744	   0.0110033	  0.00615949
          13	    -0.05004	  0.00630769	   0.0072581
          14	    -0.02892	  0.00379143	  0.00716257
          15	     0.06204	  0.00767467	  0.00766579
          16	    -0.00396	   0.0069475	  0.00722108
          17	     0.03088	  0.00835529	  0.00693218
          18	    -0.01072	  0.00729556	  0.00662757
          19	      -0.018	  0.00596421	  0.00641108
          20	    -0.02816	    0.004258	  0.00631348
          21	    -0.05892	  0.00124952	  0.00669135
          22	      -0.055	 -0.00130727	  0.00685831
          23	     0.03464	 0.000255652	  0.00673585
          24	      0.0008	 0.000278333	  0.00645523
          25	     0.02376	   0.0012176	  0.00626498
          26	    -0.01136	 0.000733846	  0.00604267
          27	     0.00788	 0.000998519	  0.00582466
          28	     0.02412	  0.00182429	  0.00567487
          29	    -0.00108	  0.00172414	  0.00548007
          30	     0.00528	  0.00184267	  0.00529868
          31	     0.04704	  0.00330065	  0.00532457
          32	      0.0188	    0.003785	  0.00518016
          33	    -0.01024	     0.00336	  0.00504059
          34	     0.00304	  0.00335059	  0.00489234
          35	     0.05548	     0.00484	  0.00497411
          36	    -0.00992	     0.00443	  0.00485281
          37	     0.06836	  0.00615784	  0.00501984
          38	    -0.05372	  0.00458211	  0.00512909
          39	     0.03052	  0.00524718	  0.00504051
          40	     0.00328	    0.005198	  0.00491474
          41	     0.04472	  0.00616195	  0.00488848
          42	     0.06496	   0.0075619	  0.00496851
          43	     0.02636	  0.00799907	  0.00487215
          44	     0.00148	  0.00785091	  0.00476367
          45	     -0.0126	  0.00739644	  0.00467944
          46	     0.02444	  0.00776696	  0.00459236
          47	    -0.00708	  0.00745106	   0.0045055
          48	    -0.02952	  0.00668083	  0.00447699
          49	       4e-05	  0.00654531	  0.00438767
          50	     0.03616	   0.0071376	  0.00433971
          51	    -0.01752	  0.00665412	  0.00428147
          52	    -0.00916	     0.00635	  0.00420992
          53	     0.00308	   0.0062883	  0.00413094
          54	    -0.00252	  0.00612519	  0.00405766
          55	     0.04528	  0.00683709	  0.00404585
          56	      0.0094	  0.00688286	  0.00397386
          57	    -0.07012	  0.00553193	  0.00412739
          58	    -0.01468	  0.00518345	  0.00407091
          59	      -0.023	  0.00470576	  0.00402984
          60	    -0.01788	  0.00432933	  0.00398022
          61	    -0.03388	  0.00370295	  0.00396395
          62	     -0.0118	   0.0034529	   0.0039079
          63	    -0.01308	  0.00319048	  0.00385467
          64	     0.00548	  0.00322625	  0.00379461
          65	     -0.0198	    0.002872	  0.00375273
          66	    -0.01516	  0.00259879	   0.0037058
          67	     -0.0466	  0.00186448	  0.00372253
          68	     0.02628	  0.00222353	  0.00368506
          69	     -0.0194	  0.00191014	  0.00364496
          70	     0.01372	  0.00207886	  0.00359679
          71	    -0.01676	  0.00181352	   0.0035559
          72	     0.01776	    0.002035	  0.00351341
          73	     0.01264	  0.00218027	  0.00346828
          74	    -0.02084	  0.00186919	  0.00343533
          75	     0.02608	    0.002192	  0.00340466
          76	      0.0116	  0.00231579	  0.00336211
          77	      0.0156	  0.00248831	  0.00332287
          78	    -0.03648	  0.00198872	  0.00331762
          79	     0.04268	   0.0025038	  0.00331537
          80	     0.03292	    0.002884	  0.00329565
          81	     0.01104	  0.00298469	   0.0032565
          82	    -0.00584	  0.00287707	  0.00321857
          83	     0.03272	  0.00323663	  0.00319981
          84	    -0.01144	   0.0030619	  0.00316648
          85	     -0.0436	  0.00251294	  0.00317646
          86	    -0.00348	  0.00244326	  0.00314029
          87	     -0.0048	     0.00236	   0.0031053
          88	    -0.04348	  0.00183909	  0.00311339
          89	     0.01648	   0.0020036	  0.00308275
          90	      0.0328	  0.00234578	  0.00306743
          91	     -0.0098	  0.00221231	  0.00303663
          92	    -0.01356	  0.00204087	  0.00300846
          93	    -0.00756	  0.00193763	  0.00297788
          94	    -0.00352	  0.00187957	  0.00294677
          95	     0.06352	  0.00252842	  0.00298633
          96	     0.04648	  0.00298625	  0.00299011
          97	     0.01148	  0.00307381	  0.00296056
          98	     0.02916	     0.00334	   0.0029423
          99	    -0.04636	  0.00283798	  0.00295509
         100	    -0.04012	   0.0024084	   0.0029566
