#     BLOCK:   ACTUAL_TE:    TE_AVE:      ERROR:
           1	   -0.332452	   -0.332452	           0
           2	   -0.331045	   -0.331748	  0.00049752
           3	    -0.32748	   -0.330326	  0.00120813
           4	   -0.340467	   -0.332861	  0.00237533
           5	   -0.334276	   -0.333144	  0.00191705
           6	   -0.340902	   -0.334437	  0.00198625
           7	   -0.335267	   -0.334556	  0.00170604
           8	   -0.339358	   -0.335156	  0.00159489
           9	   -0.327269	   -0.334279	  0.00164087
          10	   -0.347411	   -0.335593	  0.00193206
          11	   -0.343363	   -0.336299	  0.00188114
          12	   -0.339502	   -0.336566	  0.00174321
          13	   -0.335192	    -0.33646	  0.00161232
          14	   -0.330482	   -0.336033	  0.00155268
          15	   -0.331099	   -0.335704	   0.0014836
          16	   -0.335284	   -0.335678	  0.00139111
          17	   -0.336609	   -0.335733	  0.00131036
          18	   -0.334494	   -0.335664	  0.00123936
          19	   -0.333796	   -0.335566	  0.00117803
          20	   -0.340424	   -0.335809	   0.0011439
          21	   -0.341496	   -0.336079	  0.00112103
          22	   -0.338967	   -0.336211	  0.00107773
          23	   -0.330936	   -0.335981	  0.00105499
          24	   -0.329478	    -0.33571	  0.00104526
          25	   -0.336619	   -0.335747	  0.00100408
          26	   -0.334802	    -0.33571	 0.000966118
          27	   -0.343522	      -0.336	 0.000972688
          28	   -0.327406	   -0.335693	 0.000985186
          29	   -0.331342	   -0.335543	 0.000962571
          30	   -0.329683	   -0.335347	 0.000950095
          31	   -0.335232	   -0.335344	 0.000919454
          32	   -0.335122	   -0.335337	 0.000890747
          33	   -0.332899	   -0.335263	 0.000866812
          34	   -0.333883	   -0.335222	 0.000842267
          35	   -0.327142	   -0.334991	  0.00084925
          36	   -0.333528	   -0.334951	 0.000826632
          37	   -0.330652	   -0.334835	 0.000812414
          38	    -0.33583	   -0.334861	 0.000791457
          39	   -0.332098	    -0.33479	 0.000774328
          40	   -0.333533	   -0.334759	 0.000755607
          41	   -0.330326	    -0.33465	 0.000744873
          42	   -0.339069	   -0.334756	 0.000734529
          43	   -0.325999	   -0.334552	  0.00074514
          44	   -0.335112	   -0.334565	 0.000728314
          45	   -0.334881	   -0.334572	 0.000712163
          46	   -0.326073	   -0.334387	 0.000720249
          47	   -0.338464	   -0.334474	 0.000710129
          48	   -0.338542	   -0.334558	 0.000700375
          49	   -0.327981	   -0.334424	 0.000698828
          50	   -0.325854	   -0.334253	 0.000705557
          51	   -0.338945	   -0.334345	 0.000697695
          52	   -0.339406	   -0.334442	 0.000691032
          53	   -0.343016	   -0.334604	 0.000696672
          54	   -0.349561	   -0.334881	 0.000736776
          55	   -0.339189	   -0.334959	 0.000727532
          56	   -0.333578	   -0.334935	 0.000714958
          57	   -0.336824	   -0.334968	 0.000703183
          58	   -0.332036	   -0.334917	 0.000692873
          59	   -0.337486	   -0.334961	 0.000682496
          60	   -0.331065	   -0.334896	 0.000674203
          61	   -0.333254	   -0.334869	 0.000663687
          62	    -0.33599	   -0.334887	 0.000653229
          63	   -0.331598	   -0.334835	 0.000644943
          64	   -0.341843	   -0.334944	 0.000644095
          65	   -0.336028	   -0.334961	 0.000634402
          66	   -0.331006	   -0.334901	 0.000627613
          67	   -0.344246	    -0.33504	 0.000633553
          68	   -0.340015	   -0.335114	 0.000628446
          69	   -0.339759	   -0.335181	 0.000622934
          70	   -0.334849	   -0.335176	 0.000614053
          71	   -0.325741	   -0.335043	 0.000619618
          72	   -0.334774	    -0.33504	 0.000611023
          73	   -0.341385	   -0.335127	 0.000608804
          74	   -0.341488	   -0.335212	 0.000606616
          75	    -0.33475	   -0.335206	 0.000598559
          76	   -0.330426	   -0.335143	  0.00059398
          77	   -0.330122	   -0.335078	 0.000589834
          78	   -0.336506	   -0.335096	 0.000582556
          79	   -0.341931	   -0.335183	  0.00058157
          80	   -0.331182	   -0.335133	 0.000576447
          81	   -0.338126	    -0.33517	 0.000570513
          82	   -0.330428	   -0.335112	 0.000566479
          83	    -0.32651	   -0.335008	 0.000569054
          84	   -0.332302	   -0.334976	 0.000563191
          85	   -0.335181	   -0.334979	 0.000556571
          86	   -0.338955	   -0.335025	 0.000552016
          87	   -0.335198	   -0.335027	 0.000545675
          88	   -0.336478	   -0.335043	 0.000539723
          89	     -0.3367	   -0.335062	  0.00053398
          90	   -0.344549	   -0.335167	  0.00053835
          91	   -0.341653	   -0.335239	 0.000537131
          92	   -0.332551	   -0.335209	 0.000532086
          93	   -0.340296	   -0.335264	 0.000529168
          94	   -0.331896	   -0.335228	 0.000524751
          95	   -0.330936	   -0.335183	 0.000521168
          96	   -0.334486	   -0.335176	  0.00051579
          97	   -0.333282	   -0.335156	 0.000510842
          98	   -0.328944	   -0.335093	 0.000509548
          99	   -0.337264	   -0.335115	 0.000504872
         100	    -0.33423	   -0.335106	 0.000499901
