#     BLOCK:   ACTUAL_X:     X_AVE:       ERROR:
               1	         449.004	         449.004	               0
               2	         454.545	         451.775	         1.95933
               3	         454.545	         452.698	         1.50829
               4	         454.545	          453.16	         1.19984
               5	         454.545	         453.437	        0.991351
               6	         454.545	         453.622	        0.843161
               7	         454.545	         453.754	        0.732961
               8	         454.545	         453.853	        0.647987
               9	         454.545	          453.93	        0.580542
              10	         454.545	         453.991	        0.525743
              11	         454.545	         454.042	        0.480356
              12	         454.545	         454.084	        0.442157
              13	         454.545	         454.119	         0.40957
              14	         454.545	          454.15	        0.381445
              15	         454.545	         454.176	        0.356927
              16	         454.545	         454.199	        0.335365
              17	         454.545	         454.219	        0.316256
              18	         454.545	         454.238	        0.299204
              19	         454.545	         454.254	        0.283895
              20	         454.545	         454.268	        0.270075
              21	         454.545	         454.282	        0.257536
              22	         454.545	         454.294	        0.246109
              23	         454.545	         454.305	        0.235652
              24	         454.545	         454.315	        0.226047
              25	         454.545	         454.324	        0.217194
              26	         454.545	         454.332	        0.209008
              27	         454.545	          454.34	        0.201416
              28	         454.545	         454.348	        0.194356
              29	         454.545	         454.354	        0.187773
              30	         454.545	         454.361	        0.181622
              31	         454.545	         454.367	        0.175861
              32	         454.545	         454.372	        0.170454
              33	         454.545	         454.378	         0.16537
              34	         454.545	         454.382	         0.16058
              35	         454.545	         454.387	        0.156059
              36	         454.545	         454.392	        0.151786
              37	         454.545	         454.396	        0.147741
              38	         454.545	           454.4	        0.143906
              39	         454.545	         454.403	        0.140264
              40	         454.545	         454.407	        0.136803
              41	         454.545	          454.41	        0.133508
              42	         454.545	         454.414	        0.130368
              43	         454.545	         454.417	        0.127372
              44	         454.545	          454.42	        0.124511
              45	         454.545	         454.422	        0.121775
              46	         454.545	         454.425	        0.119158
              47	         454.545	         454.428	         0.11665
              48	         454.545	          454.43	        0.114246
              49	         454.545	         454.432	        0.111938
              50	         454.545	         454.435	        0.109722
              51	         454.545	         454.437	        0.107593
              52	         454.545	         454.439	        0.105544
              53	         454.545	         454.441	        0.103571
              54	         454.545	         454.443	        0.101672
              55	         454.545	         454.445	       0.0998401
              56	         454.545	         454.446	       0.0980735
              57	         454.545	         454.448	       0.0963683
              58	         454.545	          454.45	       0.0947213
              59	         454.545	         454.452	       0.0931297
              60	         454.545	         454.453	       0.0915907
              61	         454.545	         454.455	       0.0901017
              62	         454.545	         454.456	       0.0886604
              63	         454.545	         454.457	       0.0872644
              64	         454.545	         454.459	       0.0859118
              65	         454.545	          454.46	       0.0846004
              66	         454.545	         454.461	       0.0833284
              67	         454.545	         454.463	       0.0820941
              68	         454.545	         454.464	       0.0808959
              69	         454.545	         454.465	       0.0797321
              70	         454.545	         454.466	       0.0786013
              71	         454.545	         454.467	       0.0775022
              72	         454.545	         454.468	       0.0764333
              73	         454.545	          454.47	       0.0753936
              74	         454.545	         454.471	       0.0743817
              75	         454.545	         454.472	       0.0733966
              76	         454.545	         454.473	       0.0724373
              77	         454.545	         454.473	       0.0715028
              78	         454.545	         454.474	        0.070592
              79	         454.545	         454.475	       0.0697042
              80	         454.545	         454.476	       0.0688384
              81	         454.545	         454.477	       0.0679939
              82	         454.545	         454.478	       0.0671698
              83	         454.545	         454.479	       0.0663655
              84	         454.545	         454.479	       0.0655801
              85	         454.545	          454.48	       0.0648132
              86	         454.545	         454.481	        0.064064
              87	         454.545	         454.482	       0.0633319
              88	         454.545	         454.482	       0.0626164
              89	         454.545	         454.483	       0.0619168
              90	         454.545	         454.484	       0.0612327
              91	         454.545	         454.485	       0.0605636
              92	         454.545	         454.485	       0.0599089
              93	         454.545	         454.486	       0.0592682
              94	         454.545	         454.486	       0.0586411
              95	         454.545	         454.487	       0.0580271
              96	         454.545	         454.488	       0.0574258
              97	         454.545	         454.488	       0.0568369
              98	         454.545	         454.489	       0.0562599
              99	         454.545	         454.489	       0.0556945
             100	         454.545	          454.49	       0.0551404
             101	         454.545	         454.491	       0.0545972
             102	         454.545	         454.491	       0.0540646
             103	         454.545	         454.492	       0.0535422
             104	         454.545	         454.492	       0.0530299
             105	         454.545	         454.493	       0.0525273
             106	         454.545	         454.493	       0.0520341
             107	         454.545	         454.494	       0.0515501
             108	         454.545	         454.494	        0.051075
             109	         454.545	         454.495	       0.0506086
             110	         454.545	         454.495	       0.0501506
             111	         454.545	         454.496	       0.0497009
             112	         454.545	         454.496	       0.0492591
             113	         454.545	         454.496	       0.0488252
             114	         454.545	         454.497	       0.0483988
             115	         454.545	         454.497	       0.0479797
             116	         454.545	         454.498	       0.0475679
             117	         454.545	         454.498	       0.0471631
             118	         454.545	         454.498	       0.0467651
             119	         454.545	         454.499	       0.0463738
             120	         454.545	         454.499	        0.045989
             121	         454.545	           454.5	       0.0456105
             122	         454.545	           454.5	       0.0452382
             123	         454.545	           454.5	       0.0448719
             124	         454.545	         454.501	       0.0445115
             125	         454.545	         454.501	       0.0441569
             126	         454.545	         454.501	       0.0438078
             127	         454.545	         454.502	       0.0434642
             128	         454.545	         454.502	        0.043126
             129	         454.545	         454.502	        0.042793
             130	         454.545	         454.503	       0.0424651
             131	         454.545	         454.503	       0.0421422
             132	         454.545	         454.503	       0.0418241
             133	         454.545	         454.504	       0.0415109
             134	         454.545	         454.504	       0.0412022
             135	         454.545	         454.504	       0.0408982
             136	         454.545	         454.505	       0.0405986
             137	         454.545	         454.505	       0.0403033
             138	         454.545	         454.505	       0.0400123
             139	         454.545	         454.506	       0.0397255
             140	         454.545	         454.506	       0.0394428
             141	         454.545	         454.506	       0.0391641
             142	         454.545	         454.506	       0.0388892
             143	         454.545	         454.507	       0.0386182
             144	         454.545	         454.507	        0.038351
             145	         454.545	         454.507	       0.0380874
             146	         454.545	         454.507	       0.0378274
             147	         454.545	         454.508	        0.037571
             148	         454.545	         454.508	        0.037318
             149	         454.545	         454.508	       0.0370684
             150	         454.545	         454.509	       0.0368221
             151	         454.545	         454.509	       0.0365791
             152	         454.545	         454.509	       0.0363392
             153	         454.545	         454.509	       0.0361025
             154	         454.545	         454.509	       0.0358688
             155	         454.545	          454.51	       0.0356381
             156	         454.545	          454.51	       0.0354104
             157	         454.545	          454.51	       0.0351856
             158	         454.545	          454.51	       0.0349636
             159	         454.545	         454.511	       0.0347444
             160	         454.545	         454.511	        0.034528
             161	         454.545	         454.511	       0.0343142
             162	         454.545	         454.511	        0.034103
             163	         454.545	         454.511	       0.0338944
             164	         454.545	         454.512	       0.0336884
             165	         454.545	         454.512	       0.0334848
             166	         454.545	         454.512	       0.0332837
             167	         454.545	         454.512	        0.033085
             168	         454.545	         454.512	       0.0328887
             169	         454.545	         454.513	       0.0326947
             170	         454.545	         454.513	       0.0325029
             171	         454.545	         454.513	       0.0323134
             172	         454.545	         454.513	       0.0321261
             173	         454.545	         454.513	       0.0319409
             174	         454.545	         454.514	       0.0317579
             175	         454.545	         454.514	       0.0315769
             176	         454.545	         454.514	        0.031398
             177	         454.545	         454.514	       0.0312211
             178	         454.545	         454.514	       0.0310462
             179	         454.545	         454.514	       0.0308733
             180	         454.545	         454.515	       0.0307022
             181	         454.545	         454.515	       0.0305331
             182	         454.545	         454.515	       0.0303658
             183	         454.545	         454.515	       0.0302003
             184	         454.545	         454.515	       0.0300366
             185	         454.545	         454.515	       0.0298747
             186	         454.545	         454.516	       0.0297145
             187	         454.545	         454.516	        0.029556
             188	         454.545	         454.516	       0.0293993
             189	         454.545	         454.516	       0.0292441
             190	         454.545	         454.516	       0.0290906
             191	         454.545	         454.516	       0.0289387
             192	         454.545	         454.517	       0.0287884
             193	         454.545	         454.517	       0.0286396
             194	         454.545	         454.517	       0.0284924
             195	         454.545	         454.517	       0.0283466
             196	         454.545	         454.517	       0.0282024
             197	         454.545	         454.517	       0.0280596
             198	         454.545	         454.517	       0.0279182
             199	         454.545	         454.518	       0.0277783
             200	         454.545	         454.518	       0.0276397
