#     BLOCK:   ACTUAL_CV:    CV_AVE:      ERROR:
           1	    0.117173	    0.117173	           0
           2	    0.117729	    0.117451	 0.000196572
           3	    0.117066	    0.117323	 0.000167687
           4	    0.118618	    0.117647	 0.000307414
           5	    0.116223	    0.117362	 0.000353986
           6	    0.114396	    0.116868	 0.000539083
           7	    0.115812	    0.116717	 0.000482697
           8	    0.114857	    0.116484	 0.000475034
           9	    0.114517	    0.116266	 0.000469868
          10	     0.11931	     0.11657	 0.000512064
          11	    0.116262	    0.116542	 0.000466277
          12	    0.115012	    0.116415	 0.000444517
          13	    0.116629	    0.116431	  0.00041063
          14	    0.117668	     0.11652	 0.000390694
          15	    0.114724	      0.1164	 0.000382541
          16	    0.118273	    0.116517	 0.000376122
          17	     0.11756	    0.116578	 0.000358968
          18	    0.114552	    0.116466	 0.000356246
          19	    0.117163	    0.116502	 0.000339381
          20	    0.116488	    0.116502	 0.000322413
          21	     0.11681	    0.116516	 0.000307394
          22	    0.115643	    0.116477	 0.000295975
          23	    0.118956	    0.116584	 0.000302095
          24	    0.117917	     0.11664	 0.000294563
          25	     0.11719	    0.116662	 0.000283601
          26	    0.118509	    0.116733	 0.000281446
          27	    0.115991	    0.116706	 0.000272363
          28	    0.115924	    0.116678	  0.00026406
          29	    0.117046	     0.11669	  0.00025526
          30	    0.115775	     0.11666	  0.00024857
          31	    0.115863	    0.116634	 0.000241876
          32	    0.114523	    0.116568	 0.000243148
          33	    0.114144	    0.116495	 0.000246623
          34	    0.115028	    0.116452	 0.000243112
          35	    0.117017	    0.116468	 0.000236702
          36	    0.117035	    0.116483	  0.00023065
          37	    0.117624	    0.116514	 0.000226467
          38	    0.113421	    0.116433	 0.000234684
          39	    0.119423	     0.11651	 0.000240868
          40	    0.118894	    0.116569	 0.000242109
          41	    0.115634	    0.116546	 0.000237276
          42	    0.114719	    0.116503	  0.00023558
          43	    0.115306	    0.116475	 0.000231741
          44	    0.116206	    0.116469	 0.000226555
          45	    0.117041	    0.116482	 0.000221877
          46	    0.115843	    0.116468	 0.000217487
          47	    0.117202	    0.116483	 0.000213421
          48	    0.118686	    0.116529	 0.000213849
          49	    0.115089	      0.1165	 0.000211494
          50	    0.115318	    0.116476	 0.000208582
          51	    0.116426	    0.116475	 0.000204494
          52	     0.11701	    0.116485	  0.00020082
          53	    0.119379	     0.11654	 0.000204319
          54	    0.117432	    0.116557	 0.000201201
          55	    0.114347	    0.116516	 0.000201513
          56	    0.115471	    0.116498	 0.000198777
          57	    0.115836	    0.116486	 0.000195628
          58	    0.115923	    0.116476	 0.000192496
          59	    0.117191	    0.116489	 0.000189614
          60	    0.116917	    0.116496	 0.000186588
          61	    0.112208	    0.116425	 0.000196323
          62	    0.118365	    0.116457	 0.000195634
          63	    0.118805	    0.116494	 0.000196048
          64	    0.117345	    0.116507	 0.000193434
          65	    0.116237	    0.116503	 0.000190503
          66	    0.117007	    0.116511	  0.00018777
          67	    0.117426	    0.116524	 0.000185464
          68	    0.114696	    0.116498	 0.000184674
          69	    0.118749	     0.11653	 0.000184859
          70	    0.116819	    0.116534	 0.000182264
          71	    0.117728	    0.116551	  0.00018047
          72	    0.115861	    0.116542	 0.000178218
          73	    0.115582	    0.116528	 0.000176261
          74	    0.116989	    0.116535	 0.000173989
          75	    0.115292	    0.116518	 0.000172456
          76	    0.114691	    0.116494	 0.000171855
          77	    0.116576	    0.116495	 0.000169627
          78	    0.117797	    0.116512	 0.000168271
          79	    0.117104	    0.116519	 0.000166308
          80	    0.114938	    0.116499	 0.000165399
          81	    0.118313	    0.116522	 0.000164865
          82	    0.119777	    0.116562	 0.000167565
          83	    0.116313	    0.116559	 0.000165573
          84	     0.11524	    0.116543	 0.000164344
          85	    0.117589	    0.116555	 0.000162871
          86	    0.115351	    0.116541	 0.000161577
          87	     0.11746	    0.116552	 0.000160065
          88	    0.117322	     0.11656	 0.000158485
          89	    0.119999	    0.116599	 0.000161345
          90	    0.118572	    0.116621	 0.000161034
          91	    0.116795	    0.116623	 0.000159276
          92	    0.116312	     0.11662	  0.00015758
          93	    0.117958	    0.116634	 0.000156541
          94	    0.116064	    0.116628	 0.000154993
          95	    0.115191	    0.116613	 0.000154098
          96	    0.115932	    0.116606	 0.000152655
          97	    0.117722	    0.116617	 0.000151515
          98	    0.114812	    0.116599	 0.000151085
          99	     0.11883	    0.116621	 0.000151231
         100	    0.115236	    0.116607	 0.000150352
