#     BLOCK:   ACTUAL_TE:    TE_AVE:      ERROR:
               1	       -0.364437	       -0.364437	               0
               2	       -0.359866	       -0.362152	      0.00161594
               3	       -0.361578	       -0.361961	      0.00108854
               4	       -0.357053	       -0.360734	      0.00133996
               5	       -0.358511	       -0.360289	      0.00114334
               6	       -0.362366	       -0.360635	      0.00100383
               7	       -0.363788	       -0.361086	     0.000956157
               8	       -0.362596	       -0.361274	     0.000855059
               9	       -0.365187	       -0.361709	     0.000863524
              10	        -0.36204	       -0.361742	     0.000777807
              11	       -0.366098	       -0.362138	     0.000801571
              12	       -0.362218	       -0.362145	     0.000734801
              13	       -0.361014	       -0.362058	     0.000683409
              14	       -0.365122	       -0.362277	     0.000668722
              15	       -0.363595	       -0.362365	     0.000629892
              16	       -0.364513	       -0.362499	     0.000604668
              17	       -0.367217	       -0.362777	     0.000629584
              18	       -0.363744	        -0.36283	     0.000596899
              19	       -0.360122	       -0.362688	     0.000582251
              20	       -0.360711	       -0.362589	     0.000561463
              21	        -0.36378	       -0.362646	     0.000537582
              22	       -0.359215	        -0.36249	      0.00053529
              23	        -0.35866	       -0.362323	     0.000537286
              24	       -0.361735	       -0.362299	     0.000515458
              25	       -0.362054	       -0.362289	     0.000494933
              26	       -0.361173	       -0.362246	     0.000477754
              27	       -0.361873	       -0.362232	     0.000460259
              28	       -0.361386	       -0.362202	     0.000444813
              29	       -0.362649	       -0.362217	     0.000429741
              30	         -0.3636	       -0.362263	     0.000417881
              31	       -0.363057	       -0.362289	     0.000405183
              32	       -0.362035	       -0.362281	     0.000392599
              33	       -0.362544	       -0.362289	     0.000380783
              34	       -0.361302	        -0.36226	     0.000370688
              35	       -0.364778	       -0.362332	     0.000367014
              36	       -0.362683	       -0.362342	     0.000356949
              37	       -0.363646	       -0.362377	     0.000349037
              38	        -0.36284	       -0.362389	     0.000340065
              39	       -0.361892	       -0.362376	     0.000331584
              40	       -0.363395	       -0.362402	     0.000324271
              41	        -0.36257	       -0.362406	     0.000316388
              42	        -0.36479	       -0.362463	     0.000313905
              43	       -0.363969	       -0.362498	     0.000308554
              44	       -0.363177	       -0.362513	     0.000301927
              45	       -0.363969	       -0.362546	     0.000296947
              46	       -0.361439	       -0.362522	     0.000291464
              47	       -0.363731	       -0.362547	     0.000286397
              48	       -0.360993	       -0.362515	     0.000282253
              49	       -0.360075	       -0.362465	     0.000280853
              50	       -0.362766	       -0.362471	       0.0002753
              51	       -0.361544	       -0.362453	     0.000270501
              52	       -0.361759	        -0.36244	     0.000265628
              53	       -0.361659	       -0.362425	     0.000261024
              54	       -0.363447	       -0.362444	     0.000256875
              55	       -0.363003	       -0.362454	     0.000252406
              56	       -0.363555	       -0.362474	     0.000248663
              57	       -0.361453	       -0.362456	     0.000244945
              58	       -0.361987	       -0.362448	     0.000240855
              59	       -0.360365	       -0.362412	     0.000239346
              60	       -0.361036	       -0.362389	     0.000236454
              61	       -0.361081	       -0.362368	     0.000233549
              62	       -0.363269	       -0.362382	     0.000230234
              63	       -0.360685	       -0.362356	      0.00022815
              64	       -0.362887	       -0.362364	     0.000224737
              65	       -0.362925	       -0.362372	     0.000221445
              66	       -0.361805	       -0.362364	     0.000218256
              67	       -0.360578	       -0.362337	      0.00021662
              68	       -0.360053	       -0.362304	     0.000216023
              69	       -0.359795	       -0.362267	     0.000215931
              70	        -0.36224	       -0.362267	     0.000212847
              71	       -0.362808	       -0.362274	     0.000209986
              72	       -0.363927	       -0.362297	     0.000208319
              73	       -0.363375	       -0.362312	     0.000205988
              74	       -0.363817	       -0.362333	     0.000204205
              75	       -0.363833	       -0.362353	      0.00020246
              76	       -0.360972	       -0.362334	     0.000200609
              77	        -0.36283	       -0.362341	     0.000198107
              78	       -0.360885	       -0.362322	     0.000196444
              79	       -0.358962	        -0.36228	     0.000198508
              80	        -0.36346	       -0.362294	     0.000196574
              81	       -0.363019	       -0.362303	     0.000194351
              82	       -0.362372	       -0.362304	     0.000191982
              83	       -0.363552	       -0.362319	     0.000190257
              84	       -0.361884	       -0.362314	     0.000188062
              85	       -0.364038	       -0.362334	      0.00018694
              86	       -0.363376	       -0.362346	     0.000185159
              87	       -0.362228	       -0.362345	     0.000183035
              88	       -0.359367	       -0.362311	     0.000184057
              89	       -0.364058	       -0.362331	     0.000183032
              90	        -0.36131	       -0.362319	      0.00018135
              91	       -0.361491	        -0.36231	     0.000179585
              92	       -0.363479	       -0.362323	     0.000178082
              93	       -0.360428	       -0.362303	     0.000177329
              94	       -0.363032	        -0.36231	     0.000175612
              95	        -0.36018	       -0.362288	      0.00017519
              96	       -0.362224	       -0.362287	     0.000173366
              97	       -0.358775	       -0.362251	      0.00017532
              98	       -0.362763	       -0.362256	     0.000173609
              99	       -0.362262	       -0.362256	     0.000171855
             100	       -0.358981	       -0.362224	      0.00017323
             101	       -0.360575	       -0.362207	     0.000172282
             102	       -0.363118	       -0.362216	     0.000170824
             103	       -0.363715	       -0.362231	     0.000169784
             104	        -0.35944	       -0.362204	      0.00017026
             105	       -0.359043	       -0.362174	     0.000171279
             106	       -0.360276	       -0.362156	     0.000170597
             107	       -0.362028	       -0.362155	     0.000169006
             108	       -0.362154	       -0.362155	     0.000167441
             109	        -0.36237	       -0.362157	     0.000165917
             110	       -0.361419	        -0.36215	     0.000164544
             111	       -0.362176	        -0.36215	     0.000163062
             112	       -0.360407	       -0.362135	     0.000162347
             113	       -0.360401	       -0.362119	     0.000161634
             114	       -0.365274	       -0.362147	     0.000162568
             115	       -0.361409	       -0.362141	     0.000161281
             116	       -0.359229	       -0.362116	     0.000161832
             117	       -0.362196	       -0.362116	     0.000160451
             118	       -0.361001	       -0.362107	     0.000159369
             119	       -0.363035	       -0.362115	     0.000158221
             120	       -0.360581	       -0.362102	     0.000157418
             121	        -0.36161	       -0.362098	     0.000156169
             122	       -0.362073	       -0.362098	     0.000154889
             123	       -0.364541	       -0.362117	     0.000154898
             124	       -0.361264	        -0.36211	     0.000153802
             125	       -0.360482	       -0.362097	     0.000153122
             126	       -0.362632	       -0.362102	     0.000151966
             127	       -0.360748	       -0.362091	     0.000151143
             128	        -0.36198	        -0.36209	     0.000149964
             129	       -0.364731	       -0.362111	     0.000150192
             130	       -0.360339	       -0.362097	     0.000149654
             131	       -0.360209	       -0.362083	     0.000149204
             132	       -0.361072	       -0.362075	      0.00014827
             133	       -0.363372	       -0.362085	     0.000147476
             134	       -0.363454	       -0.362095	     0.000146729
             135	        -0.36135	       -0.362089	     0.000145746
             136	       -0.361593	       -0.362086	      0.00014472
             137	       -0.362548	       -0.362089	     0.000143703
             138	       -0.362123	       -0.362089	     0.000142662
             139	       -0.361066	       -0.362082	     0.000141825
             140	       -0.362919	       -0.362088	     0.000140938
             141	       -0.362224	       -0.362089	     0.000139942
             142	       -0.359789	       -0.362073	     0.000139891
             143	       -0.361608	        -0.36207	      0.00013895
             144	       -0.360685	        -0.36206	     0.000138317
             145	       -0.362569	       -0.362063	     0.000137408
             146	       -0.363391	       -0.362073	     0.000136768
             147	       -0.360481	       -0.362062	     0.000136265
             148	       -0.362998	       -0.362068	     0.000135491
             149	       -0.362451	       -0.362071	     0.000134606
             150	       -0.361991	        -0.36207	      0.00013371
             151	       -0.361271	       -0.362065	     0.000132929
             152	       -0.363936	       -0.362077	     0.000132623
             153	       -0.362534	        -0.36208	      0.00013179
             154	       -0.360664	       -0.362071	     0.000131255
             155	        -0.36369	       -0.362081	     0.000130823
             156	       -0.361362	       -0.362077	     0.000130066
             157	       -0.360402	       -0.362066	     0.000129674
             158	       -0.362786	       -0.362071	     0.000128933
             159	       -0.359896	       -0.362057	     0.000128845
             160	       -0.359496	       -0.362041	     0.000129031
             161	       -0.361026	       -0.362035	     0.000128383
             162	       -0.362315	       -0.362036	     0.000127602
             163	        -0.36172	       -0.362034	     0.000126834
             164	       -0.362152	       -0.362035	     0.000126063
             165	       -0.363689	       -0.362045	     0.000125697
             166	       -0.362804	        -0.36205	     0.000125023
             167	        -0.36496	       -0.362067	     0.000125483
             168	       -0.362917	       -0.362072	     0.000124838
             169	       -0.361291	       -0.362068	     0.000124184
             170	       -0.359574	       -0.362053	     0.000124317
             171	        -0.36208	       -0.362053	      0.00012359
             172	       -0.361469	        -0.36205	     0.000122918
             173	       -0.363072	       -0.362056	     0.000122349
             174	       -0.360243	       -0.362045	     0.000122089
             175	        -0.36213	       -0.362046	     0.000121392
             176	       -0.360894	       -0.362039	     0.000120879
             177	       -0.359547	       -0.362025	     0.000121013
             178	       -0.360823	       -0.362018	     0.000120522
             179	       -0.361639	       -0.362016	     0.000119867
             180	       -0.363448	       -0.362024	     0.000119465
             181	       -0.360525	       -0.362016	     0.000119092
             182	       -0.362563	       -0.362019	     0.000118475
             183	       -0.362004	       -0.362019	     0.000117828
             184	        -0.36374	       -0.362028	     0.000117558
             185	       -0.361625	       -0.362026	     0.000116943
             186	       -0.362328	       -0.362028	     0.000116325
             187	       -0.358898	       -0.362011	     0.000116901
             188	       -0.361755	       -0.362009	     0.000116287
             189	       -0.362077	        -0.36201	     0.000115672
             190	       -0.364249	       -0.362022	     0.000115662
             191	       -0.361342	       -0.362018	     0.000115111
             192	       -0.363718	       -0.362027	     0.000114852
             193	       -0.364812	       -0.362041	     0.000115159
             194	       -0.360608	       -0.362034	     0.000114803
             195	       -0.363554	       -0.362042	     0.000114478
             196	         -0.3613	       -0.362038	     0.000113957
             197	       -0.359413	       -0.362025	     0.000114155
             198	       -0.365304	       -0.362041	     0.000114774
             199	       -0.358521	       -0.362023	     0.000115552
             200	       -0.361059	       -0.362019	     0.000115075
             201	       -0.364277	        -0.36203	     0.000115049
             202	       -0.362653	       -0.362033	     0.000114521
             203	       -0.363097	       -0.362038	     0.000114077
             204	       -0.363052	       -0.362043	     0.000113626
             205	       -0.364977	       -0.362057	     0.000113969
             206	       -0.363099	       -0.362063	     0.000113528
             207	       -0.364301	       -0.362073	     0.000113493
             208	       -0.359282	        -0.36206	     0.000113738
             209	        -0.36044	       -0.362052	     0.000113458
             210	       -0.361814	       -0.362051	     0.000112923
             211	       -0.361259	       -0.362047	      0.00011245
             212	       -0.358093	       -0.362029	     0.000113456
             213	       -0.359781	       -0.362018	     0.000113413
             214	        -0.36138	       -0.362015	     0.000112923
             215	        -0.36095	        -0.36201	     0.000112506
             216	       -0.362598	       -0.362013	     0.000112018
             217	       -0.362456	       -0.362015	      0.00011152
             218	       -0.362938	       -0.362019	     0.000111089
             219	       -0.362307	        -0.36202	      0.00011059
             220	       -0.364589	       -0.362032	     0.000110702
             221	       -0.363942	       -0.362041	     0.000110538
             222	       -0.363689	       -0.362048	     0.000110289
             223	       -0.361191	       -0.362044	     0.000109861
             224	       -0.359985	       -0.362035	     0.000109755
             225	       -0.359936	       -0.362026	     0.000109663
             226	       -0.361936	       -0.362025	     0.000109178
             227	       -0.362008	       -0.362025	     0.000108697
             228	       -0.360646	       -0.362019	     0.000108389
             229	       -0.357159	       -0.361998	     0.000109974
             230	       -0.360258	       -0.361991	     0.000109756
             231	       -0.361376	       -0.361988	     0.000109313
             232	       -0.361624	       -0.361986	     0.000108853
             233	       -0.360066	       -0.361978	     0.000108697
             234	       -0.362622	       -0.361981	     0.000108268
             235	       -0.363581	       -0.361988	     0.000108021
             236	       -0.364366	       -0.361998	     0.000108033
             237	       -0.363516	       -0.362004	     0.000107767
             238	       -0.363372	        -0.36201	     0.000107467
             239	       -0.360646	       -0.362004	     0.000107169
             240	       -0.361257	       -0.362001	     0.000106767
             241	        -0.36228	       -0.362002	     0.000106331
             242	       -0.362217	       -0.362003	     0.000105895
             243	       -0.358364	       -0.361988	     0.000106513
             244	       -0.362565	        -0.36199	     0.000106103
             245	       -0.360872	       -0.361986	     0.000105768
             246	       -0.364369	       -0.361996	      0.00010578
             247	         -0.3618	       -0.361995	     0.000105355
             248	       -0.364002	       -0.362003	     0.000105241
             249	       -0.362185	       -0.362004	     0.000104821
             250	       -0.362253	       -0.362005	     0.000104406
             251	        -0.36453	       -0.362015	     0.000104474
             252	       -0.362292	       -0.362016	     0.000104065
             253	       -0.363568	       -0.362022	     0.000103834
             254	       -0.360569	       -0.362016	     0.000103583
             255	       -0.360974	       -0.362012	     0.000103257
             256	       -0.361882	       -0.362012	     0.000102855
             257	       -0.358825	       -0.361999	       0.0001032
             258	       -0.362243	          -0.362	     0.000102804
             259	       -0.360702	       -0.361995	     0.000102529
             260	       -0.359738	       -0.361986	     0.000102501
             261	        -0.36111	       -0.361983	     0.000102164
             262	        -0.36133	       -0.361981	     0.000101804
             263	       -0.363018	       -0.361985	     0.000101493
             264	       -0.363779	       -0.361991	     0.000101336
             265	        -0.36278	       -0.361994	     0.000100998
             266	       -0.363793	       -0.362001	     0.000100844
             267	       -0.362589	       -0.362003	      0.00010049
             268	       -0.360442	       -0.361997	     0.000100284
             269	        -0.36124	       -0.361995	     9.99509e-05
             270	       -0.365011	       -0.362006	     0.000100203
             271	       -0.362125	       -0.362006	     9.98342e-05
             272	       -0.363042	        -0.36201	     9.95398e-05
             273	       -0.359252	          -0.362	     9.96865e-05
             274	       -0.362522	       -0.362002	     9.93409e-05
             275	       -0.360706	       -0.361997	     9.90914e-05
             276	       -0.363993	       -0.362004	     9.89958e-05
             277	       -0.363183	       -0.362009	     9.87299e-05
             278	       -0.360613	       -0.362004	     9.85023e-05
             279	       -0.362064	       -0.362004	     9.81495e-05
             280	       -0.361465	       -0.362002	     9.78179e-05
             281	       -0.361325	          -0.362	     9.74994e-05
             282	       -0.363365	       -0.362004	     9.72738e-05
             283	       -0.361178	       -0.362001	     9.69739e-05
             284	       -0.362896	       -0.362005	     9.66835e-05
             285	       -0.363756	       -0.362011	     9.65394e-05
             286	       -0.360781	       -0.362006	     9.62975e-05
             287	       -0.358942	       -0.361996	     9.65521e-05
             288	       -0.360627	       -0.361991	     9.63338e-05
             289	       -0.360825	       -0.361987	     9.60849e-05
             290	       -0.360134	       -0.361981	     9.59658e-05
             291	       -0.363121	       -0.361984	      9.5716e-05
             292	       -0.363467	        -0.36199	     9.55227e-05
             293	       -0.362423	       -0.361991	     9.52081e-05
             294	       -0.363392	       -0.361996	     9.50034e-05
             295	       -0.361982	       -0.361996	     9.46814e-05
             296	       -0.363016	       -0.361999	     9.44243e-05
             297	       -0.362264	          -0.362	     9.41106e-05
             298	        -0.36183	          -0.362	     9.37965e-05
             299	       -0.362879	       -0.362002	     9.35289e-05
             300	       -0.360213	       -0.361997	     9.34071e-05
             301	       -0.360551	       -0.361992	     9.32202e-05
             302	       -0.363404	       -0.361996	     9.30287e-05
             303	       -0.363025	          -0.362	     9.27836e-05
             304	       -0.359215	       -0.361991	     9.29296e-05
             305	       -0.363832	       -0.361997	     9.28209e-05
             306	       -0.363176	       -0.362001	     9.25976e-05
             307	       -0.361494	       -0.361999	     9.23106e-05
             308	       -0.362474	          -0.362	     9.20238e-05
             309	       -0.361841	          -0.362	     9.17274e-05
             310	       -0.361475	       -0.361998	     9.14471e-05
             311	        -0.36302	       -0.362001	     9.12121e-05
             312	       -0.360993	       -0.361998	      9.0977e-05
             313	       -0.359962	       -0.361992	     9.09187e-05
             314	        -0.36036	       -0.361987	     9.07776e-05
             315	       -0.362311	       -0.361988	     9.04952e-05
             316	       -0.359115	       -0.361978	     9.06642e-05
             317	       -0.363073	       -0.361982	     9.04439e-05
             318	       -0.361259	        -0.36198	     9.01881e-05
             319	       -0.361617	       -0.361979	     8.99125e-05
             320	       -0.363446	       -0.361983	     8.97483e-05
             321	       -0.360229	       -0.361978	     8.96349e-05
             322	        -0.36025	       -0.361972	      8.9517e-05
             323	       -0.362012	       -0.361972	     8.92399e-05
             324	       -0.361209	        -0.36197	     8.89956e-05
             325	       -0.362442	       -0.361972	     8.87336e-05
             326	       -0.362946	       -0.361974	     8.85117e-05
             327	       -0.360966	       -0.361971	     8.82947e-05
             328	       -0.363091	       -0.361975	     8.80915e-05
             329	       -0.363917	       -0.361981	     8.80213e-05
             330	       -0.360922	       -0.361978	     8.78129e-05
             331	       -0.360275	       -0.361972	     8.76982e-05
             332	       -0.361482	       -0.361971	     8.74465e-05
             333	       -0.362713	       -0.361973	     8.72123e-05
             334	        -0.36189	       -0.361973	     8.69515e-05
             335	       -0.362463	       -0.361974	     8.67043e-05
             336	       -0.363623	       -0.361979	      8.6585e-05
             337	       -0.359895	       -0.361973	     8.65487e-05
             338	       -0.362678	       -0.361975	     8.63177e-05
             339	        -0.36421	       -0.361982	     8.63146e-05
             340	       -0.363376	       -0.361986	     8.61581e-05
             341	       -0.362706	       -0.361988	     8.59313e-05
             342	       -0.362979	       -0.361991	     8.57289e-05
             343	       -0.363183	       -0.361994	     8.55494e-05
             344	       -0.361239	       -0.361992	     8.53289e-05
             345	       -0.360219	       -0.361987	     8.52362e-05
             346	       -0.364254	       -0.361994	     8.52412e-05
             347	        -0.36095	       -0.361991	     8.50485e-05
             348	       -0.361966	        -0.36199	     8.48041e-05
             349	       -0.362383	       -0.361992	     8.45686e-05
             350	       -0.362151	       -0.361992	     8.43282e-05
             351	       -0.361289	        -0.36199	     8.41118e-05
             352	       -0.361852	        -0.36199	     8.38738e-05
             353	       -0.362665	       -0.361992	      8.3658e-05
             354	       -0.362241	       -0.361992	     8.34246e-05
             355	       -0.363557	       -0.361997	     8.33059e-05
             356	       -0.362287	       -0.361997	     8.30759e-05
             357	        -0.36192	       -0.361997	     8.28435e-05
             358	       -0.360702	       -0.361994	     8.26911e-05
             359	       -0.357929	       -0.361982	     8.32322e-05
             360	       -0.361181	        -0.36198	     8.30307e-05
             361	       -0.361047	       -0.361978	     8.28409e-05
             362	        -0.36217	       -0.361978	     8.26138e-05
             363	       -0.361104	       -0.361976	     8.24213e-05
             364	       -0.360389	       -0.361971	       8.231e-05
             365	       -0.363365	       -0.361975	     8.21731e-05
             366	       -0.362181	       -0.361976	     8.19505e-05
             367	       -0.361415	       -0.361974	     8.17414e-05
             368	       -0.363494	       -0.361978	     8.16235e-05
             369	       -0.362764	        -0.36198	     8.14301e-05
             370	        -0.36127	       -0.361978	     8.12326e-05
             371	       -0.361315	       -0.361977	     8.10334e-05
             372	       -0.361942	       -0.361977	     8.08156e-05
             373	       -0.367778	       -0.361992	     8.20821e-05
             374	       -0.364645	       -0.361999	     8.21687e-05
             375	       -0.362275	          -0.362	     8.19528e-05
             376	       -0.360366	       -0.361996	       8.185e-05
             377	       -0.361306	       -0.361994	     8.16533e-05
             378	       -0.361803	       -0.361993	     8.14389e-05
             379	       -0.362628	       -0.361995	     8.12412e-05
             380	       -0.359479	       -0.361988	     8.12967e-05
             381	       -0.362572	        -0.36199	     8.10978e-05
             382	       -0.362133	        -0.36199	     8.08863e-05
             383	       -0.358903	       -0.361982	     8.10758e-05
             384	       -0.362323	       -0.361983	     8.08696e-05
             385	       -0.362556	       -0.361985	     8.06732e-05
             386	       -0.362926	       -0.361987	      8.0501e-05
             387	       -0.362445	       -0.361988	     8.03017e-05
             388	       -0.364664	       -0.361995	     8.03903e-05
             389	       -0.360732	       -0.361992	     8.02491e-05
             390	       -0.361384	        -0.36199	     8.00585e-05
             391	       -0.361501	       -0.361989	     7.98635e-05
             392	       -0.360966	       -0.361986	     7.97023e-05
             393	       -0.361065	       -0.361984	      7.9534e-05
             394	       -0.362228	       -0.361985	     7.93346e-05
             395	       -0.362562	       -0.361986	     7.91472e-05
             396	       -0.362166	       -0.361987	     7.89486e-05
             397	       -0.359256	        -0.36198	     7.90489e-05
             398	       -0.359317	       -0.361973	     7.91329e-05
             399	       -0.360594	        -0.36197	     7.90099e-05
             400	       -0.360164	       -0.361965	     7.89412e-05
             401	       -0.361948	       -0.361965	     7.87444e-05
             402	       -0.358479	       -0.361956	     7.90245e-05
             403	       -0.361617	       -0.361956	     7.88329e-05
             404	        -0.36307	       -0.361958	      7.8686e-05
             405	       -0.361844	       -0.361958	     7.84922e-05
             406	       -0.363024	       -0.361961	     7.83428e-05
             407	        -0.36295	       -0.361963	     7.81881e-05
             408	       -0.363092	       -0.361966	     7.80454e-05
             409	       -0.363096	       -0.361969	     7.79034e-05
             410	       -0.359905	       -0.361964	     7.78759e-05
             411	       -0.362991	       -0.361966	     7.77265e-05
             412	       -0.361997	       -0.361966	     7.75379e-05
             413	       -0.361079	       -0.361964	     7.73799e-05
             414	       -0.362866	       -0.361966	     7.72236e-05
             415	       -0.360796	       -0.361963	      7.7089e-05
             416	       -0.363894	       -0.361968	     7.70433e-05
             417	       -0.364356	       -0.361974	      7.7071e-05
             418	       -0.361644	       -0.361973	     7.68907e-05
             419	       -0.363981	       -0.361978	     7.68564e-05
             420	         -0.3606	       -0.361974	     7.67434e-05
             421	        -0.36051	       -0.361971	     7.66398e-05
             422	       -0.358756	       -0.361963	      7.6836e-05
             423	       -0.360374	        -0.36196	     7.67462e-05
             424	       -0.363742	       -0.361964	     7.66803e-05
             425	       -0.361214	       -0.361962	     7.65202e-05
             426	       -0.360025	       -0.361957	     7.64755e-05
             427	       -0.364608	       -0.361964	      7.6548e-05
             428	       -0.361827	       -0.361963	     7.63698e-05
             429	        -0.36201	       -0.361963	     7.61918e-05
             430	       -0.362664	       -0.361965	     7.60321e-05
             431	       -0.364698	       -0.361971	     7.61197e-05
             432	       -0.364839	       -0.361978	     7.62323e-05
             433	       -0.361461	       -0.361977	     7.60656e-05
             434	       -0.363178	        -0.36198	     7.59406e-05
             435	       -0.364062	       -0.361984	     7.59167e-05
             436	       -0.363835	       -0.361989	     7.58612e-05
             437	       -0.361299	       -0.361987	      7.5704e-05
             438	       -0.362267	       -0.361988	     7.55339e-05
             439	       -0.362237	       -0.361988	      7.5364e-05
             440	       -0.360752	       -0.361985	      7.5245e-05
             441	       -0.362651	       -0.361987	     7.50895e-05
             442	       -0.361974	       -0.361987	     7.49196e-05
             443	       -0.360023	       -0.361983	     7.48816e-05
             444	       -0.362064	       -0.361983	     7.47132e-05
             445	       -0.362447	       -0.361984	     7.45526e-05
             446	       -0.362149	       -0.361984	     7.43863e-05
             447	       -0.360847	       -0.361982	     7.42634e-05
             448	       -0.361129	        -0.36198	     7.41221e-05
             449	        -0.36108	       -0.361978	     7.39841e-05
             450	       -0.361384	       -0.361976	     7.38314e-05
             451	       -0.362426	       -0.361977	     7.36745e-05
             452	       -0.361625	       -0.361977	     7.35156e-05
             453	       -0.360719	       -0.361974	     7.34057e-05
             454	       -0.362092	       -0.361974	     7.32445e-05
             455	       -0.361882	       -0.361974	     7.30838e-05
             456	       -0.360221	        -0.36197	     7.30245e-05
             457	       -0.363017	       -0.361972	     7.29007e-05
             458	       -0.361899	       -0.361972	     7.27417e-05
             459	       -0.366537	       -0.361982	     7.32599e-05
             460	       -0.358703	       -0.361975	     7.34467e-05
             461	       -0.363681	       -0.361979	     7.33806e-05
             462	       -0.360587	       -0.361976	     7.32835e-05
             463	       -0.361875	       -0.361975	     7.31255e-05
             464	       -0.360297	       -0.361972	     7.30573e-05
             465	       -0.360637	       -0.361969	     7.29566e-05
             466	       -0.360615	       -0.361966	     7.28579e-05
             467	       -0.362193	       -0.361967	     7.27035e-05
             468	       -0.363141	       -0.361969	     7.25914e-05
             469	       -0.360616	       -0.361966	      7.2494e-05
             470	       -0.360134	       -0.361962	     7.24444e-05
             471	       -0.361957	       -0.361962	     7.22906e-05
             472	       -0.361735	       -0.361962	     7.21391e-05
             473	       -0.361348	        -0.36196	     7.19982e-05
             474	        -0.36208	       -0.361961	     7.18468e-05
             475	       -0.361366	       -0.361959	     7.17064e-05
             476	       -0.363803	       -0.361963	     7.16603e-05
             477	       -0.361624	       -0.361963	     7.15136e-05
             478	       -0.361924	       -0.361963	      7.1364e-05
             479	       -0.359874	       -0.361958	     7.13482e-05
             480	       -0.361784	       -0.361958	     7.12004e-05
             481	       -0.359073	       -0.361952	     7.13045e-05
             482	       -0.360133	       -0.361948	     7.12564e-05
             483	       -0.361983	       -0.361948	     7.11089e-05
             484	       -0.360354	       -0.361945	     7.10382e-05
             485	       -0.365096	       -0.361951	     7.11882e-05
             486	       -0.363597	       -0.361955	     7.11222e-05
             487	       -0.359493	        -0.36195	     7.11556e-05
             488	       -0.362728	       -0.361951	     7.10277e-05
             489	       -0.359176	       -0.361946	     7.11088e-05
             490	       -0.360195	       -0.361942	     7.10534e-05
             491	       -0.362232	       -0.361943	     7.09111e-05
             492	          -0.361	       -0.361941	     7.07929e-05
             493	       -0.360456	       -0.361938	     7.07133e-05
             494	       -0.360086	       -0.361934	     7.06695e-05
             495	       -0.362162	       -0.361934	     7.05282e-05
             496	       -0.361132	       -0.361933	     7.04046e-05
             497	       -0.362958	       -0.361935	     7.02931e-05
             498	       -0.360726	       -0.361932	     7.01939e-05
             499	       -0.360201	       -0.361929	     7.01389e-05
             500	       -0.365267	       -0.361936	     7.03157e-05
