#     BLOCK:   ACTUAL_M:     M_AVE:       ERROR:
           1	    -0.00836	    -0.00836	           0
           2	      0.0168	     0.00422	   0.0088954
           3	     0.02152	  0.00998667	  0.00757217
           4	     0.04624	     0.01905	  0.00968816
           5	     0.03512	    0.022264	  0.00826647
           6	    -0.00584	     0.01758	  0.00810788
           7	      0.0732	   0.0255257	   0.0101199
           8	      0.0828	    0.032685	   0.0111022
           9	     0.02596	   0.0319378	   0.0098937
          10	     0.01004	    0.029748	  0.00914345
          11	     0.02224	   0.0290655	  0.00833766
          12	     0.01144	   0.0275967	  0.00777115
          13	    -0.00196	   0.0253231	  0.00749859
          14	    -0.03368	   0.0211086	  0.00806079
          15	     0.06812	   0.0242427	  0.00810983
          16	      0.0348	   0.0249025	  0.00762976
          17	     0.03196	   0.0253176	  0.00719224
          18	     0.02016	   0.0250311	  0.00679837
          19	    -0.02416	   0.0224421	    0.006916
          20	     0.02368	    0.022504	  0.00657048
          21	    -0.09192	   0.0170552	  0.00821175
          22	    -0.04808	   0.0140945	  0.00835518
          23	     0.06852	   0.0164609	  0.00832026
          24	    -0.01776	    0.015035	  0.00809484
          25	      0.0204	   0.0152496	  0.00777389
          26	    -0.06352	     0.01222	   0.0080436
          27	    -0.00776	     0.01148	  0.00777965
          28	     0.06024	   0.0132214	  0.00769424
          29	     0.03588	   0.0140028	  0.00746849
          30	    -0.00088	   0.0135067	    0.007236
          31	     0.01732	   0.0136297	  0.00700363
          32	      0.0108	   0.0135413	  0.00678532
          33	    -0.05176	   0.0115624	  0.00686219
          34	    -0.00776	   0.0109941	  0.00668385
          35	      0.0868	     0.01316	   0.0068348
          36	    -0.00252	   0.0127244	  0.00665881
          37	      0.0858	   0.0146995	   0.0067654
          38	    -0.02556	     0.01364	  0.00666981
          39	     0.01976	   0.0137969	  0.00650063
          40	     0.05628	    0.014859	  0.00642429
          41	      0.0562	   0.0158673	  0.00634624
          42	     0.08544	   0.0175238	  0.00640768
          43	      0.0608	   0.0185302	  0.00633721
          44	     0.07948	   0.0199155	  0.00634277
          45	    -0.05016	   0.0183582	  0.00639012
          46	      0.0238	   0.0184765	   0.0062523
          47	      0.0028	    0.018143	  0.00612816
          48	    -0.05016	     0.01672	  0.00616349
          49	     0.06656	   0.0177371	  0.00612105
          50	     0.10116	   0.0194056	  0.00622187
          51	      -0.045	   0.0181427	  0.00622672
          52	     0.01272	   0.0180385	  0.00610784
          53	     0.00068	   0.0177109	  0.00600138
          54	     0.03328	   0.0179993	  0.00589716
          55	     0.05676	    0.018704	   0.0058319
          56	    -0.03044	   0.0178264	  0.00579341
          57	    -0.11204	   0.0155481	  0.00612341
          58	     0.01328	    0.015509	  0.00601795
          59	     -0.1026	   0.0135071	  0.00624003
          60	      0.0064	   0.0133887	  0.00613716
          61	    -0.06596	   0.0120879	  0.00617286
          62	      0.0248	   0.0122929	   0.0060767
          63	     0.02024	    0.012419	  0.00598156
          64	      -0.018	   0.0119438	  0.00590695
          65	    -0.02624	   0.0113563	  0.00584521
          66	     0.01024	   0.0113394	  0.00575667
          67	    -0.02612	   0.0107803	  0.00569784
          68	     0.01896	   0.0109006	  0.00561531
          69	     -0.0746	  0.00966145	  0.00566901
          70	     -0.0014	  0.00950343	  0.00559022
          71	     0.03128	  0.00981014	  0.00551989
          72	     0.01268	     0.00985	  0.00544337
          73	     0.02728	   0.0100888	  0.00537404
          74	       0.005	     0.01002	  0.00530186
          75	     0.02824	   0.0102629	  0.00523673
          76	     0.04492	   0.0107189	  0.00518764
          77	     0.03712	   0.0110618	  0.00513159
          78	     -0.0252	   0.0105969	  0.00508681
          79	    -0.00832	   0.0103575	  0.00502806
          80	    -0.00716	   0.0101385	  0.00496997
          81	    -0.06776	  0.00917679	  0.00500079
          82	    -0.03512	  0.00863659	   0.0049689
          83	      0.0224	  0.00880241	   0.0049118
          84	 3.60822e-18	  0.00869762	  0.00485445
          85	    -0.02512	  0.00829976	  0.00481361
          86	     0.05808	   0.0088786	  0.00479231
          87	    -0.06604	  0.00801747	  0.00481398
          88	     -0.0636	  0.00720364	  0.00482757
          89	     0.04648	  0.00764494	  0.00479346
          90	      0.0534	  0.00815333	  0.00476708
          91	     0.03104	  0.00840484	  0.00472133
          92	    -0.02448	  0.00804739	  0.00468352
          93	    -0.04564	  0.00747011	   0.0046686
          94	     0.01532	  0.00755362	  0.00461968
          95	     0.02292	  0.00771537	  0.00457389
          96	     0.02864	  0.00793333	  0.00453143
          97	     0.07112	  0.00858474	  0.00453129
          98	    -0.00844	  0.00841102	  0.00448839
          99	    -0.02604	  0.00806303	  0.00445652
         100	    -0.01604	    0.007822	  0.00441847
