#     BLOCK:   ACTUAL_X:     X_AVE:       ERROR:
           1	     3.73319	     3.73319	           0
           2	     3.80975	     3.77147	   0.0270689
           3	     2.98913	     3.51069	     0.21369
           4	     4.17775	     3.67745	     0.21574
           5	     3.81763	     3.70549	    0.174404
           6	     3.61975	      3.6912	    0.145921
           7	     3.24713	     3.62776	    0.138179
           8	     3.00413	      3.5498	    0.141194
           9	     3.94081	     3.59325	     0.13202
          10	     3.75794	     3.60972	    0.119841
          11	       4.307	     3.67311	    0.124588
          12	     3.16525	     3.63079	    0.121181
          13	     2.98494	     3.58111	    0.121618
          14	      3.3255	     3.56285	    0.114293
          15	     3.80369	      3.5789	    0.107795
          16	       3.118	      3.5501	    0.104836
          17	     3.68469	     3.55801	    0.098968
          18	     4.12413	     3.58947	   0.0983402
          19	       3.853	     3.60334	   0.0941374
          20	     3.84425	     3.61538	    0.090198
          21	     3.94313	     3.63099	   0.0872426
          22	     4.05488	     3.65026	   0.0853781
          23	     3.43256	     3.64079	    0.082189
          24	       3.585	     3.63847	   0.0787973
          25	     3.94825	     3.65086	   0.0766136
          26	     5.28662	     3.71377	   0.0960872
          27	      2.8635	     3.68228	   0.0975526
          28	     4.41225	     3.70835	   0.0974899
          29	     3.76256	     3.71022	   0.0941461
          30	     3.27312	     3.69565	   0.0921284
          31	     3.27044	     3.68193	   0.0901718
          32	     4.59812	     3.71056	   0.0917869
          33	       3.719	     3.71082	   0.0890058
          34	     3.37613	     3.70098	   0.0869307
          35	     4.15637	     3.71399	   0.0854151
          36	     4.12094	     3.72529	   0.0837872
          37	     3.99781	     3.73266	   0.0818457
          38	     3.38431	     3.72349	   0.0802036
          39	     3.02263	     3.70552	   0.0801352
          40	     4.08631	     3.71504	   0.0786952
          41	     3.08156	     3.69959	   0.0782779
          42	     3.90975	     3.70459	   0.0765739
          43	     4.02937	     3.71215	   0.0751647
          44	     4.42544	     3.72836	   0.0751843
          45	     4.12825	     3.73724	   0.0740368
          46	     4.02531	     3.74351	   0.0726917
          47	     3.74587	     3.74356	   0.0711451
          48	       3.464	     3.73773	   0.0699009
          49	     3.42912	     3.73143	   0.0687575
          50	     3.45556	     3.72592	   0.0676033
          51	     4.91331	      3.7492	   0.0701725
          52	     3.66525	     3.74758	   0.0688416
          53	     3.04394	     3.73431	    0.068811
          54	     3.67375	     3.73319	   0.0675458
          55	     3.73044	     3.73314	   0.0663177
          56	     3.33556	     3.72604	   0.0655124
          57	     4.09856	     3.73257	   0.0646882
          58	       4.037	     3.73782	   0.0637855
          59	     5.02606	     3.75966	   0.0663363
          60	     3.02275	     3.74737	   0.0663579
          61	     4.30544	     3.75652	   0.0658977
          62	       3.855	     3.75811	    0.064854
          63	     2.76288	     3.74231	   0.0657204
          64	       3.456	     3.73784	   0.0648456
          65	      3.9745	     3.74148	   0.0639501
          66	     4.05525	     3.74623	   0.0631577
          67	     3.57169	     3.74363	   0.0622687
          68	     3.43887	     3.73915	   0.0615141
          69	     3.74044	     3.73917	   0.0606226
          70	     4.15606	     3.74512	   0.0600484
          71	     3.45113	     3.74098	   0.0593452
          72	     3.57431	     3.73867	   0.0585661
          73	     3.29363	     3.73257	   0.0580803
          74	     3.51231	     3.72959	   0.0573716
          75	     3.71338	     3.72938	   0.0566071
          76	     4.62469	     3.74116	   0.0570749
          77	       3.183	     3.73391	   0.0567921
          78	     3.51688	     3.73113	   0.0561321
          79	       4.306	      3.7384	   0.0558913
          80	     3.84406	     3.73972	   0.0552082
          81	     4.68337	     3.75137	   0.0557423
          82	      4.0455	     3.75496	   0.0551778
          83	     4.52212	      3.7642	   0.0552817
          84	     2.48212	     3.74894	   0.0566914
          85	     3.04675	     3.74068	   0.0566232
          86	     3.66675	     3.73982	   0.0559713
          87	     4.15744	     3.74462	   0.0555334
          88	     3.32388	     3.73984	   0.0551078
          89	       3.654	     3.73888	    0.054497
          90	     4.09644	     3.74285	   0.0540361
          91	     3.74775	      3.7429	   0.0534424
          92	     3.49763	     3.74024	   0.0529279
          93	     4.10894	      3.7442	   0.0525071
          94	     4.04269	     3.74738	   0.0520444
          95	     3.88731	     3.74885	   0.0515174
          96	      3.4505	     3.74574	   0.0510744
          97	      4.2515	     3.75095	   0.0508133
          98	     4.12519	     3.75477	   0.0504381
          99	     3.37244	     3.75091	   0.0500763
         100	     3.04981	      3.7439	   0.0500639
