#     BLOCK:   ACTUAL_M:     M_AVE:       ERROR:
               1	         0.02964	         0.02964	               0
               2	         0.00344	         0.01654	       0.0092631
               3	         0.00472	          0.0126	      0.00696309
               4	         0.02204	         0.01496	      0.00560801
               5	          0.0192	        0.015808	      0.00455007
               6	         0.01596	       0.0158333	       0.0037918
               7	         0.03236	       0.0181943	      0.00391676
               8	          0.0038	        0.016395	      0.00381814
               9	         0.00676	       0.0153244	      0.00354081
              10	         0.00916	        0.014708	      0.00323995
              11	         0.02336	       0.0154945	      0.00303938
              12	         0.02364	       0.0161733	      0.00286089
              13	         0.05016	       0.0187877	      0.00364459
              14	          0.0002	         0.01746	      0.00361802
              15	         0.01424	       0.0172453	      0.00338319
              16	          0.0164	       0.0171925	      0.00317215
              17	         0.05404	         0.01936	      0.00365174
              18	         0.02244	       0.0195311	      0.00345287
              19	         0.02016	       0.0195642	       0.0032713
              20	         0.01232	        0.019202	      0.00312773
              21	         0.00496	       0.0185238	      0.00305143
              22	         0.02052	       0.0186145	      0.00291407
              23	         0.02144	       0.0187374	      0.00278996
              24	          0.0074	        0.018265	      0.00271341
              25	         0.01368	       0.0180816	      0.00261107
              26	         0.01692	       0.0180369	      0.00251102
              27	         0.02616	       0.0183378	      0.00243598
              28	         0.02688	       0.0186429	      0.00236801
              29	        -0.02124	       0.0172676	      0.00265585
              30	         0.00732	        0.016936	      0.00258794
              31	          0.0368	       0.0175768	      0.00258257
              32	         0.02084	       0.0176787	      0.00250388
              33	          0.0346	       0.0181915	      0.00247995
              34	         0.01084	       0.0179753	      0.00241642
              35	         0.02216	       0.0180949	      0.00235033
              36	          0.0082	         0.01782	      0.00230106
              37	         0.01388	       0.0177135	      0.00224133
              38	         0.01236	       0.0175726	      0.00218677
              39	         0.01484	       0.0175026	      0.00213182
              40	           0.011	         0.01734	      0.00208472
              41	         0.02108	       0.0174312	      0.00203587
              42	         0.00308	       0.0170895	      0.00201586
              43	          0.0344	       0.0174921	      0.00200878
              44	         0.03104	          0.0178	      0.00198658
              45	          0.0128	       0.0176889	      0.00194554
              46	         0.01244	       0.0175748	      0.00190659
              47	         0.00832	       0.0173779	      0.00187616
              48	         0.02496	       0.0175358	      0.00184372
              49	         0.02468	       0.0176816	      0.00181184
              50	         0.01996	       0.0177272	      0.00177618
              51	         0.01356	       0.0176455	      0.00174323
              52	          -0.004	       0.0172292	       0.0017587
              53	         0.02552	       0.0173857	      0.00173246
              54	         0.02372	        0.017503	      0.00170435
              55	         0.03036	       0.0177367	      0.00168931
              56	         0.03032	       0.0179614	      0.00167403
              57	         0.02208	       0.0180337	      0.00164622
              58	         0.03192	       0.0182731	      0.00163515
              59	         0.00688	         0.01808	       0.0016188
              60	         0.00732	       0.0179007	      0.00160172
              61	          0.0172	       0.0178892	       0.0015755
              62	         0.01056	        0.017771	      0.00155452
              63	          0.0284	       0.0179397	      0.00153897
              64	         0.00632	       0.0177581	       0.0015256
              65	         0.04972	       0.0182498	      0.00157939
              66	         0.00848	       0.0181018	      0.00156238
              67	         0.01204	       0.0180113	      0.00154168
              68	         0.03548	       0.0182682	      0.00154026
              69	         0.02024	       0.0182968	       0.0015182
              70	         0.02148	       0.0183423	      0.00149719
              71	           0.016	       0.0183093	      0.00147647
              72	          0.0336	       0.0185217	      0.00147116
              73	         0.01776	       0.0185112	      0.00145104
              74	           0.015	       0.0184638	      0.00143221
              75	         0.02908	       0.0186053	      0.00142009
              76	          0.0114	       0.0185105	      0.00140457
              77	         0.03116	       0.0186748	       0.0013959
              78	          0.0062	       0.0185149	      0.00138713
              79	          0.0102	       0.0184096	      0.00137356
              80	         0.02124	        0.018445	      0.00135685
              81	         0.01504	        0.018403	      0.00134075
              82	          0.0004	       0.0181834	      0.00134225
              83	         0.00252	       0.0179947	      0.00133928
              84	         0.02504	       0.0180786	      0.00132596
              85	          0.0358	       0.0182871	      0.00132665
              86	         0.01664	       0.0182679	      0.00131136
              87	          0.0124	       0.0182005	      0.00129802
              88	         0.01192	       0.0181291	      0.00128523
              89	        -0.01968	       0.0177043	      0.00133916
              90	         0.02056	        0.017736	      0.00132466
              91	         0.02768	       0.0178453	       0.0013146
              92	         0.00028	       0.0176543	      0.00131411
              93	         0.00196	       0.0174856	      0.00131077
              94	         0.02936	       0.0176119	       0.0013029
              95	         0.03756	       0.0178219	      0.00130599
              96	          0.0264	       0.0179112	      0.00129544
              97	         0.00944	       0.0178239	      0.00128503
              98	         0.01932	       0.0178392	        0.001272
              99	         0.01024	       0.0177624	      0.00126147
             100	         0.02052	         0.01779	      0.00124916
             101	         0.01792	       0.0177913	      0.00123679
             102	          0.0372	       0.0179816	      0.00123922
             103	         0.02592	       0.0180586	      0.00122958
             104	         0.03748	       0.0182454	      0.00123185
             105	         0.02896	       0.0183474	      0.00122434
             106	         0.02576	       0.0184174	      0.00121479
             107	          0.0232	       0.0184621	      0.00120426
             108	         0.01772	       0.0184552	      0.00119312
             109	         0.03032	        0.018564	      0.00118713
             110	          0.0066	       0.0184553	      0.00118131
             111	         0.02228	       0.0184897	      0.00117117
             112	         0.01924	       0.0184964	      0.00116074
             113	         0.02212	       0.0185285	      0.00115091
             114	         0.01924	       0.0185347	      0.00114083
             115	           0.023	       0.0185736	      0.00113157
             116	         0.00676	       0.0184717	      0.00112639
             117	         0.02412	         0.01852	      0.00111779
             118	         0.04088	       0.0187095	      0.00112427
             119	          0.0506	       0.0189775	      0.00114631
             120	         0.04912	       0.0192287	      0.00116396
             121	         0.02396	       0.0192678	      0.00115499
             122	         0.01708	       0.0192498	      0.00114567
             123	        -0.00124	       0.0190833	       0.0011484
             124	          0.0248	       0.0191294	      0.00114006
             125	         0.02748	       0.0191962	       0.0011329
             126	         0.02852	       0.0192702	      0.00112632
             127	         0.02024	       0.0192778	      0.00111748
             128	         0.01756	       0.0192644	      0.00110883
             129	         0.01848	       0.0192583	      0.00110025
             130	          0.0024	       0.0191286	       0.0010994
             131	         0.00344	       0.0190089	      0.00109751
             132	         0.04204	       0.0191833	      0.00110298
             133	        -0.00368	       0.0190114	        0.001108
             134	         0.00668	       0.0189194	      0.00110355
             135	         0.02384	       0.0189559	      0.00109598
             136	         0.01564	       0.0189315	      0.00108819
             137	         0.00168	       0.0188055	      0.00108751
             138	         0.01108	       0.0187496	      0.00108107
             139	         0.01716	       0.0187381	      0.00107335
             140	         0.03876	       0.0188811	      0.00107517
             141	          0.0154	       0.0188565	      0.00106783
             142	         0.01704	       0.0188437	      0.00106038
             143	          0.0234	       0.0188755	      0.00105345
             144	        -0.00252	       0.0187269	      0.00105656
             145	         0.02176	       0.0187479	      0.00104948
             146	         0.05332	       0.0189847	      0.00106867
             147	          0.0136	        0.018948	      0.00106203
             148	         0.00748	       0.0188705	      0.00105767
             149	         0.02412	       0.0189058	      0.00105116
             150	         0.02592	       0.0189525	      0.00104519
             151	         0.00212	       0.0188411	       0.0010442
             152	         0.01552	       0.0188192	      0.00103756
             153	         0.03088	        0.018898	      0.00103377
             154	         0.01128	       0.0188486	      0.00102824
             155	         0.00704	       0.0187724	      0.00102442
             156	         0.02952	       0.0188413	      0.00102017
             157	         0.01348	       0.0188071	      0.00101424
             158	         0.01776	       0.0188005	      0.00100785
             159	         0.01288	       0.0187633	      0.00100219
             160	           0.016	        0.018746	      0.00099608
             161	         0.03008	       0.0188164	     0.000992377
             162	         0.01144	       0.0187709	     0.000987296
             163	         0.02844	       0.0188302	     0.000983019
             164	          0.0128	       0.0187934	     0.000977712
             165	         0.01516	       0.0187714	     0.000972035
             166	        -0.00356	       0.0186369	     0.000975444
             167	         0.02456	       0.0186723	     0.000970247
             168	         0.02024	       0.0186817	     0.000964517
             169	         0.04236	       0.0188218	     0.000968933
             170	         0.01852	         0.01882	     0.000963235
             171	         0.02612	       0.0188627	     0.000958547
             172	         0.01048	        0.018814	     0.000954213
             173	         0.03376	       0.0189003	       0.0009526
             174	         0.00604	       0.0188264	     0.000949988
             175	         0.02248	       0.0188473	     0.000944789
             176	         0.00708	       0.0187805	     0.000941784
             177	         0.01852	        0.018779	     0.000936464
             178	         0.02168	       0.0187953	     0.000931345
             179	         0.04936	        0.018966	     0.000941664
             180	         0.01784	       0.0189598	     0.000936454
             181	           0.034	       0.0190429	     0.000934959
             182	         0.04184	       0.0191681	     0.000938175
             183	         0.00112	       0.0190695	     0.000938218
             184	        -0.00084	       0.0189613	     0.000939338
             185	         0.02852	        0.019013	      0.00093568
             186	         0.03412	       0.0190942	     0.000934168
             187	        -0.00228	       0.0189799	     0.000936139
             188	         0.01652	       0.0189668	     0.000931251
             189	         0.02104	       0.0189778	     0.000926389
             190	         0.01072	       0.0189343	     0.000922532
             191	         0.00932	        0.018884	     0.000919074
             192	         0.00968	        0.018836	     0.000915537
             193	         0.02272	       0.0188562	     0.000911014
             194	           0.012	       0.0188208	     0.000907003
             195	          0.0134	        0.018793	     0.000902778
             196	         0.01912	       0.0187947	     0.000898173
             197	          0.0082	       0.0187409	     0.000895223
             198	         0.03508	       0.0188234	     0.000894497
             199	         -0.0012	       0.0187228	     0.000895643
             200	         0.01384	       0.0186984	     0.000891498
