#     BLOCK:   ACTUAL_X:     X_AVE:       ERROR:
               1	         20.6829	         20.6829	               0
               2	         25.7843	         23.2336	         1.80363
               3	         20.9386	         22.4686	         1.35498
               4	          17.301	         21.1767	         1.51144
               5	         11.1648	         19.1743	         2.16094
               6	         16.2053	         18.6795	         1.85657
               7	          17.308	         18.4836	         1.60165
               8	         11.0835	         17.5585	         1.64704
               9	         16.1307	         17.3999	         1.47166
              10	           13.96	         17.0559	          1.3641
              11	         23.8469	         17.6733	         1.37271
              12	         25.0022	          18.284	         1.38754
              13	         10.8167	         17.7096	         1.39465
              14	         19.5577	         17.8416	         1.30126
              15	          20.064	         17.9898	         1.22292
              16	         9.01412	         17.4288	         1.26864
              17	         19.9965	         17.5798	         1.20297
              18	         19.3461	          17.678	         1.14014
              19	          17.034	         17.6441	         1.08063
              20	         24.5188	         17.9878	         1.07989
              21	         15.0573	         17.8483	         1.03744
              22	         18.3975	         17.8732	        0.990586
              23	         18.6387	         17.9065	        0.948076
              24	         15.8979	         17.8228	        0.912259
              25	         20.6044	         17.9341	        0.882528
              26	         21.2944	         18.0633	        0.857996
              27	         9.97165	         17.7636	        0.876998
              28	         12.8977	         17.5898	        0.862723
              29	         11.4201	         17.3771	        0.858806
              30	         21.6731	         17.5203	        0.842033
              31	         21.9168	         17.6621	        0.826728
              32	         14.8079	         17.5729	         0.80569
              33	         12.5409	         17.4204	        0.795574
              34	         17.0626	         17.4099	        0.772244
              35	         22.1565	         17.5455	        0.761995
              36	         16.0437	         17.5038	         0.74197
              37	         12.7014	          17.374	        0.733181
              38	         10.1897	          17.185	         0.73786
              39	         21.5206	         17.2961	        0.727267
              40	         22.7257	         17.4319	        0.721642
              41	         25.0723	         17.6182	        0.727704
              42	         22.5193	         17.7349	        0.719674
              43	         26.7011	         17.9434	        0.732522
              44	         22.4283	         18.0454	        0.722931
              45	         17.1935	         18.0264	        0.707113
              46	         18.1138	         18.0283	        0.691744
              47	         14.7074	         17.9577	        0.680625
              48	         12.0034	         17.8336	        0.677656
              49	         22.0768	         17.9202	        0.669336
              50	         23.6393	         18.0346	        0.665651
              51	         19.9626	         18.0724	        0.653671
              52	         24.5672	         18.1973	        0.652924
              53	         18.0039	         18.1937	        0.640615
              54	         18.4068	         18.1976	        0.628764
              55	         25.8288	         18.3364	        0.632456
              56	         15.4918	         18.2856	        0.623198
              57	         14.3823	         18.2171	        0.616016
              58	         9.17343	         18.0612	        0.624817
              59	         13.7089	         17.9874	        0.618566
              60	         15.0184	         17.9379	        0.610233
              61	         18.2986	         17.9438	        0.600258
              62	         19.6034	         17.9706	        0.591172
              63	         20.4933	         18.0106	        0.583143
              64	         15.8569	          17.977	        0.575002
              65	         21.1092	         18.0252	        0.568171
              66	         7.32198	          17.863	        0.582247
              67	         22.8087	         17.9368	        0.578217
              68	         19.5579	         17.9606	        0.570205
              69	         12.7106	         17.8846	        0.566995
              70	         22.4991	         17.9505	        0.562714
              71	         14.9206	         17.9078	        0.556404
              72	         23.4247	         17.9844	        0.553927
              73	         19.0699	         17.9993	        0.546538
              74	         21.7323	         18.0497	        0.541476
              75	         15.5778	         18.0168	        0.535258
              76	         19.8041	         18.0403	        0.528732
              77	         15.0234	         18.0011	        0.523315
              78	         13.1326	         17.9387	        0.520315
              79	         11.4279	         17.8563	        0.520215
              80	         19.2249	         17.8734	        0.513993
              81	         13.0187	         17.8135	         0.51113
              82	         18.3426	         17.8199	        0.504938
              83	         13.8764	         17.7724	        0.501084
              84	         17.3065	         17.7669	         0.49515
              85	          21.184	         17.8071	        0.490954
              86	         17.5212	         17.8037	        0.485256
              87	         14.7854	          17.769	        0.480917
              88	         13.5137	         17.7207	        0.477877
              89	         17.7573	         17.7211	        0.472508
              90	         28.0791	         17.8362	         0.48107
              91	         23.0462	         17.8934	        0.479178
              92	          15.098	         17.8631	        0.474932
              93	         14.1123	         17.8227	        0.471535
              94	         11.5752	         17.7563	        0.471179
              95	         15.5125	         17.7326	        0.466811
              96	         14.8897	          17.703	        0.462887
              97	         15.1636	         17.6768	        0.458854
              98	         15.1939	         17.6515	        0.454871
              99	         18.8057	         17.6632	        0.450426
             100	         14.0824	         17.6274	        0.447343
             101	         19.8589	         17.6495	        0.443459
             102	         21.3191	         17.6854	        0.440568
             103	         18.0843	         17.6893	        0.436308
             104	         22.9489	         17.7399	        0.435034
             105	          25.972	         17.8183	        0.437898
             106	         27.3688	         17.9084	        0.442939
             107	         25.5951	         17.9802	        0.444587
             108	         19.3588	          17.993	        0.440654
             109	         15.8463	         17.9733	        0.437051
             110	         10.8992	          17.909	        0.437784
             111	         22.3565	          17.949	        0.435669
             112	         19.7257	         17.9649	        0.432068
             113	         22.7515	         18.0073	        0.430316
             114	         15.4545	         17.9849	        0.427124
             115	         19.1798	         17.9953	        0.423536
             116	         17.4061	         17.9902	        0.419915
             117	         21.6975	         18.0219	         0.41752
             118	         16.6418	         18.0102	        0.414145
             119	         19.4653	         18.0224	        0.410846
             120	         11.8249	         17.9708	        0.410655
             121	         16.8418	         17.9614	        0.407367
             122	         10.6215	         17.9013	        0.408447
             123	          17.418	         17.8973	        0.405145
             124	          21.091	         17.9231	        0.402695
             125	         19.1308	         17.9328	         0.39959
             126	         9.68395	         17.8673	        0.401745
             127	          20.013	         17.8842	        0.398937
             128	         21.8314	          17.915	        0.397011
             129	         17.7086	         17.9134	        0.393936
             130	         16.2273	         17.9005	        0.391119
             131	          15.399	         17.8814	          0.3886
             132	          17.028	         17.8749	        0.385709
             133	         13.7577	         17.8439	         0.38405
             134	         20.6057	         17.8645	        0.381736
             135	         13.5339	         17.8325	        0.380254
             136	         15.0079	         17.8117	        0.378025
             137	         11.0858	         17.7626	         0.37844
             138	         20.7535	         17.7843	        0.376318
             139	          25.791	         17.8419	        0.377993
             140	         17.9009	         17.8423	        0.375294
             141	         18.6752	         17.8482	        0.372678
             142	         15.2517	         17.8299	        0.370502
             143	         21.3823	         17.8548	        0.368743
             144	         17.2952	         17.8509	        0.366203
             145	         22.3776	         17.8821	        0.365006
             146	         20.4911	            17.9	        0.362943
             147	         14.4218	         17.8763	        0.361244
             148	         22.0782	         17.9047	        0.359917
             149	           22.98	         17.9388	         0.35911
             150	         30.7561	         18.0242	        0.366741
             151	         15.5392	         18.0078	        0.364681
             152	          18.621	         18.0118	        0.362305
             153	         25.5616	         18.0611	        0.363281
             154	          15.682	         18.0457	        0.361251
             155	         17.9642	         18.0452	         0.35892
             156	         16.8443	         18.0375	        0.356702
             157	         17.5836	         18.0346	        0.354442
             158	         18.9703	         18.0405	        0.352248
             159	         16.9929	         18.0339	        0.350094
             160	         19.7234	         18.0445	        0.348065
             161	         12.3211	         18.0089	        0.347714
             162	         17.9124	         18.0083	        0.345568
             163	         20.0011	         18.0205	        0.343664
             164	         27.0638	         18.0757	        0.345964
             165	         16.0121	         18.0632	        0.344094
             166	          10.722	          18.019	        0.344851
             167	         13.8345	         17.9939	        0.343695
             168	         7.47546	         17.9313	        0.347305
             169	         17.1002	         17.9264	        0.345285
             170	         18.6343	         17.9305	        0.343279
             171	         13.2161	          17.903	        0.342377
             172	         17.2603	         17.8992	        0.340407
             173	         9.48543	         17.8506	        0.341896
             174	         13.1277	         17.8235	        0.341006
             175	         29.2643	         17.8888	        0.345268
             176	         29.4509	         17.9545	          0.3495
             177	         21.9392	          17.977	         0.34825
             178	         12.3894	         17.9456	        0.347705
             179	         12.2709	         17.9139	        0.347205
             180	         15.3946	         17.8999	        0.345558
             181	         14.2929	           17.88	        0.344223
             182	         10.1553	         17.8376	        0.344938
             183	         18.8556	         17.8431	        0.343098
             184	         16.0043	         17.8331	        0.341379
             185	         20.5916	         17.8481	        0.339859
             186	         8.42232	         17.7974	        0.341789
             187	         14.3025	         17.7787	        0.340472
             188	         24.5346	         17.8146	        0.340552
             189	         14.4454	         17.7968	        0.339217
             190	         10.3512	         17.7576	        0.339687
             191	         19.8292	         17.7685	        0.338082
             192	         23.6079	         17.7989	        0.337686
             193	         20.3423	          17.812	        0.336194
             194	         17.9805	         17.8129	        0.334462
             195	         18.2286	          17.815	        0.332753
             196	         20.3464	          17.828	        0.331306
             197	         16.6671	         17.8221	        0.329677
             198	         12.6512	          17.796	        0.329045
             199	         19.6424	         17.8052	        0.327522
             200	          23.474	         17.8336	        0.327108
