#     BLOCK:   ACTUAL_CV:    CV_AVE:      ERROR:
           1	    0.200688	    0.200688	           0
           2	    0.217689	    0.209189	   0.0060107
           3	    0.208446	    0.208941	  0.00401222
           4	    0.207008	    0.208458	  0.00303813
           5	    0.209032	    0.208573	  0.00243267
           6	    0.196578	    0.206574	  0.00272768
           7	    0.197751	    0.205313	  0.00261303
           8	      0.2176	    0.206849	  0.00270027
           9	    0.222169	    0.208551	  0.00288733
          10	    0.196142	     0.20731	  0.00285283
          11	    0.216524	    0.208148	  0.00271367
          12	    0.209644	    0.208273	  0.00249039
          13	    0.195013	    0.207253	  0.00249897
          14	     0.18929	     0.20597	  0.00262929
          15	    0.199686	    0.205551	  0.00248715
          16	    0.200174	    0.205215	   0.0023543
          17	    0.201313	    0.204985	  0.00222697
          18	    0.190157	    0.204161	  0.00225045
          19	    0.213736	    0.204665	   0.0021877
          20	    0.201886	    0.204526	  0.00208273
          21	    0.194705	    0.204059	  0.00203538
          22	    0.210246	     0.20434	   0.0019622
          23	    0.216858	    0.204884	   0.0019509
          24	     0.22334	    0.205653	  0.00201548
          25	     0.23471	    0.206815	  0.00224512
          26	    0.194159	    0.206329	  0.00221091
          27	    0.200256	    0.206104	  0.00214043
          28	    0.210059	    0.206245	  0.00206864
          29	    0.222975	    0.206822	   0.0020762
          30	    0.206359	    0.206806	  0.00200705
          31	     0.20243	    0.206665	  0.00194726
          32	      0.2171	    0.206991	  0.00191352
          33	    0.195968	    0.206657	  0.00188446
          34	    0.197399	    0.206385	  0.00184861
          35	    0.208917	    0.206457	   0.0017972
          36	    0.210242	    0.206562	  0.00175035
          37	    0.195142	    0.206254	  0.00173005
          38	    0.188196	    0.205779	  0.00174856
          39	    0.213045	    0.205965	  0.00171363
          40	    0.201402	    0.205851	  0.00167458
          41	     0.21325	    0.206031	  0.00164343
          42	    0.215096	    0.206247	  0.00161841
          43	    0.198274	    0.206062	  0.00159136
          44	    0.222747	    0.206441	  0.00159974
          45	    0.215408	     0.20664	  0.00157655
          46	    0.203558	    0.206573	   0.0015437
          47	    0.205847	    0.206558	  0.00151093
          48	    0.212576	    0.206683	  0.00148465
          49	    0.200374	    0.206554	  0.00145992
          50	    0.197679	    0.206377	  0.00144147
          51	     0.19395	    0.206133	  0.00143365
          52	    0.197997	    0.205977	   0.0014146
          53	    0.210851	    0.206069	  0.00139089
          54	    0.226064	    0.206439	  0.00141356
          55	       0.207	    0.206449	   0.0013879
          56	    0.222417	    0.206734	   0.0013921
          57	    0.201516	    0.206643	  0.00137068
          58	    0.199449	    0.206519	  0.00135265
          59	    0.206905	    0.206525	  0.00132974
          60	    0.189278	    0.206238	  0.00133829
          61	    0.203071	    0.206186	  0.00131736
          62	    0.220775	    0.206421	  0.00131696
          63	    0.189236	    0.206148	    0.001324
          64	    0.202305	    0.206088	  0.00130468
          65	    0.199156	    0.205982	  0.00128895
          66	    0.196591	    0.205839	  0.00127725
          67	    0.204851	    0.205825	  0.00125828
          68	     0.21325	    0.205934	   0.0012445
          69	    0.206699	    0.205945	  0.00122652
          70	    0.178709	    0.205556	  0.00126921
          71	    0.198521	    0.205457	   0.0012552
          72	    0.196699	    0.205335	  0.00124364
          73	     0.19198	    0.205152	  0.00123999
          74	    0.215094	    0.205287	  0.00123049
          75	    0.182623	    0.204984	  0.00125064
          76	    0.199456	    0.204912	   0.0012363
          77	     0.21184	    0.205002	  0.00122351
          78	    0.204614	    0.204997	  0.00120783
          79	    0.183942	     0.20473	  0.00122159
          80	    0.201189	    0.204686	  0.00120713
          81	    0.196735	    0.204588	  0.00119621
          82	    0.187392	    0.204378	  0.00119986
          83	    0.225902	    0.204637	   0.0012131
          84	    0.188447	    0.204445	  0.00121388
          85	    0.209367	    0.204503	  0.00120098
          86	    0.203862	    0.204495	  0.00118704
          87	    0.215787	    0.204625	  0.00118047
          88	    0.198367	    0.204554	  0.00116919
          89	    0.196377	    0.204462	  0.00115966
          90	    0.202526	     0.20444	  0.00114697
          91	    0.185182	    0.204229	  0.00115373
          92	    0.205087	    0.204238	  0.00114123
          93	    0.218157	    0.204388	  0.00113873
          94	    0.219534	    0.204549	  0.00113795
          95	    0.205831	    0.204562	  0.00112606
          96	    0.199718	    0.204512	  0.00111546
          97	    0.202486	    0.204491	  0.00110415
          98	     0.19187	    0.204362	  0.00110037
          99	    0.209385	    0.204413	  0.00109042
         100	    0.194165	     0.20431	  0.00108432
