#     BLOCK:   ACTUAL_TE:    TE_AVE:      ERROR:
           1	   -0.438727	   -0.438727	           0
           2	    -0.44322	   -0.440974	  0.00158844
           3	   -0.444582	   -0.442176	  0.00144419
           4	    -0.44498	   -0.442877	  0.00124164
           5	   -0.450007	   -0.444303	  0.00161662
           6	   -0.448222	   -0.444956	  0.00147325
           7	   -0.456326	   -0.446581	   0.0019636
           8	   -0.449443	   -0.446938	  0.00175045
           9	   -0.438145	   -0.445961	   0.0018082
          10	   -0.450881	   -0.446453	  0.00169297
          11	   -0.452811	   -0.447031	  0.00163476
          12	   -0.442275	   -0.446635	  0.00154583
          13	    -0.44288	   -0.446346	  0.00145365
          14	   -0.444262	   -0.446197	  0.00135742
          15	   -0.441873	   -0.445909	  0.00129718
          16	   -0.445217	   -0.445866	  0.00121683
          17	   -0.440251	   -0.445535	  0.00118923
          18	   -0.447328	   -0.445635	  0.00112732
          19	    -0.45558	   -0.446158	  0.00118328
          20	    -0.45405	   -0.446553	  0.00118808
          21	   -0.446397	   -0.446546	  0.00113153
          22	   -0.446157	   -0.446528	  0.00108023
          23	   -0.447082	   -0.446552	  0.00103353
          24	   -0.442397	   -0.446379	  0.00100486
          25	   -0.449052	   -0.446486	 0.000970342
          26	   -0.451062	   -0.446662	 0.000948853
          27	   -0.444493	   -0.446581	 0.000917104
          28	   -0.448132	   -0.446637	 0.000886021
          29	   -0.446933	   -0.446647	 0.000855527
          30	   -0.437265	   -0.446334	 0.000882322
          31	   -0.446943	   -0.446354	 0.000854078
          32	   -0.441617	   -0.446206	  0.00084012
          33	    -0.43639	   -0.445908	 0.000865715
          34	   -0.438182	   -0.445681	 0.000869564
          35	   -0.437794	   -0.445456	 0.000873428
          36	   -0.445822	   -0.445466	 0.000849226
          37	   -0.437728	   -0.445257	 0.000851636
          38	   -0.451023	   -0.445409	 0.000842635
          39	   -0.442196	   -0.445326	 0.000825046
          40	    -0.44851	   -0.445406	 0.000808251
          41	   -0.438998	    -0.44525	 0.000803508
          42	   -0.441885	   -0.445169	  0.00078836
          43	   -0.441315	    -0.44508	 0.000775105
          44	   -0.449772	   -0.445186	  0.00076479
          45	   -0.449832	    -0.44529	  0.00075473
          46	   -0.439478	   -0.445163	 0.000748821
          47	   -0.449977	   -0.445266	 0.000739859
          48	   -0.448579	   -0.445335	 0.000727658
          49	   -0.439511	   -0.445216	 0.000722449
          50	   -0.440485	   -0.445121	  0.00071417
          51	   -0.449332	   -0.445204	 0.000704923
          52	   -0.458665	   -0.445463	 0.000737366
          53	   -0.445872	    -0.44547	 0.000723494
          54	   -0.456714	   -0.445679	 0.000739448
          55	   -0.448802	   -0.445735	 0.000728181
          56	   -0.445953	   -0.445739	 0.000715189
          57	   -0.438884	   -0.445619	 0.000712682
          58	   -0.449918	   -0.445693	 0.000704239
          59	   -0.451465	   -0.445791	 0.000699064
          60	    -0.44861	   -0.445838	  0.00068899
          61	   -0.442906	    -0.44579	  0.00067937
          62	   -0.449118	   -0.445844	  0.00067053
          63	   -0.439806	   -0.445748	 0.000666701
          64	   -0.453042	   -0.445862	 0.000665956
          65	   -0.442488	    -0.44581	  0.00065773
          66	   -0.445589	   -0.445807	 0.000647773
          67	   -0.448989	   -0.445854	 0.000639843
          68	   -0.444292	   -0.445831	 0.000630846
          69	   -0.450814	   -0.445903	 0.000625823
          70	   -0.446549	   -0.445912	  0.00061695
          71	   -0.439491	   -0.445822	 0.000614854
          72	   -0.444103	   -0.445798	 0.000606778
          73	   -0.442349	   -0.445751	 0.000600303
          74	   -0.449059	   -0.445796	 0.000593853
          75	   -0.443953	   -0.445771	 0.000586443
          76	   -0.444116	   -0.445749	 0.000579131
          77	    -0.43813	    -0.44565	 0.000580001
          78	   -0.449574	   -0.445701	 0.000574742
          79	   -0.453622	   -0.445801	 0.000576146
          80	   -0.447926	   -0.445827	 0.000569556
          81	   -0.444906	   -0.445816	 0.000562638
          82	   -0.438052	   -0.445721	 0.000563688
          83	   -0.454535	   -0.445828	  0.00056681
          84	   -0.443209	   -0.445796	 0.000560919
          85	   -0.444653	   -0.445783	 0.000554481
          86	   -0.448253	   -0.445812	 0.000548777
          87	   -0.447174	   -0.445827	 0.000542693
          88	    -0.44396	   -0.445806	  0.00053694
          89	   -0.449189	   -0.445844	 0.000532251
          90	   -0.456454	   -0.445962	 0.000539233
          91	   -0.453153	   -0.446041	 0.000539066
          92	   -0.450959	   -0.446094	 0.000535851
          93	   -0.456612	   -0.446208	 0.000541892
          94	   -0.445108	   -0.446196	 0.000536253
          95	   -0.445137	   -0.446185	 0.000530724
          96	    -0.44793	   -0.446203	 0.000525507
          97	   -0.441306	   -0.446152	 0.000522508
          98	   -0.445796	   -0.446149	 0.000517189
          99	   -0.450143	   -0.446189	 0.000513537
         100	   -0.443142	   -0.446159	 0.000509304
