#     BLOCK:   ACTUAL_CV:    CV_AVE:      ERROR:
               1	        0.449802	        0.449802	               0
               2	        0.446948	        0.448375	       0.0010092
               3	        0.414442	        0.437064	      0.00925999
               4	        0.454938	        0.441533	      0.00795036
               5	           0.422	        0.437626	      0.00725682
               6	        0.458569	        0.441117	      0.00683547
               7	        0.473012	        0.445673	      0.00721965
               8	        0.440173	        0.444986	      0.00634985
               9	        0.413327	        0.441468	      0.00654654
              10	        0.454881	        0.442809	      0.00602773
              11	        0.426739	        0.441348	      0.00565403
              12	          0.4227	        0.439794	       0.0053922
              13	        0.421822	        0.438412	      0.00515159
              14	        0.424541	        0.437421	      0.00487796
              15	        0.443728	        0.437842	      0.00457085
              16	        0.412366	        0.436249	      0.00455406
              17	        0.465649	        0.437979	      0.00460285
              18	        0.469531	        0.439732	      0.00466901
              19	         0.44273	        0.439889	      0.00442594
              20	         0.39284	        0.437537	      0.00478921
              21	         0.40677	        0.436072	         0.00478
              22	        0.449661	         0.43669	      0.00460247
              23	        0.430264	         0.43641	      0.00441083
              24	        0.413221	        0.435444	      0.00433158
              25	        0.419334	          0.4348	      0.00420598
              26	         0.45338	        0.435514	      0.00410447
              27	        0.439856	        0.435675	       0.0039556
              28	        0.392144	         0.43412	       0.0041085
              29	        0.411448	        0.433339	      0.00404053
              30	        0.468491	         0.43451	       0.0040722
              31	        0.425431	        0.434217	      0.00395136
              32	          0.4545	        0.434851	      0.00387838
              33	        0.447021	         0.43522	      0.00377834
              34	        0.454674	        0.435792	      0.00371029
              35	        0.420214	        0.435347	      0.00363088
              36	        0.434258	        0.435317	      0.00353015
              37	        0.420493	        0.434916	       0.0034574
              38	        0.438817	        0.435019	      0.00336794
              39	        0.429287	        0.434872	      0.00328478
              40	        0.428202	        0.434705	      0.00320689
              41	        0.434798	        0.434707	      0.00312868
              42	        0.438278	        0.434792	      0.00305534
              43	        0.445232	        0.435035	      0.00299392
              44	        0.444837	        0.435258	      0.00293415
              45	        0.464562	        0.435909	      0.00294032
              46	        0.413563	        0.435423	      0.00291625
              47	        0.379687	        0.434238	      0.00308591
              48	        0.441771	        0.434394	      0.00302561
              49	        0.408777	        0.433872	      0.00300869
              50	        0.451649	        0.434227	      0.00296945
              51	        0.415298	        0.433856	      0.00293434
              52	        0.404501	        0.433292	       0.0029317
              53	          0.4498	        0.433603	      0.00289289
              54	        0.458295	         0.43406	      0.00287522
              55	        0.438727	        0.434145	       0.0028242
              56	        0.431884	        0.434105	      0.00277406
              57	        0.387491	        0.433287	      0.00284338
              58	        0.472885	         0.43397	      0.00287515
              59	        0.447422	        0.434198	      0.00283544
              60	        0.402101	        0.433663	       0.0028382
              61	        0.431604	        0.433629	      0.00279187
              62	        0.395034	        0.433006	      0.00281539
              63	        0.411035	        0.432658	      0.00279221
              64	        0.479041	        0.433382	      0.00284108
              65	         0.44232	         0.43352	       0.0028007
              66	        0.412483	        0.433201	      0.00277634
              67	        0.460391	        0.433607	      0.00276441
              68	        0.447392	         0.43381	      0.00273118
              69	        0.466147	        0.434278	      0.00273151
              70	        0.443278	        0.434407	      0.00269551
              71	        0.415769	        0.434145	       0.0026703
              72	        0.377499	        0.433358	      0.00274667
              73	        0.432719	        0.433349	      0.00270905
              74	        0.428029	        0.433277	       0.0026734
              75	        0.428479	        0.433213	      0.00263852
              76	        0.459784	        0.433563	      0.00262686
              77	        0.386718	        0.432954	      0.00266226
              78	        0.458846	        0.433286	      0.00264875
              79	        0.416959	         0.43308	      0.00262327
              80	        0.430461	        0.433047	      0.00259068
              81	        0.370798	        0.432278	      0.00267025
              82	        0.484225	        0.432912	      0.00271179
              83	        0.451446	        0.433135	       0.0026883
              84	        0.438164	        0.433195	      0.00265696
              85	        0.477713	        0.433719	      0.00267682
              86	        0.444328	        0.433842	      0.00264854
              87	        0.428013	        0.433775	      0.00261894
              88	        0.425224	        0.433678	      0.00259099
              89	        0.412677	        0.433442	       0.0025726
              90	         0.38561	        0.432911	      0.00259833
              91	        0.457715	        0.433183	      0.00258403
              92	        0.441955	        0.433278	      0.00255771
              93	        0.425184	        0.433191	      0.00253168
              94	        0.416076	        0.433009	      0.00251129
              95	        0.472693	        0.433427	      0.00251936
              96	        0.451315	        0.433613	          0.0025
              97	        0.452243	        0.433805	      0.00248159
              98	        0.424692	        0.433712	      0.00245801
              99	        0.410196	        0.433475	      0.00244463
             100	        0.401975	         0.43316	       0.0024404
             101	        0.428945	        0.433118	      0.00241659
             102	        0.456138	        0.433344	      0.00240341
             103	        0.467686	        0.433677	       0.0024031
             104	        0.437478	        0.433714	      0.00238027
             105	        0.400971	        0.433402	      0.00237794
             106	        0.460658	        0.433659	      0.00236937
             107	        0.437012	         0.43369	      0.00234743
             108	        0.437793	        0.433728	        0.002326
             109	        0.468953	        0.434052	        0.002327
             110	        0.454607	        0.434239	      0.00231334
             111	        0.458323	        0.434455	      0.00230265
             112	        0.425358	        0.434374	      0.00228352
             113	        0.423817	        0.434281	      0.00226523
             114	        0.417016	        0.434129	      0.00225041
             115	        0.384291	        0.433696	      0.00227219
             116	        0.416579	        0.433548	      0.00225739
             117	        0.425596	         0.43348	      0.00223912
             118	        0.461622	        0.433719	      0.00223281
             119	        0.422535	        0.433625	      0.00221602
             120	        0.413058	        0.433454	      0.00220417
             121	        0.380018	        0.433012	      0.00222976
             122	         0.43193	        0.433003	       0.0022115
             123	        0.455377	        0.433185	      0.00220099
             124	         0.45885	        0.433392	      0.00219295
             125	        0.441656	        0.433458	       0.0021764
             126	        0.447739	        0.433571	      0.00216208
             127	        0.462816	        0.433802	      0.00215728
             128	        0.447773	        0.433911	      0.00214319
             129	        0.443154	        0.433982	      0.00212777
             130	        0.466202	         0.43423	      0.00212579
             131	        0.467913	        0.434487	      0.00212505
             132	        0.443226	        0.434554	      0.00210998
             133	        0.425538	        0.434486	      0.00209521
             134	        0.420965	        0.434385	        0.002082
             135	        0.424993	        0.434315	      0.00206774
             136	         0.42481	        0.434246	      0.00205372
             137	        0.435037	        0.434251	      0.00203874
             138	        0.453104	        0.434388	      0.00202853
             139	        0.432514	        0.434374	      0.00201398
             140	         0.43959	        0.434412	      0.00199994
             141	        0.426316	        0.434354	      0.00198658
             142	        0.418563	        0.434243	       0.0019757
             143	        0.419436	         0.43414	       0.0019646
             144	        0.411963	        0.433986	      0.00195698
             145	        0.419407	        0.433885	      0.00194607
             146	        0.394784	        0.433617	      0.00195108
             147	        0.411491	        0.433467	       0.0019436
             148	        0.433642	        0.433468	      0.00193047
             149	        0.440643	        0.433516	      0.00191812
             150	        0.438348	        0.433548	       0.0019056
             151	        0.466937	        0.433769	      0.00190576
             152	        0.442008	        0.433824	        0.001894
             153	        0.434084	        0.433825	      0.00188162
             154	        0.467804	        0.434046	      0.00188229
             155	        0.442409	          0.4341	      0.00187092
             156	        0.462667	        0.434283	      0.00186787
             157	        0.433168	        0.434276	      0.00185599
             158	        0.420537	        0.434189	      0.00184627
             159	        0.420005	          0.4341	      0.00183682
             160	        0.423041	        0.434031	      0.00182664
             161	        0.421483	        0.433953	      0.00181695
             162	        0.450662	        0.434056	      0.00180866
             163	        0.435333	        0.434064	      0.00179758
             164	        0.448878	        0.434154	      0.00178889
             165	        0.441892	        0.434201	      0.00177866
             166	        0.499229	        0.434593	      0.00181057
             167	        0.429038	        0.434559	      0.00180004
             168	        0.429168	        0.434527	      0.00178961
             169	         0.42737	        0.434485	      0.00177952
             170	        0.458241	        0.434625	      0.00177453
             171	        0.433169	        0.434616	      0.00176417
             172	         0.42414	        0.434555	      0.00175497
             173	        0.432128	        0.434541	      0.00174488
             174	        0.470784	        0.434749	      0.00174724
             175	         0.44404	        0.434803	      0.00173806
             176	        0.442996	        0.434849	      0.00172881
             177	        0.432229	        0.434834	      0.00171911
             178	        0.428576	        0.434799	      0.00170981
             179	        0.436544	        0.434809	      0.00170028
             180	        0.435063	         0.43481	      0.00169084
             181	         0.44928	         0.43489	      0.00168339
             182	         0.43021	        0.434865	      0.00167433
             183	        0.428924	        0.434832	       0.0016655
             184	        0.470367	        0.435025	      0.00166761
             185	         0.45252	         0.43512	      0.00166127
             186	        0.466487	        0.435288	      0.00166088
             187	        0.394673	        0.435071	      0.00166614
             188	        0.436337	        0.435078	      0.00165729
             189	        0.450092	        0.435157	      0.00165042
             190	        0.413463	        0.435043	      0.00164568
             191	        0.406312	        0.434893	      0.00164392
             192	        0.417999	        0.434805	      0.00163771
             193	        0.459553	        0.434933	      0.00163424
             194	        0.422638	         0.43487	      0.00162705
             195	        0.451392	        0.434954	      0.00162091
             196	        0.473404	        0.435151	      0.00162446
             197	          0.4212	         0.43508	      0.00161776
             198	        0.439752	        0.435103	      0.00160976
             199	        0.406631	         0.43496	      0.00160802
             200	        0.416144	        0.434866	      0.00160273
             201	        0.464772	        0.435015	      0.00160165
             202	        0.412772	        0.434905	       0.0015975
             203	        0.433996	          0.4349	      0.00158964
             204	        0.440873	         0.43493	      0.00158211
             205	        0.457352	        0.435039	      0.00157817
             206	        0.405703	        0.434897	      0.00157692
             207	        0.466632	         0.43505	      0.00157674
             208	        0.461989	        0.435179	      0.00157447
             209	         0.39404	        0.434983	      0.00157919
             210	        0.466774	        0.435134	      0.00157891
             211	        0.389725	        0.434919	      0.00158603
             212	        0.534234	        0.435387	      0.00164628
             213	        0.450987	         0.43546	      0.00164018
             214	        0.476017	         0.43565	      0.00164343
             215	        0.472763	        0.435823	      0.00164482
             216	         0.44164	         0.43585	      0.00163743
             217	        0.423632	        0.435793	      0.00163085
             218	        0.451999	        0.435868	      0.00162506
             219	        0.413528	        0.435766	      0.00162084
             220	        0.437884	        0.435775	       0.0016135
             221	        0.377437	        0.435511	      0.00162765
             222	        0.416736	        0.435427	      0.00162252
             223	        0.410651	        0.435316	      0.00161904
             224	        0.422401	        0.435258	      0.00161284
             225	        0.436602	        0.435264	      0.00160568
             226	        0.469423	        0.435415	      0.00160567
             227	        0.432729	        0.435403	      0.00159864
             228	        0.417709	        0.435326	      0.00159351
             229	        0.473048	         0.43549	      0.00159505
             230	        0.421279	        0.435429	      0.00158931
             231	        0.477652	        0.435611	      0.00159291
             232	        0.426352	        0.435571	      0.00158654
             233	        0.400733	        0.435422	      0.00158676
             234	         0.46238	        0.435537	      0.00158416
             235	        0.434378	        0.435532	      0.00157742
             236	        0.470178	        0.435679	      0.00157756
             237	        0.417228	        0.435601	      0.00157282
             238	        0.431859	        0.435585	      0.00156629
             239	        0.447158	        0.435634	      0.00156048
             240	        0.427918	        0.435602	      0.00155431
             241	        0.448995	        0.435657	      0.00154886
             242	        0.425374	        0.435615	      0.00154304
             243	        0.437164	        0.435621	       0.0015367
             244	        0.424965	        0.435577	      0.00153102
             245	        0.436842	        0.435583	      0.00152478
             246	        0.430535	        0.435562	      0.00151872
             247	        0.445081	        0.435601	      0.00151306
             248	         0.47208	        0.435748	       0.0015141
             249	        0.424691	        0.435703	      0.00150867
             250	        0.456248	        0.435785	      0.00150487
             251	        0.424955	        0.435742	      0.00149949
             252	        0.445405	        0.435781	      0.00149403
             253	        0.469929	        0.435916	      0.00149421
             254	         0.44559	        0.435954	      0.00148881
             255	        0.428331	        0.435924	      0.00148327
             256	        0.447348	        0.435968	      0.00147815
             257	        0.436435	         0.43597	       0.0014724
             258	        0.465014	        0.436083	      0.00147099
             259	        0.434516	        0.436077	      0.00146532
             260	        0.437053	        0.436081	      0.00145969
             261	        0.434488	        0.436074	      0.00145411
             262	        0.456943	        0.436154	      0.00145074
             263	         0.47824	        0.436314	      0.00145403
             264	        0.466626	        0.436429	      0.00145304
             265	        0.459336	        0.436515	      0.00145013
             266	        0.418028	        0.436446	      0.00144634
             267	        0.450546	        0.436499	      0.00144189
             268	        0.449118	        0.436546	      0.00143728
             269	        0.423117	        0.436496	       0.0014328
             270	        0.404894	        0.436379	      0.00143227
             271	         0.41572	        0.436303	      0.00142901
             272	        0.402341	        0.436178	       0.0014292
             273	        0.443461	        0.436204	      0.00142421
             274	        0.419075	        0.436142	      0.00142039
             275	        0.419072	         0.43608	      0.00141658
             276	         0.42922	        0.436055	      0.00141166
             277	        0.463819	        0.436155	      0.00141012
             278	        0.449902	        0.436205	      0.00140592
             279	         0.46044	        0.436292	      0.00140356
             280	         0.44368	        0.436318	      0.00139879
             281	        0.463405	        0.436414	      0.00139713
             282	        0.473095	        0.436544	      0.00139822
             283	        0.469021	        0.436659	      0.00139798
             284	        0.457103	        0.436731	      0.00139491
             285	        0.445385	        0.436761	      0.00139035
             286	        0.454528	        0.436824	      0.00138687
             287	        0.426367	        0.436787	      0.00138252
             288	        0.467359	        0.436893	      0.00138179
             289	         0.42882	        0.436865	      0.00137729
             290	        0.449412	        0.436909	      0.00137322
             291	        0.395639	        0.436767	       0.0013758
             292	        0.407403	        0.436666	      0.00137476
             293	        0.423261	        0.436621	      0.00137083
             294	        0.458804	        0.436696	      0.00136824
             295	        0.497363	        0.436902	      0.00137897
             296	         0.43926	         0.43691	      0.00137434
             297	        0.423887	        0.436866	      0.00137041
             298	        0.408175	        0.436769	      0.00136919
             299	        0.400895	        0.436649	      0.00136986
             300	        0.417245	        0.436585	      0.00136682
             301	        0.439794	        0.436595	      0.00136232
             302	        0.446047	        0.436627	      0.00135817
             303	        0.422998	        0.436582	      0.00135443
             304	        0.425428	        0.436545	      0.00135047
             305	         0.42152	        0.436496	      0.00134694
             306	        0.458081	        0.436566	      0.00134438
             307	         0.46326	        0.436653	      0.00134281
             308	        0.427016	        0.436622	      0.00133882
             309	        0.470826	        0.436733	      0.00133905
             310	         0.43246	        0.436719	       0.0013348
             311	        0.459577	        0.436792	      0.00133253
             312	        0.414037	         0.43672	      0.00133026
             313	        0.438095	        0.436724	      0.00132602
             314	         0.44815	         0.43676	      0.00132229
             315	        0.407241	        0.436667	      0.00132141
             316	        0.434979	        0.436661	      0.00131724
             317	        0.404787	        0.436561	      0.00131692
             318	        0.456484	        0.436623	      0.00131426
             319	        0.371012	        0.436418	      0.00132614
             320	        0.440092	        0.436429	      0.00132205
             321	        0.395639	        0.436302	      0.00132402
             322	        0.417465	        0.436244	       0.0013212
             323	        0.484454	        0.436393	      0.00132551
             324	        0.460681	        0.436468	      0.00132354
             325	        0.448792	        0.436506	      0.00132001
             326	        0.434269	        0.436499	      0.00131598
             327	        0.447166	        0.436531	      0.00131236
             328	        0.446289	        0.436561	       0.0013087
             329	        0.415599	        0.436498	      0.00130627
             330	        0.422255	        0.436454	      0.00130302
             331	        0.437164	        0.436456	      0.00129909
             332	        0.410772	        0.436379	      0.00129748
             333	        0.425056	        0.436345	      0.00129403
             334	        0.440422	        0.436357	      0.00129021
             335	        0.410898	        0.436281	      0.00128859
             336	        0.445207	        0.436308	      0.00128503
             337	        0.476183	        0.436426	      0.00128666
             338	        0.434988	        0.436422	      0.00128286
             339	        0.440212	        0.436433	      0.00127912
             340	        0.443195	        0.436453	      0.00127551
             341	        0.454074	        0.436505	      0.00127282
             342	        0.463078	        0.436582	      0.00127147
             343	        0.454885	        0.436636	      0.00126888
             344	        0.432094	        0.436623	      0.00126526
             345	        0.443196	        0.436642	      0.00126174
             346	        0.448789	        0.436677	      0.00125858
             347	        0.448025	        0.436709	      0.00125538
             348	        0.442109	        0.436725	      0.00125186
             349	        0.428444	        0.436701	       0.0012485
             350	         0.46419	         0.43678	       0.0012474
             351	         0.42205	        0.436738	      0.00124455
             352	        0.402899	        0.436642	      0.00124473
             353	        0.417201	        0.436587	      0.00124242
             354	        0.418203	        0.436535	      0.00123999
             355	        0.445584	         0.43656	      0.00123676
             356	        0.437975	        0.436564	      0.00123329
             357	        0.431418	         0.43655	      0.00122992
             358	        0.466603	        0.436634	      0.00122935
             359	        0.450469	        0.436672	      0.00122653
             360	         0.43365	        0.436664	      0.00122315
             361	        0.440682	        0.436675	      0.00121981
             362	        0.469531	        0.436766	      0.00121982
             363	        0.434509	        0.436759	      0.00121647
             364	        0.419705	        0.436713	      0.00121403
             365	        0.443234	        0.436731	      0.00121084
             366	        0.434789	        0.436725	      0.00120754
             367	         0.43312	        0.436715	      0.00120429
             368	        0.453146	         0.43676	      0.00120184
             369	        0.473672	         0.43686	      0.00120274
             370	        0.439146	        0.436866	      0.00119951
             371	        0.469456	        0.436954	      0.00119949
             372	        0.430592	        0.436937	      0.00119638
             373	        0.429748	        0.436918	      0.00119333
             374	        0.430112	          0.4369	      0.00119028
             375	        0.424888	        0.436867	      0.00118754
             376	        0.469403	        0.436954	      0.00118753
             377	        0.414327	        0.436894	      0.00118589
             378	        0.419339	        0.436848	      0.00118366
             379	        0.402578	        0.436757	      0.00118399
             380	        0.415174	          0.4367	      0.00118224
             381	        0.385479	        0.436566	      0.00118675
             382	         0.44892	        0.436598	      0.00118409
             383	        0.424151	        0.436566	      0.00118144
             384	        0.398439	        0.436466	      0.00118253
             385	        0.424659	        0.436436	      0.00117985
             386	        0.464585	        0.436509	      0.00117905
             387	        0.400956	        0.436417	      0.00117958
             388	        0.433858	         0.43641	      0.00117655
             389	        0.430847	        0.436396	      0.00117362
             390	        0.425412	        0.436368	      0.00117095
             391	        0.392976	        0.436257	       0.0011732
             392	         0.45218	        0.436297	      0.00117091
             393	        0.463396	        0.436366	      0.00116996
             394	        0.431288	        0.436353	      0.00116706
             395	        0.435168	         0.43635	      0.00116411
             396	        0.428634	        0.436331	      0.00116133
             397	        0.407626	        0.436259	      0.00116066
             398	        0.435559	        0.436257	      0.00115774
             399	        0.437206	        0.436259	      0.00115484
             400	        0.433038	        0.436251	      0.00115198
             401	        0.386344	        0.436127	      0.00115581
             402	        0.445706	        0.436151	      0.00115318
             403	        0.445857	        0.436175	      0.00115057
             404	        0.435101	        0.436172	      0.00114773
             405	        0.418204	        0.436128	      0.00114575
             406	        0.416686	         0.43608	      0.00114393
             407	        0.462984	        0.436146	      0.00114303
             408	        0.430491	        0.436132	      0.00114031
             409	        0.446899	        0.436158	      0.00113783
             410	        0.418153	        0.436114	       0.0011359
             411	        0.447088	        0.436141	      0.00113345
             412	         0.46616	        0.436214	      0.00113304
             413	         0.44321	        0.436231	      0.00113042
             414	        0.407085	        0.436161	      0.00112988
             415	        0.433756	        0.436155	      0.00112717
             416	        0.443554	        0.436173	       0.0011246
             417	        0.448808	        0.436203	      0.00112231
             418	        0.429351	        0.436186	      0.00111975
             419	        0.452772	        0.436226	      0.00111778
             420	        0.486106	        0.436345	      0.00112141
             421	         0.47212	         0.43643	      0.00112196
             422	        0.434399	        0.436425	      0.00111931
             423	        0.416093	        0.436377	      0.00111769
             424	        0.442633	        0.436392	      0.00111515
             425	        0.432243	        0.436382	      0.00111257
             426	        0.444916	        0.436402	      0.00111014
             427	        0.455711	        0.436447	      0.00110846
             428	        0.469788	        0.436525	      0.00110861
             429	        0.406011	        0.436454	       0.0011083
             430	        0.389261	        0.436344	      0.00111115
             431	        0.423271	        0.436314	      0.00110898
             432	        0.406226	        0.436244	       0.0011086
             433	        0.459039	        0.436297	      0.00110729
             434	        0.424794	         0.43627	      0.00110505
             435	        0.375378	         0.43613	      0.00111134
             436	        0.413164	        0.436078	      0.00111004
             437	         0.48666	        0.436193	      0.00111352
             438	        0.506466	        0.436354	      0.00112248
             439	        0.435641	        0.436352	      0.00111992
             440	        0.438573	        0.436357	      0.00111739
             441	        0.427695	        0.436338	      0.00111503
             442	        0.395739	        0.436246	      0.00111628
             443	        0.428929	        0.436229	      0.00111388
             444	        0.461452	        0.436286	      0.00111282
             445	        0.474571	        0.436372	      0.00111364
             446	        0.425464	        0.436348	      0.00111141
             447	        0.441855	         0.43636	        0.001109
             448	        0.417241	        0.436317	      0.00110734
             449	        0.435054	        0.436314	      0.00110488
             450	        0.442509	        0.436328	      0.00110251
             451	        0.433389	        0.436322	      0.00110008
             452	        0.445021	        0.436341	      0.00109782
             453	        0.434803	        0.436338	       0.0010954
             454	        0.428284	         0.43632	      0.00109313
             455	          0.4571	        0.436366	      0.00109168
             456	        0.403438	        0.436293	      0.00109167
             457	        0.450815	        0.436325	      0.00108975
             458	        0.481868	        0.436425	       0.0010919
             459	        0.416949	        0.436382	      0.00109034
             460	        0.438429	        0.436387	      0.00108798
             461	        0.485936	        0.436494	      0.00109092
             462	        0.424067	        0.436467	      0.00108889
             463	        0.405876	        0.436401	      0.00108854
             464	        0.439322	        0.436407	      0.00108621
             465	        0.430267	        0.436394	      0.00108395
             466	        0.431111	        0.436383	      0.00108169
             467	        0.479239	        0.436475	      0.00108326
             468	        0.447228	        0.436498	      0.00108119
             469	         0.44254	         0.43651	      0.00107896
             470	        0.394728	        0.436422	      0.00108032
             471	        0.427505	        0.436403	      0.00107819
             472	        0.445321	        0.436422	      0.00107607
             473	        0.407845	        0.436361	      0.00107549
             474	        0.468118	        0.436428	      0.00107531
             475	        0.451047	        0.436459	      0.00107348
             476	        0.426117	        0.436437	      0.00107145
             477	        0.439777	        0.436444	      0.00106922
             478	        0.442667	        0.436457	      0.00106707
             479	        0.414108	         0.43641	      0.00106586
             480	         0.42755	        0.436392	       0.0010638
             481	        0.409894	        0.436337	      0.00106301
             482	        0.396726	        0.436255	      0.00106398
             483	        0.448264	         0.43628	      0.00106207
             484	        0.404978	        0.436215	      0.00106184
             485	        0.432711	        0.436208	      0.00105967
             486	        0.410731	        0.436155	      0.00105879
             487	        0.417635	        0.436117	       0.0010573
             488	        0.450985	        0.436148	      0.00105557
             489	        0.437407	         0.43615	      0.00105341
             490	        0.448866	        0.436176	      0.00105158
             491	        0.413116	        0.436129	      0.00105049
             492	        0.417451	        0.436091	      0.00104904
             493	        0.415781	         0.43605	      0.00104772
             494	        0.440934	         0.43606	      0.00104565
             495	        0.446463	        0.436081	      0.00104375
             496	        0.442245	        0.436093	      0.00104172
             497	        0.428556	        0.436078	      0.00103973
             498	        0.426083	        0.436058	      0.00103784
             499	        0.466864	         0.43612	      0.00103759
             500	        0.439386	        0.436127	      0.00103554
