#     BLOCK:   ACTUAL_X:     X_AVE:       ERROR:
           1	     147.059	     147.059	           0
           2	     147.014	     147.036	   0.0158059
           3	     147.059	     147.044	   0.0121674
           4	      146.98	     147.028	   0.0164923
           5	     147.059	     147.034	   0.0142956
           6	     147.059	     147.038	   0.0124876
           7	     147.059	     147.041	   0.0110421
           8	     147.059	     147.043	  0.00987806
           9	     147.025	     147.041	  0.00899717
          10	     147.059	     147.043	  0.00826521
          11	     147.013	      147.04	  0.00794907
          12	     146.969	     147.034	  0.00925134
          13	     146.871	     147.022	   0.0148173
          14	     147.059	     147.024	   0.0139925
          15	     147.059	     147.027	   0.0132458
          16	     147.059	     147.029	   0.0125686
          17	     147.059	     147.031	    0.011953
          18	     131.092	     146.145	    0.860575
          19	     147.059	     146.193	    0.816624
          20	     147.059	     146.236	    0.776939
          21	     147.059	     146.276	    0.740928
          22	     147.047	     146.311	    0.708079
          23	     147.059	     146.343	     0.67804
          24	     147.059	     146.373	    0.650444
          25	     147.059	       146.4	    0.625004
          26	     147.059	     146.426	    0.601478
          27	     147.059	     146.449	    0.579658
          28	     147.059	     146.471	    0.559365
          29	     147.059	     146.491	    0.540443
          30	     147.059	      146.51	    0.522759
          31	     147.059	     146.528	    0.506196
          32	     147.059	     146.544	    0.490649
          33	     146.936	     146.556	    0.475924
          34	     147.059	     146.571	    0.462156
          35	     147.059	     146.585	    0.449161
          36	     147.059	     146.598	    0.436877
          37	     147.059	     146.611	    0.425247
          38	     147.059	     146.622	     0.41422
          39	     147.059	     146.634	     0.40375
          40	     147.059	     146.644	    0.393796
          41	     146.869	      146.65	     0.38423
          42	     147.059	      146.66	    0.375205
          43	     147.059	     146.669	    0.366594
          44	     147.047	     146.677	    0.358363
          45	     147.059	     146.686	      0.3505
          46	     146.259	     146.677	    0.343003
          47	     147.059	     146.685	    0.335801
          48	     147.059	     146.693	    0.328896
          49	     147.059	       146.7	    0.322269
          50	     147.059	     146.707	    0.315903
          51	     147.059	     146.714	    0.309784
          52	     147.059	     146.721	    0.303898
          53	     147.059	     146.727	    0.298231
          54	     147.059	     146.733	    0.292771
          55	     147.059	     146.739	    0.287508
          56	     147.059	     146.745	    0.282431
          57	     147.047	      146.75	    0.277526
          58	     147.059	     146.755	    0.272792
          59	     147.059	     146.761	    0.268217
          60	     147.059	     146.766	    0.263792
          61	     147.059	      146.77	    0.259512
          62	     147.059	     146.775	    0.255368
          63	     147.059	      146.78	    0.251354
          64	     147.059	     146.784	    0.247464
          65	     147.047	     146.788	    0.243691
          66	     147.059	     146.792	    0.240033
          67	     147.059	     146.796	    0.236483
          68	     147.059	       146.8	    0.233037
          69	     147.059	     146.804	     0.22969
          70	     147.059	     146.807	    0.226438
          71	     147.059	     146.811	    0.223276
          72	     147.059	     146.814	    0.220202
          73	     147.059	     146.818	    0.217211
          74	     147.059	     146.821	      0.2143
          75	     147.059	     146.824	    0.211466
          76	     147.059	     146.827	    0.208706
          77	     147.059	      146.83	    0.206017
          78	     147.059	     146.833	    0.203397
          79	     147.059	     146.836	    0.200842
          80	     147.059	     146.839	    0.198351
          81	     147.059	     146.841	    0.195921
          82	     147.059	     146.844	    0.193549
          83	     147.059	     146.847	    0.191235
          84	     147.059	     146.849	    0.188975
          85	     147.059	     146.852	    0.186768
          86	     147.059	     146.854	    0.184612
          87	     147.059	     146.856	    0.182505
          88	     147.059	     146.859	    0.180445
          89	     147.059	     146.861	    0.178432
          90	     147.059	     146.863	    0.176463
          91	     147.013	     146.865	    0.174531
          92	     147.059	     146.867	    0.172647
          93	     147.059	     146.869	    0.170803
          94	     147.059	     146.871	    0.168998
          95	     147.059	     146.873	     0.16723
          96	     147.059	     146.875	      0.1655
          97	     147.059	     146.877	    0.163804
          98	     147.059	     146.879	    0.162143
          99	     147.059	     146.881	    0.160516
         100	     147.059	     146.882	     0.15892
