#     BLOCK:   ACTUAL_M:     M_AVE:       ERROR:
           1	    0.829564	    0.829564	           0
           2	    0.824848	    0.827206	  0.00166736
           3	    0.800688	    0.818367	  0.00730238
           4	    0.773756	    0.807214	   0.0111032
           5	    0.792624	    0.804296	  0.00925808
           6	    0.715228	    0.789451	   0.0155936
           7	    0.818208	    0.793559	   0.0138965
           8	    0.720844	     0.78447	   0.0148372
           9	    0.725964	    0.777969	   0.0145431
          10	    0.672116	    0.767384	   0.0164973
          11	     0.89638	    0.779111	   0.0187068
          12	    0.724752	    0.774581	   0.0176879
          13	     0.70304	    0.769078	    0.017162
          14	     0.70552	    0.764538	   0.0165257
          15	    0.790324	    0.766257	   0.0155132
          16	    0.825684	    0.769971	   0.0149816
          17	    0.777084	     0.77039	   0.0141062
          18	    0.738704	    0.768629	   0.0134319
          19	    0.744192	    0.767343	   0.0127864
          20	    0.834052	    0.770679	   0.0125746
          21	    0.829072	    0.773459	   0.0122794
          22	    0.642068	    0.767487	   0.0130933
          23	    0.830556	    0.770229	    0.012808
          24	    0.817044	     0.77218	   0.0124219
          25	    0.839568	    0.774875	    0.012214
          26	    0.825712	     0.77683	   0.0118997
          27	    0.789788	     0.77731	   0.0114687
          28	    0.668988	    0.773442	   0.0116934
          29	    0.784244	    0.773814	   0.0112961
          30	      0.7627	    0.773444	   0.0109256
          31	    0.715092	    0.771561	   0.0107341
          32	    0.775672	     0.77169	   0.0103994
          33	    0.811952	     0.77291	   0.0101556
          34	     0.84632	    0.775069	   0.0100838
          35	    0.704924	    0.773065	   0.0099929
          36	    0.714456	    0.771437	  0.00984705
          37	    0.860284	    0.773838	  0.00986935
          38	     0.78372	    0.774098	  0.00961306
          39	    0.655328	    0.771053	  0.00983713
          40	    0.785408	    0.771412	  0.00959775
          41	    0.612468	    0.767535	   0.0101163
          42	     0.83954	    0.769249	   0.0100197
          43	      0.8442	    0.770992	  0.00993712
          44	    0.723564	    0.769915	  0.00976957
          45	    0.851076	    0.771718	  0.00971752
          46	     0.65976	    0.769284	  0.00980633
          47	    0.841972	    0.770831	  0.00971887
          48	     0.90916	    0.773713	  0.00993448
          49	    0.686292	    0.771929	  0.00989064
          50	    0.691928	    0.770329	  0.00982139
          51	    0.742716	    0.769787	  0.00964372
          52	    0.749896	    0.769405	  0.00946585
          53	    0.736304	     0.76878	  0.00930783
          54	    0.852504	    0.770331	   0.0092637
          55	    0.784428	    0.770587	  0.00909881
          56	    0.811024	    0.771309	  0.00896494
          57	      0.7222	    0.770447	  0.00884896
          58	    0.871416	    0.772188	  0.00886598
          59	    0.769072	    0.772135	  0.00871586
          60	     0.80688	    0.772714	  0.00858981
          61	    0.768756	     0.77265	  0.00844924
          62	    0.576436	    0.769485	  0.00888591
          63	    0.485496	    0.764977	  0.00982191
          64	    0.872152	    0.766652	  0.00981016
          65	    0.886588	    0.768497	  0.00983124
          66	     0.81272	    0.769167	  0.00970508
          67	    0.860116	    0.770524	   0.0096547
          68	    0.750372	    0.770228	  0.00951726
          69	    0.832952	    0.771137	  0.00942265
          70	    0.775408	    0.771198	  0.00928824
          71	    0.798104	    0.771577	  0.00916514
          72	    0.823564	    0.772299	  0.00906625
          73	     0.84912	    0.773351	  0.00900292
          74	     0.74556	    0.772976	  0.00888909
          75	    0.776956	    0.773029	  0.00877072
          76	    0.807268	    0.773479	  0.00866688
          77	    0.644812	    0.771808	  0.00871392
          78	    0.775284	    0.771853	  0.00860232
          79	      0.7817	    0.771978	  0.00849433
          80	    0.660468	    0.770584	  0.00850175
          81	    0.770536	    0.770583	  0.00839679
          82	    0.691328	    0.769617	  0.00834983
          83	    0.702356	    0.768806	  0.00828846
          84	    0.800028	    0.769178	  0.00819812
          85	    0.547856	    0.766574	  0.00850512
          86	    0.790272	     0.76685	  0.00841068
          87	    0.910224	    0.768498	  0.00847392
          88	    0.664596	    0.767317	  0.00845948
          89	    0.860388	    0.768363	  0.00842882
          90	    0.780728	      0.7685	  0.00833629
          91	     0.76968	    0.768513	  0.00824469
          92	     0.80716	    0.768933	  0.00816577
          93	    0.708924	    0.768288	  0.00810342
          94	    0.669624	    0.767238	   0.0080849
          95	    0.796292	    0.767544	  0.00800558
          96	    0.761708	    0.767483	  0.00792242
          97	    0.830568	    0.768134	  0.00786739
          98	    0.837584	    0.768842	  0.00781897
          99	    0.748472	    0.768637	   0.0077427
         100	    0.814612	    0.769096	  0.00767891
