#     BLOCK:   ACTUAL_X:     X_AVE:       ERROR:
           1	     1.35299	     1.35299	           0
           2	     1.40237	     1.37768	   0.0174577
           3	     1.39032	     1.38189	   0.0121363
           4	     1.36275	     1.37711	   0.0100012
           5	     1.38079	     1.37784	  0.00802805
           6	      1.3873	     1.37942	  0.00684302
           7	     1.39362	     1.38145	  0.00615863
           8	     1.32796	     1.37476	  0.00825523
           9	     1.30607	     1.36713	   0.0102777
          10	     1.38269	     1.36869	  0.00936702
          11	      1.3732	      1.3691	  0.00852446
          12	     1.38038	     1.37004	  0.00786577
          13	     1.40411	     1.37266	  0.00768497
          14	     1.36312	     1.37198	  0.00716616
          15	     1.38195	     1.37264	  0.00671917
          16	     1.35755	      1.3717	  0.00636507
          17	     1.42257	     1.37469	  0.00665691
          18	     1.37383	     1.37464	  0.00628725
          19	     1.40504	     1.37624	   0.0061565
          20	     1.35636	     1.37525	  0.00592837
          21	     1.34579	     1.37385	  0.00580971
          22	     1.42941	     1.37637	  0.00606977
          23	     1.42244	     1.37837	  0.00612745
          24	     1.39126	     1.37891	  0.00589561
          25	     1.34852	      1.3777	  0.00578375
          26	     1.34187	     1.37632	   0.0057231
          27	     1.41003	     1.37757	  0.00564569
          28	     1.35522	     1.37677	  0.00550017
          29	     1.35842	     1.37614	  0.00534676
          30	     1.38789	     1.37653	  0.00518288
          31	     1.33611	     1.37522	  0.00517706
          32	     1.43141	     1.37698	  0.00530472
          33	     1.40835	     1.37793	  0.00522844
          34	     1.35725	     1.37732	  0.00510992
          35	     1.47555	     1.38013	  0.00568257
          36	     1.36899	     1.37982	  0.00553314
          37	     1.30764	     1.37787	  0.00571718
          38	     1.41153	     1.37875	  0.00563493
          39	     1.39231	      1.3791	  0.00550116
          40	     1.35996	     1.37862	  0.00538441
          41	     1.35976	     1.37816	   0.0052727
          42	      1.3577	     1.37768	  0.00516962
          43	     1.33505	     1.37668	  0.00514354
          44	     1.42316	     1.37774	  0.00513393
          45	     1.47604	     1.37993	  0.00546485
          46	     1.41147	     1.38061	  0.00538889
          47	     1.29183	     1.37872	  0.00559551
          48	     1.45349	     1.38028	  0.00569165
          49	     1.41303	     1.38095	   0.0056146
          50	      1.3959	     1.38125	  0.00551027
          51	     1.37364	      1.3811	  0.00540424
          52	     1.44436	     1.38231	  0.00543551
          53	      1.4695	     1.38396	  0.00557634
          54	     1.35427	     1.38341	  0.00550011
          55	     1.41121	     1.38392	  0.00542328
          56	     1.36198	     1.38352	  0.00534056
          57	     1.40095	     1.38383	  0.00525561
          58	     1.40941	     1.38427	  0.00518346
          59	      1.3847	     1.38428	  0.00509561
          60	     1.44303	     1.38526	  0.00510392
          61	     1.38256	     1.38521	  0.00502044
          62	     1.37069	     1.38498	  0.00494492
          63	     1.40367	     1.38527	  0.00487533
          64	     1.37897	     1.38518	  0.00480014
          65	     1.40389	     1.38546	  0.00473492
          66	     1.37339	     1.38528	  0.00466671
          67	     1.31714	     1.38426	  0.00470658
          68	     1.41749	     1.38475	  0.00466266
          69	     1.47479	     1.38606	  0.00477418
          70	     1.39079	     1.38613	  0.00470645
          71	     1.43008	     1.38674	   0.0046807
          72	     1.45959	     1.38776	  0.00472377
          73	     1.33273	       1.387	  0.00471882
          74	     1.44771	     1.38782	  0.00472582
          75	     1.30307	     1.38669	  0.00479603
          76	     1.36249	     1.38637	  0.00474348
          77	     1.39341	     1.38647	  0.00468276
          78	     1.42979	     1.38702	  0.00465556
          79	     1.43937	     1.38768	  0.00464355
          80	     1.49714	     1.38905	  0.00478283
          81	     1.37295	     1.38885	  0.00472791
          82	     1.41229	     1.38914	  0.00467888
          83	     1.33977	     1.38854	  0.00466017
          84	     1.36757	     1.38829	  0.00461137
          85	     1.41762	     1.38864	  0.00457001
          86	     1.32889	     1.38794	  0.00456937
          87	     1.42413	     1.38836	  0.00453574
          88	     1.38248	     1.38829	  0.00448469
          89	     1.47672	     1.38929	  0.00454301
          90	     1.41749	      1.3896	  0.00450333
          91	     1.44131	     1.39017	  0.00448955
          92	     1.44968	     1.39082	  0.00448711
          93	     1.37586	     1.39065	  0.00444175
          94	     1.45466	     1.39134	  0.00444637
          95	     1.37551	     1.39117	  0.00440269
          96	     1.37738	     1.39103	  0.00435917
          97	     1.36662	     1.39077	  0.00432149
          98	     1.38561	     1.39072	  0.00427771
          99	     1.40637	     1.39088	  0.00423742
         100	     1.42186	     1.39119	  0.00420636
