#     BLOCK:   ACTUAL_M:     M_AVE:       ERROR:
           1	    -0.08964	    -0.08964	           0
           2	       0.108	     0.00918	   0.0698763
           3	    -0.00144	     0.00564	   0.0466738
           4	     0.14708	       0.041	   0.0465094
           5	     0.04388	    0.041576	   0.0372111
           6	    -0.15024	  0.00960667	   0.0425825
           7	      0.0948	   0.0217771	   0.0381989
           8	     0.09992	    0.031545	   0.0346504
           9	     0.06768	     0.03556	   0.0310321
          10	     0.01592	    0.033596	    0.027991
          11	    -0.02032	   0.0286945	   0.0258719
          12	     0.01044	   0.0271733	   0.0237606
          13	    -0.09948	   0.0174308	   0.0238468
          14	     -0.0338	   0.0137714	   0.0224224
          15	     0.10332	   0.0197413	   0.0217078
          16	    -0.00572	     0.01815	   0.0204093
          17	     0.01436	   0.0179271	     0.01921
          18	     0.06076	   0.0203067	   0.0182895
          19	    -0.01532	   0.0184316	   0.0174228
          20	     0.08724	    0.021872	   0.0168879
          21	    -0.08476	   0.0167943	   0.0168298
          22	    -0.06304	   0.0131655	   0.0164514
          23	     0.12068	     0.01784	   0.0163868
          24	    -0.06128	   0.0145433	   0.0160322
          25	     0.03832	   0.0154944	   0.0154191
          26	    -0.06196	   0.0125154	   0.0151111
          27	    -0.02756	   0.0110311	   0.0146241
          28	     0.10288	   0.0143114	    0.014465
          29	     0.02608	   0.0147172	   0.0139719
          30	     -0.1344	  0.00974667	   0.0143632
          31	     0.01644	  0.00996258	   0.0139015
          32	     0.05856	   0.0114813	   0.0135497
          33	    -0.03808	  0.00997939	   0.0132221
          34	      0.0022	  0.00975059	   0.0128352
          35	      0.0626	   0.0112606	    0.012557
          36	    -0.01612	      0.0105	   0.0122312
          37	     0.14664	   0.0141795	   0.0124418
          38	    -0.02052	   0.0132663	   0.0121478
          39	     0.07144	   0.0147579	   0.0119276
          40	      0.0722	    0.016194	   0.0117155
          41	     0.04876	   0.0169883	   0.0114566
          42	     0.03588	   0.0174381	   0.0111927
          43	     0.08152	   0.0189284	   0.0110312
          44	     0.04232	     0.01946	   0.0107933
          45	    -0.07584	   0.0173422	   0.0107592
          46	    -0.03316	   0.0162443	   0.0105811
          47	    -0.00604	   0.0157702	   0.0103666
          48	    -0.00804	   0.0152742	   0.0101625
          49	     0.00164	   0.0149959	  0.00995893
          50	     0.19676	   0.0186312	   0.0104021
          51	    -0.07468	   0.0168016	   0.0103578
          52	    -0.00312	   0.0164185	   0.0101657
          53	     0.01956	   0.0164777	  0.00997406
          54	     0.08216	   0.0176941	  0.00986324
          55	     0.12724	   0.0196858	  0.00988297
          56	     -0.0688	   0.0181057	  0.00983199
          57	    -0.15788	   0.0150182	   0.0101327
          58	     -0.0164	   0.0144766	  0.00997244
          59	     -0.0546	   0.0133058	  0.00987191
          60	     0.15904	   0.0157347	   0.0100017
          61	    -0.10516	   0.0137528	   0.0100322
          62	    -0.01736	    0.013251	  0.00988293
          63	      -0.006	   0.0129454	  0.00973078
          64	    -0.02428	   0.0123638	   0.0095961
          65	     -0.0162	   0.0119243	  0.00945853
          66	    -0.05316	   0.0109382	  0.00936648
          67	    -0.03492	   0.0102537	  0.00925165
          68	     0.01096	   0.0102641	  0.00911561
          69	    -0.04248	  0.00949971	  0.00901549
          70	    -0.00304	  0.00932057	  0.00888848
          71	     0.02028	  0.00947493	  0.00876463
          72	     0.04948	   0.0100306	  0.00866049
          73	    -0.00768	  0.00978795	  0.00854525
          74	    -0.03492	  0.00918378	  0.00845111
          75	    -0.03108	  0.00864693	  0.00835546
          76	    -0.07884	  0.00749579	  0.00832444
          77	    -0.04128	  0.00686234	  0.00824039
          78	    -0.10896	  0.00537744	  0.00826745
          79	    -0.04172	  0.00478127	  0.00818427
          80	      0.0366	    0.005179	  0.00809162
          81	    -0.09752	  0.00391111	  0.00809045
          82	    -0.07192	  0.00298634	  0.00804447
          83	    -0.02928	  0.00259759	  0.00795693
          84	     0.02672	  0.00288476	  0.00786739
          85	     0.03256	  0.00323388	  0.00778257
          86	     0.15896	  0.00504465	  0.00789992
          87	    -0.11736	   0.0036377	  0.00793342
          88	    -0.07672	  0.00272455	  0.00789564
          89	     0.04564	  0.00320674	  0.00782164
          90	      0.0936	  0.00421111	  0.00779895
          91	     0.03316	  0.00452923	  0.00771973
          92	    -0.04164	  0.00402739	  0.00765212
          93	     0.03608	  0.00437204	  0.00757759
          94	    -0.05028	  0.00379064	  0.00751925
          95	     0.02512	  0.00401516	  0.00744345
          96	     0.07928	  0.00479917	  0.00740709
          97	     0.01216	  0.00487505	  0.00733112
          98	    -0.11488	  0.00365306	  0.00735745
          99	    -0.13208	  0.00228202	  0.00740978
         100	    -0.10248	   0.0012344	  0.00740937
