#     BLOCK:   ACTUAL_TE:    TE_AVE:      ERROR:
           1	   -0.583858	   -0.583858	           0
           2	   -0.584896	   -0.584377	 0.000366847
           3	   -0.581586	   -0.583447	 0.000797962
           4	   -0.582365	   -0.583176	 0.000642697
           5	   -0.596385	   -0.585818	  0.00241809
           6	   -0.583362	   -0.585409	  0.00204944
           7	   -0.597766	   -0.587174	  0.00239942
           8	   -0.585991	   -0.587026	  0.00210405
           9	   -0.581527	   -0.586415	  0.00195697
          10	     -0.5897	   -0.586744	  0.00178863
          11	   -0.607389	   -0.588621	   0.0024179
          12	   -0.580972	   -0.587983	  0.00229888
          13	   -0.582068	   -0.587528	   0.0021666
          14	   -0.592707	   -0.587898	  0.00204318
          15	   -0.586578	    -0.58781	  0.00190886
          16	   -0.589232	   -0.587899	  0.00179163
          17	   -0.586188	   -0.587798	  0.00168906
          18	    -0.58644	   -0.587723	  0.00159691
          19	   -0.601766	   -0.588462	  0.00167519
          20	   -0.581963	   -0.588137	  0.00162264
          21	   -0.584641	   -0.587971	  0.00155389
          22	   -0.592602	   -0.588181	  0.00149745
          23	   -0.584373	   -0.588015	  0.00144146
          24	   -0.582455	   -0.587784	   0.0013999
          25	   -0.584305	   -0.587645	   0.0013508
          26	    -0.59576	   -0.587957	  0.00133442
          27	   -0.585443	   -0.587864	  0.00128824
          28	   -0.583025	   -0.587691	  0.00125377
          29	   -0.589896	   -0.587767	  0.00121284
          30	   -0.593625	   -0.587962	  0.00118803
          31	   -0.588955	   -0.587994	  0.00115014
          32	   -0.586434	   -0.587945	  0.00111523
          33	   -0.586225	   -0.587893	  0.00108265
          34	   -0.589391	   -0.587937	   0.0010517
          35	   -0.583726	   -0.587817	  0.00102852
          36	   -0.591217	   -0.587911	  0.00100427
          37	   -0.571064	   -0.587456	  0.00107541
          38	   -0.588279	   -0.587478	  0.00104733
          39	   -0.591411	   -0.587579	  0.00102532
          40	    -0.59714	   -0.587818	  0.00102717
          41	   -0.582746	   -0.587694	  0.00100954
          42	   -0.588716	   -0.587718	 0.000985799
          43	   -0.588481	   -0.587736	 0.000963033
          44	   -0.587542	   -0.587732	 0.000941156
          45	   -0.600898	   -0.588024	 0.000964652
          46	   -0.589308	   -0.588052	 0.000944085
          47	      -0.592	   -0.588136	 0.000927727
          48	   -0.578362	   -0.587932	  0.00093048
          49	   -0.579971	    -0.58777	 0.000925567
          50	   -0.597174	   -0.587958	  0.00092597
          51	   -0.590214	   -0.588002	  0.00090887
          52	   -0.591386	   -0.588067	 0.000893717
          53	   -0.597196	    -0.58824	 0.000893297
          54	   -0.599004	   -0.588439	 0.000898721
          55	   -0.590621	   -0.588479	 0.000883256
          56	   -0.587517	   -0.588461	  0.00086765
          57	   -0.585912	   -0.588417	 0.000853581
          58	   -0.591346	   -0.588467	 0.000840356
          59	   -0.599278	    -0.58865	 0.000845852
          60	     -0.5865	   -0.588615	 0.000832513
          61	   -0.583516	   -0.588531	 0.000823051
          62	   -0.594753	   -0.588631	  0.00081587
          63	   -0.582426	   -0.588533	 0.000808845
          64	   -0.598601	    -0.58869	  0.00081136
          65	   -0.590073	   -0.588711	 0.000799156
          66	   -0.593442	   -0.588783	 0.000790256
          67	    -0.59341	   -0.588852	 0.000781473
          68	   -0.586894	   -0.588823	 0.000770512
          69	    -0.58697	   -0.588797	 0.000759813
          70	   -0.588969	   -0.588799	 0.000748963
          71	   -0.584664	   -0.588741	 0.000740675
          72	    -0.58517	   -0.588691	 0.000732046
          73	   -0.587316	   -0.588672	 0.000722261
          74	   -0.591166	   -0.588706	 0.000713286
          75	   -0.582695	   -0.588626	 0.000708263
          76	   -0.598281	   -0.588753	 0.000710246
          77	   -0.580406	   -0.588645	 0.000709245
          78	   -0.586411	   -0.588616	  0.00070073
          79	   -0.588228	   -0.588611	 0.000691877
          80	   -0.595675	   -0.588699	 0.000688841
          81	   -0.585301	   -0.588657	 0.000681613
          82	   -0.585857	   -0.588623	 0.000674156
          83	   -0.600122	   -0.588762	 0.000680121
          84	   -0.589929	   -0.588776	 0.000672166
          85	   -0.585767	    -0.58874	 0.000665189
          86	    -0.59772	   -0.588845	 0.000665599
          87	   -0.585743	   -0.588809	 0.000658903
          88	   -0.595248	   -0.588882	 0.000655465
          89	   -0.584313	   -0.588831	 0.000650108
          90	   -0.589474	   -0.588838	 0.000642924
          91	     -0.5968	   -0.588925	 0.000641785
          92	   -0.589983	   -0.588937	 0.000634912
          93	   -0.595997	   -0.589013	 0.000632607
          94	   -0.597356	   -0.589102	 0.000632073
          95	   -0.584508	   -0.589053	 0.000627266
          96	   -0.589014	   -0.589053	 0.000620732
          97	   -0.592938	   -0.589093	 0.000615624
          98	   -0.587006	   -0.589072	  0.00060971
          99	   -0.585642	   -0.589037	 0.000604535
         100	   -0.580432	   -0.588951	 0.000604583
