#     BLOCK:   ACTUAL_CV:    CV_AVE:      ERROR:
           1	    0.125623	    0.125623	           0
           2	    0.117888	    0.121755	  0.00273455
           3	    0.121636	    0.121716	  0.00182332
           4	    0.125149	    0.122574	   0.0015565
           5	    0.123521	    0.122764	  0.00125668
           6	     0.13132	     0.12419	  0.00167077
           7	    0.117925	    0.123295	  0.00165449
           8	     0.13265	    0.124464	  0.00181445
           9	    0.121145	    0.124095	   0.0016499
          10	    0.122427	    0.123928	  0.00149332
          11	    0.124052	     0.12394	  0.00135761
          12	    0.118868	    0.123517	  0.00130861
          13	    0.118728	    0.123149	  0.00125874
          14	    0.117555	    0.122749	  0.00123061
          15	     0.12953	    0.123201	  0.00122881
          16	    0.122751	    0.123173	  0.00115233
          17	    0.125857	    0.123331	  0.00109531
          18	    0.119599	    0.123124	   0.0010539
          19	     0.13067	    0.123521	  0.00107065
          20	    0.119599	    0.123325	  0.00103492
          21	    0.122121	    0.123267	 0.000987223
          22	    0.127377	    0.123454	  0.00095986
          23	      0.1191	    0.123265	 0.000936609
          24	    0.119284	    0.123099	 0.000912156
          25	    0.111873	     0.12265	 0.000979981
          26	    0.112107	    0.122244	  0.00102275
          27	    0.129458	    0.122512	  0.00101918
          28	    0.128085	    0.122711	  0.00100203
          29	    0.129268	    0.122937	 0.000992661
          30	    0.110797	    0.122532	  0.00103878
          31	    0.112779	    0.122217	  0.00105184
          32	    0.122306	     0.12222	  0.00101897
          33	     0.11086	    0.121876	  0.00104463
          34	    0.119202	    0.121797	  0.00101686
          35	    0.133319	    0.122127	  0.00103973
          36	    0.135055	    0.122486	  0.00107108
          37	    0.115493	    0.122297	  0.00105867
          38	    0.113566	    0.122067	  0.00105545
          39	    0.123957	    0.122115	   0.0010295
          40	    0.138343	    0.122521	  0.00108074
          41	    0.133907	    0.122799	  0.00108948
          42	    0.113559	    0.122579	  0.00108552
          43	    0.124888	    0.122633	  0.00106161
          44	    0.117831	    0.122523	  0.00104307
          45	    0.121674	    0.122505	  0.00102006
          46	    0.123744	    0.122531	 0.000998245
          47	    0.122848	    0.122538	 0.000977029
          48	    0.126219	    0.122615	 0.000959678
          49	     0.13254	    0.122817	 0.000961233
          50	    0.120454	     0.12277	  0.00094317
          51	    0.123765	     0.12279	 0.000924878
          52	    0.120619	    0.122748	 0.000908033
          53	    0.125731	    0.122804	 0.000892643
          54	    0.122325	    0.122795	 0.000876157
          55	    0.109412	    0.122552	  0.00089338
          56	    0.119847	    0.122504	 0.000878732
          57	    0.114765	    0.122368	  0.00087374
          58	    0.118864	    0.122308	 0.000860761
          59	    0.125106	    0.122355	 0.000847478
          60	    0.115478	     0.12224	 0.000841067
          61	     0.11368	      0.1221	 0.000838904
          62	    0.136996	     0.12234	  0.00085909
          63	    0.117994	    0.122271	 0.000848219
          64	    0.129976	    0.122392	 0.000843467
          65	    0.131521	    0.122532	 0.000842104
          66	    0.113468	    0.122395	 0.000840469
          67	     0.12945	      0.1225	 0.000834495
          68	    0.119523	    0.122456	 0.000823371
          69	    0.117353	    0.122382	 0.000814753
          70	    0.113559	    0.122256	 0.000812805
          71	    0.119542	    0.122218	 0.000802256
          72	    0.125421	    0.122263	 0.000792346
          73	    0.116902	    0.122189	 0.000784888
          74	    0.126175	    0.122243	 0.000776127
          75	    0.112798	    0.122117	 0.000775929
          76	    0.122307	     0.12212	 0.000765723
          77	     0.11827	     0.12207	 0.000757409
          78	    0.123814	    0.122092	 0.000748028
          79	    0.116143	    0.122017	  0.00074234
          80	    0.120472	    0.121997	 0.000733312
          81	     0.12167	    0.121993	  0.00072427
          82	    0.114602	    0.121903	 0.000721025
          83	    0.129239	    0.121992	 0.000717734
          84	     0.12142	    0.121985	 0.000709222
          85	    0.119064	     0.12195	  0.00070171
          86	    0.111904	    0.121834	 0.000703208
          87	    0.118719	    0.121798	 0.000696036
          88	    0.117567	     0.12175	 0.000689785
          89	    0.122024	    0.121753	 0.000682041
          90	    0.110984	    0.121633	 0.000684878
          91	    0.119524	     0.12161	 0.000677744
          92	    0.115047	    0.121539	 0.000674121
          93	    0.126923	    0.121596	 0.000669354
          94	    0.116971	    0.121547	 0.000664039
          95	    0.130613	    0.121643	  0.00066387
          96	    0.125424	    0.121682	 0.000658123
          97	     0.12672	    0.121734	 0.000653384
          98	    0.128427	    0.121802	 0.000650277
          99	    0.120513	    0.121789	 0.000643839
         100	    0.112107	    0.121692	  0.00064464
