#     BLOCK:   ACTUAL_TE:    TE_AVE:      ERROR:
               1	       -0.885048	       -0.885048	               0
               2	       -0.883776	       -0.884412	      0.00044972
               3	       -0.890584	       -0.886469	      0.00170635
               4	       -0.886288	       -0.886424	      0.00128037
               5	       -0.887136	       -0.886566	      0.00103218
               6	        -0.88572	       -0.886425	     0.000869737
               7	       -0.884176	       -0.886104	     0.000802657
               8	       -0.889816	       -0.886568	     0.000825617
               9	        -0.87968	       -0.885803	      0.00102919
              10	       -0.888536	       -0.886076	     0.000961884
              11	       -0.887032	       -0.886163	     0.000878358
              12	       -0.896568	        -0.88703	      0.00115649
              13	       -0.885496	       -0.886912	      0.00107354
              14	       -0.881736	       -0.886542	       0.0010586
              15	        -0.88596	       -0.886503	     0.000988743
              16	       -0.880144	       -0.886106	      0.00100366
              17	       -0.882192	       -0.885876	      0.00097067
              18	       -0.899248	       -0.886619	       0.0011669
              19	       -0.887056	       -0.886642	      0.00110571
              20	       -0.894328	       -0.887026	      0.00111522
              21	       -0.893472	       -0.887333	      0.00110355
              22	       -0.886312	       -0.887287	      0.00105436
              23	       -0.887504	       -0.887296	      0.00100856
              24	       -0.880688	       -0.887021	      0.00100342
              25	       -0.885496	        -0.88696	     0.000965133
              26	       -0.888032	       -0.887001	     0.000928893
              27	       -0.884312	       -0.886901	     0.000899812
              28	       -0.885208	       -0.886841	     0.000869706
              29	       -0.884624	       -0.886764	     0.000843069
              30	       -0.887368	       -0.886785	     0.000815207
              31	        -0.89096	       -0.886919	      0.00079996
              32	       -0.889544	       -0.887001	     0.000779155
              33	        -0.89444	       -0.887227	     0.000787477
              34	        -0.89932	       -0.887582	     0.000840815
              35	       -0.879696	       -0.887357	     0.000846445
              36	       -0.884424	       -0.887276	     0.000826845
              37	       -0.884744	       -0.887207	     0.000807323
              38	        -0.89296	       -0.887359	     0.000800147
              39	       -0.895704	       -0.887573	     0.000807737
              40	       -0.879256	       -0.887365	     0.000813862
              41	       -0.885928	        -0.88733	     0.000794766
              42	        -0.89464	       -0.887504	     0.000794674
              43	        -0.89228	       -0.887615	     0.000783918
              44	       -0.892728	       -0.887731	     0.000774668
              45	       -0.880272	       -0.887565	     0.000774983
              46	       -0.889968	       -0.887617	     0.000759894
              47	       -0.884568	       -0.887553	     0.000746491
              48	       -0.889328	        -0.88759	     0.000731855
              49	       -0.893376	       -0.887708	     0.000726384
              50	        -0.88756	       -0.887705	     0.000711862
              51	       -0.893584	        -0.88782	     0.000707177
              52	       -0.886744	       -0.887799	      0.00069388
              53	       -0.893976	       -0.887916	     0.000690506
              54	       -0.892552	       -0.888002	     0.000683036
              55	       -0.882992	       -0.887911	     0.000676663
              56	       -0.886624	       -0.887888	     0.000664969
              57	       -0.883008	       -0.887802	      0.00065879
              58	       -0.892032	       -0.887875	     0.000651456
              59	        -0.88116	       -0.887761	     0.000650281
              60	         -0.8868	       -0.887745	      0.00063964
              61	        -0.88656	       -0.887726	     0.000629449
              62	       -0.885192	       -0.887685	     0.000620622
              63	        -0.87968	       -0.887558	     0.000623641
              64	       -0.886376	       -0.887539	      0.00061417
              65	       -0.895016	       -0.887654	     0.000615399
              66	        -0.88596	       -0.887629	      0.00060661
              67	        -0.89048	       -0.887671	     0.000599047
              68	       -0.882792	       -0.887599	     0.000594519
              69	        -0.88904	        -0.88762	     0.000586269
              70	       -0.893112	       -0.887699	      0.00058312
              71	       -0.889808	       -0.887728	     0.000575663
              72	       -0.888896	       -0.887745	     0.000567896
              73	       -0.884608	       -0.887702	      0.00056174
              74	        -0.89112	       -0.887748	     0.000556045
              75	        -0.88864	        -0.88776	     0.000548758
              76	       -0.884072	       -0.887711	     0.000543678
              77	       -0.880032	       -0.887612	     0.000545688
              78	        -0.88548	       -0.887584	     0.000539376
              79	       -0.889312	       -0.887606	     0.000532992
              80	        -0.88832	       -0.887615	     0.000526404
              81	       -0.885392	       -0.887588	      0.00052062
              82	       -0.892776	       -0.887651	     0.000518102
              83	       -0.886272	       -0.887634	     0.000512126
              84	       -0.885584	        -0.88761	      0.00050661
              85	       -0.886776	         -0.8876	     0.000500745
              86	       -0.884232	       -0.887561	     0.000496452
              87	       -0.877944	        -0.88745	     0.000502901
              88	       -0.891032	       -0.887491	      0.00049883
              89	       -0.887272	       -0.887489	     0.000493232
              90	       -0.883712	       -0.887447	     0.000489533
              91	         -0.8826	       -0.887393	     0.000487042
              92	        -0.89148	       -0.887438	      0.00048377
              93	       -0.885336	       -0.887415	     0.000479095
              94	       -0.886136	       -0.887402	     0.000474192
              95	        -0.89488	        -0.88748	      0.00047569
              96	       -0.885504	        -0.88746	      0.00047118
              97	       -0.888736	       -0.887473	     0.000466506
              98	       -0.880264	       -0.887399	     0.000467509
              99	         -0.8872	       -0.887397	     0.000462791
             100	       -0.889648	        -0.88742	      0.00045871
             101	       -0.892304	       -0.887468	     0.000456711
             102	       -0.896464	       -0.887556	      0.00046067
             103	       -0.883192	       -0.887514	     0.000458142
             104	       -0.889808	       -0.887536	     0.000454267
             105	       -0.888608	       -0.887546	     0.000450056
             106	       -0.879728	       -0.887472	     0.000451813
             107	       -0.885512	       -0.887454	     0.000447962
             108	       -0.887752	       -0.887457	     0.000443823
             109	        -0.88444	       -0.887429	     0.000440613
             110	       -0.883216	       -0.887391	     0.000438269
             111	       -0.889528	        -0.88741	     0.000434744
             112	       -0.885224	       -0.887391	       0.0004313
             113	       -0.892928	        -0.88744	     0.000430258
             114	       -0.892408	       -0.887483	     0.000428685
             115	       -0.881616	       -0.887432	     0.000427983
             116	       -0.890528	       -0.887459	     0.000425125
             117	       -0.892784	       -0.887504	      0.00042392
             118	       -0.885384	       -0.887486	     0.000420709
             119	       -0.894944	       -0.887549	     0.000421815
             120	       -0.893168	       -0.887596	     0.000420891
             121	       -0.884136	       -0.887567	     0.000418382
             122	       -0.896312	       -0.887639	     0.000421048
             123	        -0.88796	       -0.887642	     0.000417633
             124	       -0.887824	       -0.887643	     0.000414268
             125	        -0.89072	       -0.887668	     0.000411684
             126	       -0.882368	       -0.887626	      0.00041056
             127	       -0.891192	       -0.887654	     0.000408286
             128	       -0.896184	        -0.88772	     0.000410499
             129	        -0.88532	       -0.887702	     0.000407739
             130	       -0.886536	       -0.887693	     0.000404701
             131	       -0.885216	       -0.887674	     0.000402053
             132	       -0.888928	       -0.887683	     0.000399119
             133	       -0.892416	       -0.887719	     0.000397702
             134	        -0.88556	       -0.887703	      0.00039506
             135	       -0.889928	       -0.887719	     0.000392477
             136	         -0.8876	       -0.887718	     0.000389592
             137	       -0.889792	       -0.887734	     0.000387042
             138	       -0.888344	       -0.887738	     0.000384263
             139	       -0.887984	        -0.88774	     0.000381503
             140	       -0.893776	       -0.887783	     0.000381206
             141	       -0.892664	       -0.887818	     0.000380071
             142	         -0.8828	       -0.887782	     0.000379034
             143	        -0.89668	       -0.887844	     0.000381456
             144	       -0.887872	       -0.887845	     0.000378807
             145	       -0.886624	       -0.887836	     0.000376288
             146	       -0.882048	       -0.887797	     0.000375794
             147	       -0.891056	       -0.887819	     0.000373891
             148	        -0.88596	       -0.887806	     0.000371575
             149	       -0.885176	       -0.887789	     0.000369501
             150	       -0.890752	       -0.887808	     0.000367565
             151	       -0.889624	        -0.88782	     0.000365327
             152	       -0.891056	       -0.887842	     0.000363544
             153	       -0.889472	       -0.887852	     0.000361324
             154	       -0.894984	       -0.887899	     0.000361933
             155	       -0.889056	       -0.887906	     0.000359675
             156	       -0.891864	       -0.887931	     0.000358263
             157	        -0.88856	       -0.887935	     0.000356004
             158	       -0.891744	       -0.887959	     0.000354566
             159	       -0.887312	       -0.887955	     0.000352359
             160	       -0.885336	       -0.887939	     0.000350537
             161	       -0.885496	       -0.887924	     0.000348688
             162	       -0.880512	       -0.887878	     0.000349524
             163	        -0.88936	       -0.887887	     0.000347498
             164	       -0.893016	       -0.887918	     0.000346784
             165	        -0.88668	       -0.887911	     0.000344763
             166	        -0.89268	        -0.88794	     0.000343881
             167	       -0.886368	        -0.88793	     0.000341951
             168	       -0.889624	        -0.88794	     0.000340064
             169	       -0.889672	       -0.887951	     0.000338206
             170	       -0.895048	       -0.887992	     0.000338784
             171	       -0.879784	       -0.887944	     0.000340186
             172	       -0.879528	       -0.887895	     0.000341709
             173	       -0.897208	       -0.887949	     0.000343948
             174	       -0.891808	       -0.887971	     0.000342685
             175	       -0.891808	       -0.887993	     0.000341428
             176	       -0.897048	       -0.888045	     0.000343342
             177	         -0.8854	        -0.88803	     0.000341727
             178	       -0.893808	       -0.888062	     0.000341346
             179	       -0.889032	       -0.888068	     0.000339482
             180	        -0.89608	       -0.888112	     0.000340501
             181	       -0.882248	        -0.88808	     0.000340158
             182	       -0.885184	       -0.888064	     0.000338661
             183	       -0.894312	       -0.888098	     0.000338527
             184	       -0.883384	       -0.888072	     0.000337655
             185	       -0.888216	       -0.888073	     0.000335831
             186	       -0.890264	       -0.888085	     0.000334232
             187	       -0.891568	       -0.888104	     0.000332963
             188	       -0.885168	       -0.888088	     0.000331558
             189	       -0.884336	       -0.888068	     0.000330398
             190	       -0.892208	        -0.88809	     0.000329376
             191	       -0.887008	       -0.888084	     0.000327701
             192	       -0.881472	        -0.88805	     0.000327798
             193	       -0.894104	       -0.888081	     0.000327598
             194	       -0.888704	       -0.888084	     0.000325925
             195	       -0.889392	       -0.888091	     0.000324322
             196	       -0.891272	       -0.888107	     0.000323073
             197	        -0.88848	       -0.888109	     0.000321439
             198	       -0.895824	       -0.888148	     0.000322168
             199	       -0.884224	       -0.888129	     0.000321152
             200	       -0.890984	       -0.888143	     0.000319864
             201	       -0.894256	       -0.888173	     0.000319715
             202	       -0.891344	       -0.888189	     0.000318517
             203	         -0.8844	        -0.88817	     0.000317495
             204	       -0.881368	       -0.888137	     0.000317684
             205	       -0.889928	       -0.888146	     0.000316255
             206	        -0.88584	       -0.888134	     0.000314918
             207	       -0.884016	       -0.888115	     0.000314024
             208	       -0.893688	       -0.888141	     0.000313656
             209	       -0.886832	       -0.888135	     0.000312217
             210	       -0.886568	       -0.888128	      0.00031082
             211	       -0.890744	        -0.88814	     0.000309594
             212	       -0.885584	       -0.888128	     0.000308368
             213	       -0.889408	       -0.888134	     0.000306979
             214	       -0.889968	       -0.888143	     0.000305664
             215	       -0.890504	       -0.888154	      0.00030444
             216	       -0.884528	       -0.888137	     0.000303493
             217	       -0.899232	       -0.888188	     0.000306371
             218	       -0.884456	       -0.888171	     0.000305443
             219	       -0.878976	       -0.888129	     0.000306921
             220	       -0.892896	        -0.88815	      0.00030629
             221	       -0.888216	       -0.888151	     0.000304904
             222	       -0.886432	       -0.888143	     0.000303629
             223	       -0.887128	       -0.888138	     0.000302301
             224	       -0.883776	       -0.888119	     0.000301578
             225	       -0.886152	        -0.88811	     0.000300365
             226	          -0.881	       -0.888079	     0.000300679
             227	       -0.890152	       -0.888088	     0.000299493
             228	        -0.88912	       -0.888092	     0.000298213
             229	       -0.884848	       -0.888078	     0.000297248
             230	       -0.892216	       -0.888096	     0.000296499
             231	       -0.889208	       -0.888101	     0.000295255
             232	       -0.901624	       -0.888159	      0.00029968
             233	       -0.891288	       -0.888173	     0.000298695
             234	       -0.890536	       -0.888183	     0.000297589
             235	        -0.88876	       -0.888185	     0.000296333
             236	       -0.892904	       -0.888205	     0.000295751
             237	       -0.886488	       -0.888198	     0.000294592
             238	       -0.893176	       -0.888219	     0.000294096
             239	       -0.888208	       -0.888219	     0.000292865
             240	       -0.885248	       -0.888207	     0.000291906
             241	       -0.884376	       -0.888191	     0.000291128
             242	       -0.884776	       -0.888177	     0.000290266
             243	       -0.885632	       -0.888166	     0.000289261
             244	       -0.890176	       -0.888174	     0.000288192
             245	       -0.888056	       -0.888174	     0.000287016
             246	       -0.886824	       -0.888168	     0.000285902
             247	       -0.882136	       -0.888144	     0.000285786
             248	       -0.892168	        -0.88816	     0.000285094
             249	       -0.890496	        -0.88817	     0.000284103
             250	        -0.88888	       -0.888172	     0.000282981
             251	       -0.888624	       -0.888174	     0.000281859
             252	       -0.890744	       -0.888184	     0.000280925
             253	       -0.886904	       -0.888179	      0.00027986
             254	       -0.888336	        -0.88818	     0.000278759
             255	        -0.88736	       -0.888177	     0.000277685
             256	       -0.887176	       -0.888173	     0.000276627
             257	       -0.886024	       -0.888164	     0.000275677
             258	       -0.885168	       -0.888153	     0.000274853
             259	       -0.895176	        -0.88818	     0.000275127
             260	       -0.879552	       -0.888147	     0.000276062
             261	       -0.884216	       -0.888132	     0.000275415
             262	       -0.884536	       -0.888118	     0.000274706
             263	       -0.893296	       -0.888138	     0.000274366
             264	        -0.89088	       -0.888148	     0.000273523
             265	        -0.89036	       -0.888156	     0.000272618
             266	       -0.889448	       -0.888161	     0.000271637
             267	        -0.89392	       -0.888183	     0.000271474
             268	       -0.889008	       -0.888186	     0.000270479
             269	       -0.885368	       -0.888175	     0.000269676
             270	       -0.889248	       -0.888179	     0.000268706
             271	       -0.889352	       -0.888184	      0.00026775
             272	       -0.886216	       -0.888177	     0.000266863
             273	       -0.890768	       -0.888186	     0.000266054
             274	       -0.891312	       -0.888197	     0.000265328
             275	       -0.886584	       -0.888192	     0.000264428
             276	        -0.88912	       -0.888195	     0.000263491
             277	       -0.899344	       -0.888235	     0.000265596
             278	       -0.886208	       -0.888228	     0.000264741
             279	        -0.88812	       -0.888227	     0.000263792
             280	       -0.887016	       -0.888223	     0.000262886
             281	       -0.896952	       -0.888254	     0.000263779
             282	       -0.894952	       -0.888278	     0.000263911
             283	       -0.889848	       -0.888284	     0.000263037
             284	        -0.88528	       -0.888273	     0.000262323
             285	        -0.88984	       -0.888278	      0.00026146
             286	       -0.883936	       -0.888263	     0.000260986
             287	       -0.890568	       -0.888271	     0.000260201
             288	       -0.886112	       -0.888264	     0.000259405
             289	       -0.897064	       -0.888294	     0.000260289
             290	       -0.887104	        -0.88829	     0.000259423
             291	        -0.87936	       -0.888259	     0.000260341
             292	       -0.890152	       -0.888266	      0.00025953
             293	         -0.8834	       -0.888249	     0.000259175
             294	       -0.889744	       -0.888254	     0.000258343
             295	       -0.883704	       -0.888239	     0.000257927
             296	       -0.890728	       -0.888247	     0.000257193
             297	       -0.889144	        -0.88825	     0.000256345
             298	       -0.885896	       -0.888242	     0.000255606
             299	       -0.889536	       -0.888247	     0.000254788
             300	       -0.885488	       -0.888238	     0.000254105
             301	       -0.884192	       -0.888224	     0.000253616
             302	       -0.882272	       -0.888204	     0.000253541
             303	        -0.89056	       -0.888212	     0.000252823
             304	       -0.887856	       -0.888211	     0.000251994
             305	        -0.88524	       -0.888201	     0.000251356
             306	       -0.887336	       -0.888199	     0.000250551
             307	       -0.886968	       -0.888195	     0.000249766
             308	          -0.885	       -0.888184	     0.000249171
             309	       -0.885496	       -0.888175	     0.000248516
             310	       -0.892992	       -0.888191	       0.0002482
             311	       -0.888312	       -0.888191	     0.000247402
             312	       -0.888536	       -0.888192	     0.000246612
             313	       -0.888136	       -0.888192	     0.000245824
             314	       -0.890168	       -0.888199	     0.000245121
             315	       -0.882992	       -0.888182	       0.0002449
             316	       -0.887768	       -0.888181	     0.000244128
             317	        -0.89284	       -0.888195	       0.0002438
             318	       -0.892944	        -0.88821	      0.00024349
             319	       -0.884808	         -0.8882	     0.000242961
             320	       -0.882776	       -0.888183	     0.000242792
             321	       -0.883768	       -0.888169	     0.000242425
             322	       -0.893096	       -0.888184	     0.000242154
             323	        -0.89164	       -0.888195	     0.000241641
             324	       -0.894568	       -0.888215	     0.000241694
             325	       -0.894152	       -0.888233	      0.00024164
             326	       -0.889448	       -0.888237	     0.000240928
             327	       -0.889632	       -0.888241	     0.000240229
             328	       -0.891232	        -0.88825	     0.000239669
             329	        -0.89348	       -0.888266	     0.000239467
             330	       -0.884136	       -0.888253	     0.000239068
             331	       -0.889024	       -0.888256	     0.000238357
             332	       -0.887728	       -0.888254	     0.000237645
             333	       -0.884192	       -0.888242	     0.000237244
             334	       -0.883088	       -0.888227	     0.000237035
             335	       -0.880264	       -0.888203	     0.000237516
             336	       -0.884216	       -0.888191	     0.000237106
             337	       -0.884248	       -0.888179	      0.00023669
             338	        -0.89196	        -0.88819	     0.000236254
             339	       -0.898464	       -0.888221	     0.000237493
             340	       -0.887984	        -0.88822	     0.000236796
             341	       -0.903472	       -0.888265	     0.000240288
             342	        -0.89024	       -0.888271	     0.000239655
             343	        -0.88616	       -0.888264	     0.000239035
             344	       -0.887784	       -0.888263	     0.000238345
             345	       -0.881192	       -0.888242	     0.000238533
             346	       -0.882704	       -0.888226	      0.00023838
             347	       -0.885624	       -0.888219	     0.000237811
             348	       -0.885528	       -0.888211	     0.000237254
             349	       -0.889224	       -0.888214	     0.000236592
             350	       -0.886856	        -0.88821	     0.000235948
             351	       -0.893208	       -0.888224	     0.000235705
             352	       -0.882608	       -0.888209	     0.000235574
             353	       -0.893192	       -0.888223	      0.00023533
             354	       -0.888304	       -0.888223	     0.000234665
             355	       -0.885984	       -0.888217	     0.000234089
             356	       -0.884376	       -0.888206	      0.00023368
             357	       -0.881392	       -0.888187	     0.000233803
             358	        -0.88504	       -0.888178	     0.000233315
             359	       -0.888384	       -0.888178	     0.000232666
             360	       -0.883208	       -0.888165	     0.000232429
             361	       -0.892184	       -0.888176	     0.000232052
             362	        -0.89136	       -0.888185	     0.000231577
             363	       -0.886024	       -0.888179	     0.000231016
             364	       -0.887112	       -0.888176	       0.0002304
             365	       -0.883496	       -0.888163	     0.000230125
             366	       -0.887496	       -0.888161	     0.000229503
             367	       -0.888152	       -0.888161	     0.000228878
             368	       -0.887072	       -0.888158	     0.000228275
             369	       -0.886792	       -0.888154	     0.000227687
             370	       -0.891664	       -0.888164	     0.000227269
             371	       -0.890616	        -0.88817	     0.000226752
             372	        -0.89124	       -0.888179	     0.000226293
             373	       -0.886584	       -0.888174	     0.000225727
             374	       -0.885104	       -0.888166	     0.000225272
             375	         -0.8926	       -0.888178	     0.000224982
             376	       -0.889872	       -0.888183	     0.000224428
             377	       -0.881912	       -0.888166	     0.000224449
             378	        -0.89164	       -0.888175	     0.000224043
             379	       -0.884264	       -0.888165	     0.000223689
             380	        -0.88508	       -0.888157	     0.000223248
             381	        -0.88528	       -0.888149	      0.00022279
             382	       -0.891984	       -0.888159	     0.000222432
             383	        -0.88004	       -0.888138	      0.00022286
             384	       -0.893768	       -0.888153	     0.000222761
             385	       -0.893208	       -0.888166	     0.000222569
             386	       -0.899912	       -0.888196	     0.000224063
             387	       -0.885024	       -0.888188	     0.000223634
             388	       -0.884816	       -0.888179	     0.000223226
             389	       -0.885448	       -0.888172	     0.000222763
             390	       -0.888616	       -0.888173	     0.000222195
             391	       -0.884664	       -0.888164	     0.000221808
             392	       -0.889792	       -0.888169	     0.000221281
             393	        -0.89164	       -0.888177	     0.000220894
             394	       -0.885992	       -0.888172	     0.000220403
             395	       -0.891232	        -0.88818	     0.000219981
             396	       -0.884032	       -0.888169	     0.000219675
             397	        -0.88276	       -0.888156	     0.000219543
             398	       -0.888272	       -0.888156	     0.000218992
             399	       -0.890136	       -0.888161	     0.000218499
             400	       -0.892352	       -0.888171	     0.000218204
             401	       -0.878544	       -0.888147	     0.000218977
             402	       -0.888104	       -0.888147	     0.000218432
             403	       -0.884728	       -0.888139	     0.000218055
             404	       -0.885112	       -0.888131	     0.000217644
             405	       -0.889776	       -0.888135	     0.000217144
             406	       -0.889088	       -0.888138	     0.000216622
             407	       -0.884704	       -0.888129	     0.000216254
             408	       -0.893752	       -0.888143	     0.000216163
             409	       -0.886664	       -0.888139	     0.000215664
             410	       -0.885392	       -0.888133	     0.000215242
             411	         -0.8908	       -0.888139	     0.000214817
             412	       -0.895272	       -0.888156	     0.000214992
             413	       -0.894104	       -0.888171	     0.000214953
             414	       -0.891912	        -0.88818	     0.000214624
             415	        -0.88616	       -0.888175	     0.000214162
             416	       -0.879248	       -0.888154	     0.000214719
             417	       -0.884272	       -0.888144	     0.000214406
             418	         -0.8896	       -0.888148	     0.000213921
             419	         -0.8882	       -0.888148	     0.000213411
             420	       -0.890728	       -0.888154	     0.000212991
             421	       -0.888992	       -0.888156	     0.000212494
             422	       -0.883224	       -0.888144	     0.000212312
             423	        -0.88192	        -0.88813	     0.000212319
             424	       -0.887528	       -0.888128	     0.000211823
             425	       -0.891832	       -0.888137	     0.000211504
             426	       -0.887416	       -0.888135	     0.000211014
             427	       -0.889448	       -0.888138	     0.000210543
             428	       -0.890608	       -0.888144	      0.00021013
             429	       -0.887864	       -0.888143	     0.000209641
             430	       -0.888752	       -0.888145	     0.000209158
             431	         -0.8866	       -0.888141	     0.000208704
             432	       -0.888224	       -0.888141	     0.000208221
             433	       -0.891216	       -0.888148	     0.000207861
             434	       -0.887152	       -0.888146	     0.000207395
             435	       -0.885624	        -0.88814	     0.000206999
             436	         -0.8918	       -0.888149	     0.000206694
             437	       -0.892216	       -0.888158	     0.000206431
             438	        -0.89344	        -0.88817	     0.000206311
             439	       -0.887384	       -0.888168	     0.000205849
             440	       -0.883288	       -0.888157	      0.00020568
             441	       -0.884464	       -0.888149	     0.000205384
             442	       -0.886232	       -0.888145	     0.000204965
             443	        -0.89436	       -0.888159	     0.000204982
             444	       -0.895992	       -0.888176	     0.000205278
             445	       -0.884464	       -0.888168	     0.000204986
             446	       -0.886536	       -0.888164	     0.000204559
             447	       -0.886968	       -0.888162	     0.000204119
             448	        -0.88588	       -0.888156	     0.000203727
             449	       -0.882256	       -0.888143	     0.000203697
             450	          -0.893	       -0.888154	      0.00020353
             451	       -0.882528	       -0.888142	      0.00020346
             452	       -0.888528	       -0.888142	     0.000203012
             453	       -0.884632	       -0.888135	     0.000202712
             454	        -0.88672	       -0.888132	     0.000202289
             455	       -0.891184	       -0.888138	     0.000201956
             456	       -0.889216	       -0.888141	     0.000201527
             457	       -0.879776	       -0.888122	     0.000201915
             458	        -0.88488	       -0.888115	     0.000201599
             459	        -0.88552	        -0.88811	     0.000201239
             460	       -0.886072	       -0.888105	      0.00020085
             461	       -0.885752	         -0.8881	     0.000200479
             462	       -0.881864	       -0.888087	     0.000200499
             463	       -0.893864	       -0.888099	     0.000200454
             464	       -0.890128	       -0.888103	      0.00020007
             465	       -0.885472	       -0.888098	     0.000199719
             466	        -0.89408	       -0.888111	     0.000199703
             467	       -0.881016	       -0.888095	     0.000199852
             468	       -0.891272	       -0.888102	      0.00019954
             469	       -0.891064	       -0.888109	     0.000199215
             470	       -0.887496	       -0.888107	     0.000198795
             471	       -0.885232	       -0.888101	     0.000198467
             472	       -0.890696	       -0.888107	     0.000198123
             473	       -0.889232	       -0.888109	     0.000197718
             474	       -0.886512	       -0.888106	      0.00019733
             475	         -0.8828	       -0.888095	      0.00019723
             476	       -0.888328	       -0.888095	     0.000196816
             477	       -0.883488	       -0.888085	     0.000196641
             478	       -0.884104	       -0.888077	     0.000196405
             479	       -0.885296	       -0.888071	     0.000196081
             480	       -0.888304	       -0.888072	     0.000195673
             481	       -0.897144	       -0.888091	     0.000196173
             482	       -0.886128	       -0.888086	     0.000195809
             483	       -0.886448	       -0.888083	     0.000195433
             484	       -0.884816	       -0.888076	     0.000195145
             485	       -0.893112	       -0.888087	     0.000195019
             486	       -0.886088	       -0.888083	     0.000194661
             487	       -0.888152	       -0.888083	     0.000194262
             488	       -0.889832	       -0.888086	     0.000193897
             489	       -0.882528	       -0.888075	     0.000193833
             490	       -0.888472	       -0.888076	     0.000193439
             491	       -0.891816	       -0.888083	     0.000193195
             492	       -0.877824	       -0.888063	     0.000193924
             493	       -0.888344	       -0.888063	     0.000193532
             494	       -0.888752	       -0.888065	     0.000193145
             495	        -0.88852	       -0.888065	     0.000192757
             496	       -0.883832	       -0.888057	     0.000192557
             497	       -0.888056	       -0.888057	      0.00019217
             498	       -0.883024	       -0.888047	      0.00019205
             499	       -0.889848	        -0.88805	     0.000191699
             500	        -0.88928	       -0.888053	     0.000191331
