#     BLOCK:   ACTUAL_M:     M_AVE:       ERROR:
           1	     -0.0274	     -0.0274	           0
           2	     -0.0208	     -0.0241	  0.00233345
           3	    -0.01684	    -0.02168	  0.00251481
           4	    -0.02628	    -0.02283	   0.0021329
           5	      0.0026	   -0.017744	  0.00485854
           6	    -0.01376	    -0.01708	  0.00409391
           7	    -0.00892	  -0.0159143	  0.00367128
           8	    -0.03228	    -0.01796	  0.00373914
           9	    -0.02928	  -0.0192178	  0.00352889
          10	    -0.01836	   -0.019132	  0.00317704
          11	     -0.0212	    -0.01932	  0.00289378
          12	    -0.02368	  -0.0196833	  0.00267534
          13	    -0.02832	  -0.0203477	   0.0025507
          14	    -0.01956	  -0.0202914	  0.00236913
          15	    -0.01988	   -0.020264	  0.00221135
          16	     -0.0356	  -0.0212225	  0.00227139
          17	    -0.00268	  -0.0201318	  0.00238533
          18	    -0.04632	  -0.0215867	  0.00265976
          19	     -0.0172	  -0.0213558	  0.00252977
          20	    -0.02592	   -0.021584	  0.00241355
          21	    -0.04248	   -0.022579	  0.00249532
          22	    -0.05708	  -0.0241473	  0.00283213
          23	    -0.00432	  -0.0232852	  0.00283716
          24	    -0.01272	   -0.022845	  0.00275289
          25	    -0.01704	  -0.0226128	  0.00265255
          26	    -0.03088	  -0.0229308	  0.00256952
          27	    -0.03008	  -0.0231956	  0.00248795
          28	    -0.00352	  -0.0224929	  0.00249636
          29	      -0.033	  -0.0228552	  0.00243643
          30	    -0.01708	  -0.0226627	  0.00236281
          31	     0.02072	  -0.0212632	  0.00266904
          32	    -0.00388	    -0.02072	  0.00264033
          33	    -0.00744	  -0.0203176	  0.00259081
          34	    -0.01992	  -0.0203059	  0.00251463
          35	     -0.0324	  -0.0206514	  0.00246641
          36	    -0.02804	  -0.0208567	  0.00240643
          37	      0.0318	  -0.0194335	  0.00272997
          38	     -0.0532	  -0.0203221	  0.00279901
          39	    -0.00932	    -0.02004	  0.00274142
          40	    -0.02516	   -0.020168	  0.00267587
          41	     0.00104	  -0.0196507	  0.00266013
          42	     0.00152	  -0.0191467	  0.00264412
          43	    -0.01964	  -0.0191581	  0.00258265
          44	    -0.02308	  -0.0192473	   0.0025255
          45	     0.00152	  -0.0187858	  0.00251118
          46	     -0.0004	  -0.0183861	   0.0024882
          47	    -0.01952	  -0.0184102	  0.00243538
          48	     -0.0518	  -0.0191058	    0.002482
          49	    -0.00812	  -0.0188816	  0.00244145
          50	    -0.02272	  -0.0189584	  0.00239383
          51	      -0.033	  -0.0192337	  0.00236267
          52	    -0.01944	  -0.0192377	  0.00231724
          53	    -0.04052	  -0.0196392	  0.00230805
          54	    -0.01388	  -0.0195326	  0.00226777
          55	    -0.00132	  -0.0192015	  0.00225058
          56	    -0.02696	    -0.01934	  0.00221465
          57	     -0.0556	  -0.0199761	  0.00226532
          58	     -0.0334	  -0.0202076	  0.00223805
          59	    -0.03984	  -0.0205403	  0.00222472
          60	    -0.03768	   -0.020826	  0.00220591
          61	    -0.02104	  -0.0208295	  0.00216975
          62	    -0.05216	  -0.0213348	  0.00219281
          63	    -0.03224	  -0.0215079	  0.00216482
          64	    -0.01144	  -0.0213506	   0.0021367
          65	    -0.02604	  -0.0214228	  0.00210505
          66	    -0.03796	  -0.0216733	  0.00208801
          67	    -0.03552	    -0.02188	  0.00206705
          68	    -0.01668	  -0.0218035	  0.00203807
          69	    -0.02104	  -0.0217925	  0.00200856
          70	    -0.01848	  -0.0217451	  0.00198042
          71	    -0.04256	  -0.0220383	  0.00197411
          72	    -0.01104	  -0.0218856	  0.00195259
          73	      -0.014	  -0.0217775	  0.00192883
          74	    -0.03148	  -0.0219086	  0.00190722
          75	     0.00064	   -0.021608	  0.00190534
          76	     -0.0152	  -0.0215237	  0.00188213
          77	     -0.0206	  -0.0215117	  0.00185773
          78	    -0.03492	  -0.0216836	  0.00184185
          79	    -0.00568	   -0.021481	  0.00182964
          80	    -0.01364	   -0.021383	  0.00180939
          81	    -0.02124	  -0.0213812	  0.00178705
          82	    -0.02852	  -0.0214683	  0.00176738
          83	    -0.04416	  -0.0217417	   0.0017671
          84	    -0.00504	  -0.0215429	  0.00175722
          85	    -0.01832	  -0.0215049	  0.00173695
          86	    -0.03948	   -0.021714	  0.00172929
          87	    -0.03308	  -0.0218446	  0.00171434
          88	    -0.04504	  -0.0221082	    0.001715
          89	    -0.02188	  -0.0221056	  0.00169573
          90	    -0.00848	  -0.0219542	  0.00168364
          91	      -0.024	  -0.0219767	  0.00166528
          92	    -0.01152	   -0.021863	  0.00165106
          93	    -0.02568	  -0.0219041	  0.00163381
          94	    -0.03352	  -0.0220277	   0.0016211
          95	    -0.01452	  -0.0219486	  0.00160596
          96	    -0.03556	  -0.0220904	  0.00159548
          97	    -0.04088	  -0.0222841	  0.00159075
          98	    -0.03708	  -0.0224351	  0.00158166
          99	    -0.05032	  -0.0227168	  0.00159057
         100	    -0.03632	  -0.0228528	  0.00158047
