#     BLOCK:   ACTUAL_CV:    CV_AVE:      ERROR:
           1	    0.034511	    0.034511	           0
           2	    0.154238	   0.0943744	   0.0423298
           3	   0.0740514	      0.0876	   0.0287568
           4	    0.246901	    0.127425	    0.040678
           5	   0.0490514	    0.111751	    0.035434
           6	   0.0740005	    0.105459	   0.0300817
           7	    0.278463	    0.130174	   0.0344731
           8	    0.126178	    0.129674	   0.0301676
           9	    0.247425	    0.142758	   0.0295167
          10	    0.129632	    0.141445	   0.0265942
          11	    0.482901	    0.172487	   0.0382162
          12	    0.439438	    0.194732	   0.0409982
          13	   0.0179333	    0.181133	   0.0400367
          14	    0.162636	    0.179811	   0.0371987
          15	   0.0857202	    0.173539	   0.0352437
          16	    0.469378	    0.192029	   0.0375795
          17	    0.118241	    0.187688	   0.0356187
          18	    0.591851	    0.210142	   0.0400973
          19	   0.0475379	    0.201584	   0.0388895
          20	    0.173069	    0.200158	   0.0369711
          21	    0.177557	    0.199082	   0.0352262
          22	    0.145585	     0.19665	   0.0337089
          23	    0.106785	    0.192743	   0.0324689
          24	    0.196516	      0.1929	   0.0311164
          25	    0.165132	    0.191789	   0.0298916
          26	    0.381214	    0.199075	   0.0296165
          27	   0.0122606	    0.192156	   0.0293166
          28	   0.0680296	    0.187723	   0.0286028
          29	    0.427712	    0.195998	   0.0287888
          30	    0.359549	     0.20145	   0.0283407
          31	   0.0906396	    0.197875	   0.0276509
          32	    0.323202	    0.201792	   0.0270628
          33	    0.196436	    0.201629	   0.0262432
          34	     0.24414	     0.20288	   0.0255011
          35	   0.0413221	    0.198264	   0.0251868
          36	    0.423008	    0.204507	    0.025249
          37	    0.118008	    0.202169	   0.0246746
          38	    0.281337	    0.204252	   0.0241131
          39	    0.110571	     0.20185	   0.0236141
          40	   0.0356317	    0.197695	   0.0233865
          41	    0.205987	    0.197897	    0.022817
          42	    0.201576	    0.197985	   0.0222739
          43	    0.429499	    0.203369	   0.0223972
          44	   0.0544147	    0.199983	   0.0221425
          45	   0.0597646	    0.196867	   0.0218686
          46	    0.260463	     0.19825	   0.0214369
          47	    0.219572	    0.198704	   0.0209856
          48	    0.152065	    0.197732	   0.0205708
          49	    0.278603	    0.199382	   0.0202171
          50	    0.450432	    0.204403	   0.0204268
          51	    0.162005	    0.203572	   0.0200431
          52	     0.24851	    0.204436	   0.0196763
          53	    0.241439	    0.205134	   0.0193175
          54	    0.225074	    0.205504	   0.0189633
          55	    0.146915	    0.204438	   0.0186484
          56	    0.181264	    0.204025	   0.0183199
          57	   0.0917846	    0.202055	   0.0181041
          58	    0.478508	    0.206822	   0.0184087
          59	    0.204332	     0.20678	   0.0180967
          60	    0.604668	    0.213411	   0.0189713
          61	    0.112025	    0.211749	   0.0187329
          62	    0.279884	    0.212848	    0.018463
          63	   0.0380369	    0.210073	   0.0183773
          64	    0.119773	    0.208662	   0.0181442
          65	   0.0343195	     0.20598	   0.0180622
          66	    0.368629	    0.208444	   0.0179559
          67	     0.15719	    0.207679	   0.0177042
          68	     0.34753	    0.209736	   0.0175629
          69	    0.401561	    0.212516	    0.017527
          70	    0.273741	    0.213391	   0.0172984
          71	    0.157612	    0.212605	   0.0170726
          72	     0.49378	     0.21651	   0.0172763
          73	    0.092504	    0.214812	    0.017123
          74	    0.300891	    0.215975	   0.0169311
          75	    0.495032	    0.219696	   0.0171093
          76	   0.0497018	    0.217459	   0.0170297
          77	    0.063836	    0.215464	    0.016925
          78	    0.152687	    0.214659	   0.0167272
          79	    0.205768	    0.214546	   0.0165158
          80	    0.021807	    0.212137	   0.0164841
          81	   0.0578228	    0.210232	   0.0163904
          82	    0.170558	    0.209748	   0.0161976
          83	    0.617016	    0.214655	   0.0167292
          84	    0.265521	    0.215261	    0.016541
          85	    0.262921	    0.215821	   0.0163559
          86	    0.410421	    0.218084	   0.0163215
          87	    0.185655	    0.217711	   0.0161381
          88	   0.0658804	    0.215986	   0.0160467
          89	    0.370081	    0.217717	   0.0159595
          90	   0.0950328	    0.216354	   0.0158403
          91	    0.107419	    0.215157	   0.0157114
          92	    0.255764	    0.215599	   0.0155468
          93	     0.42269	    0.217825	   0.0155383
          94	    0.278155	    0.218467	   0.0153863
          95	    0.380187	    0.220169	   0.0153182
          96	    0.276765	    0.220759	     0.01517
          97	    0.222038	    0.220772	   0.0150136
          98	   0.0576029	    0.219107	   0.0149524
          99	    0.285691	     0.21978	   0.0148165
         100	    0.361858	    0.221201	   0.0147363
