#     BLOCK:   ACTUAL_CV:    CV_AVE:      ERROR:
           1	    0.113948	    0.113948	           0
           2	     0.11017	    0.112059	  0.00133586
           3	    0.111334	    0.111817	 0.000912176
           4	    0.105634	    0.110272	  0.00150335
           5	   0.0967671	    0.107571	  0.00269856
           6	    0.111284	    0.108189	  0.00231868
           7	     0.10478	    0.107702	  0.00203795
           8	    0.114267	    0.108523	  0.00194139
           9	    0.112213	    0.108933	  0.00176843
          10	    0.106836	    0.108723	  0.00160397
          11	    0.100593	    0.107984	  0.00161951
          12	    0.109697	    0.108127	  0.00149083
          13	    0.113507	    0.108541	  0.00143244
          14	    0.102468	    0.108107	  0.00139425
          15	    0.110418	    0.108261	  0.00130979
          16	   0.0999243	     0.10774	  0.00132753
          17	   0.0978049	    0.107156	  0.00137206
          18	    0.101881	    0.106863	  0.00132676
          19	    0.107808	    0.106912	  0.00125786
          20	    0.115154	    0.107324	  0.00126066
          21	    0.103752	    0.107154	  0.00121205
          22	    0.108351	    0.107209	  0.00115818
          23	   0.0966003	    0.106747	  0.00119615
          24	    0.108742	    0.106831	  0.00114919
          25	     0.11258	    0.107061	    0.001126
          26	     0.10844	    0.107114	  0.00108394
          27	    0.112503	    0.107313	  0.00106202
          28	    0.109058	    0.107376	  0.00102591
          29	    0.108209	    0.107404	 0.000990938
          30	    0.102994	    0.107257	 0.000968751
          31	    0.106787	    0.107242	 0.000937619
          32	    0.107509	     0.10725	 0.000908356
          33	    0.104973	    0.107181	 0.000883447
          34	    0.103609	    0.107076	 0.000863688
          35	    0.108967	     0.10713	 0.000840698
          36	    0.111654	    0.107256	 0.000826684
          37	    0.106216	    0.107228	 0.000804819
          38	    0.111913	    0.107351	 0.000793025
          39	   0.0991358	    0.107141	  0.00080018
          40	    0.106628	    0.107128	 0.000780278
          41	   0.0974336	    0.106891	 0.000796265
          42	    0.121099	     0.10723	 0.000846113
          43	    0.104017	    0.107155	 0.000829728
          44	    0.104917	    0.107104	 0.000812428
          45	    0.114163	    0.107261	 0.000809379
          46	    0.105587	    0.107224	 0.000792601
          47	   0.0969844	    0.107007	 0.000805125
          48	    0.106265	    0.106991	   0.0007885
          49	    0.106859	    0.106988	 0.000772413
          50	    0.112734	    0.107103	 0.000765466
          51	    0.107733	    0.107116	 0.000750556
          52	    0.107434	    0.107122	 0.000736147
          53	    0.107306	    0.107125	 0.000722266
          54	    0.106886	    0.107121	 0.000708904
          55	    0.103688	    0.107058	 0.000698757
          56	    0.104393	    0.107011	 0.000687899
          57	    0.110327	    0.107069	 0.000678286
          58	    0.106893	    0.107066	 0.000666598
          59	   0.0990123	    0.106929	  0.00066913
          60	    0.106363	     0.10692	 0.000658044
          61	    0.110724	    0.106982	 0.000650205
          62	      0.1056	     0.10696	   0.0006401
          63	    0.104306	    0.106918	 0.000631325
          64	    0.109826	    0.106963	 0.000623093
          65	    0.111775	    0.107037	 0.000617888
          66	    0.099987	    0.106931	 0.000617691
          67	    0.109909	    0.106975	 0.000610069
          68	      0.1125	    0.107056	 0.000606484
          69	    0.107323	     0.10706	 0.000597706
          70	    0.103671	    0.107012	 0.000591125
          71	    0.104102	    0.106971	 0.000584219
          72	    0.102527	    0.106909	 0.000579355
          73	    0.108318	    0.106928	  0.00057174
          74	    0.101801	    0.106859	 0.000568198
          75	    0.101124	    0.106783	 0.000565744
          76	    0.106836	    0.106783	   0.0005583
          77	    0.107175	    0.106788	 0.000551073
          78	    0.114275	    0.106884	 0.000552302
          79	     0.10588	    0.106872	 0.000545458
          80	    0.103629	    0.106831	 0.000540143
          81	    0.103847	    0.106794	  0.00053473
          82	    0.113224	    0.106873	 0.000533927
          83	      0.1131	    0.106948	 0.000532741
          84	    0.112954	    0.107019	 0.000531176
          85	    0.107701	    0.107027	 0.000524987
          86	    0.107554	    0.107033	 0.000518918
          87	    0.110579	    0.107074	 0.000514551
          88	   0.0975463	    0.106966	  0.00051997
          89	    0.104163	    0.106934	 0.000515081
          90	    0.107002	    0.106935	 0.000509358
          91	    0.106594	    0.106931	 0.000503775
          92	    0.112697	    0.106994	 0.000502182
          93	     0.10987	    0.107025	 0.000497733
          94	    0.103321	    0.106986	 0.000493995
          95	    0.106917	    0.106985	 0.000488796
          96	    0.100525	    0.106918	 0.000488315
          97	    0.108833	    0.106937	  0.00048368
          98	     0.11464	    0.107016	 0.000485088
          99	    0.103079	    0.106976	 0.000481816
         100	    0.107806	    0.106984	 0.000477069
