#     BLOCK:   ACTUAL_X:     X_AVE:       ERROR:
           1	     1.35671	     1.35671	           0
           2	     1.41198	     1.38435	   0.0195394
           3	     1.35413	     1.37427	   0.0154059
           4	     1.19358	      1.3291	    0.040791
           5	     1.27204	     1.31769	   0.0341921
           6	     1.14481	     1.28888	   0.0387775
           7	     1.22238	     1.27938	   0.0343818
           8	     1.29414	     1.28122	   0.0301336
           9	      1.1588	     1.26762	   0.0296972
          10	     1.34616	     1.27547	   0.0277467
          11	     1.25438	     1.27356	   0.0252905
          12	     1.18895	     1.26651	   0.0241458
          13	     1.16935	     1.25903	   0.0234164
          14	     1.44073	     1.27201	    0.025084
          15	     1.27648	     1.27231	   0.0234135
          16	     1.44116	     1.28286	    0.024212
          17	     1.21654	     1.27896	   0.0230999
          18	     1.09662	     1.26883	   0.0239349
          19	     1.28093	     1.26947	   0.0226837
          20	     1.26775	     1.26938	   0.0215496
          21	     1.23733	     1.26786	   0.0205774
          22	     1.35111	     1.27164	   0.0199871
          23	     1.11061	     1.26464	   0.0203073
          24	     1.26852	      1.2648	   0.0194618
          25	     1.36313	     1.26873	   0.0190767
          26	     1.30574	     1.27016	    0.018396
          27	     1.12035	     1.26461	   0.0185325
          28	     1.30242	     1.26596	   0.0179198
          29	     1.27876	      1.2664	   0.0173073
          30	     1.35776	     1.26945	   0.0169962
          31	      1.3302	     1.27141	   0.0165605
          32	     1.13874	     1.26726	   0.0165538
          33	     1.30284	     1.26834	   0.0160872
          34	     1.24089	     1.26753	   0.0156343
          35	      1.2778	     1.26782	   0.0151904
          36	     1.30184	     1.26877	   0.0147978
          37	     1.32019	     1.27016	   0.0144629
          38	     1.32452	     1.27159	   0.0141529
          39	     1.10327	     1.26727	   0.0144331
          40	     1.16522	     1.26472	    0.014296
          41	     1.29751	     1.26552	   0.0139697
          42	     1.37171	     1.26805	    0.013864
          43	     1.30756	     1.26897	    0.013572
          44	     1.38713	     1.27165	   0.0135266
          45	      1.1491	     1.26893	   0.0134974
          46	     1.37523	     1.27124	   0.0134003
          47	     1.31235	     1.27212	   0.0131437
          48	      1.3367	     1.27346	   0.0129386
          49	      1.2022	     1.27201	    0.012756
          50	     1.29384	     1.27244	   0.0125083
          51	     1.29233	     1.27283	   0.0122691
          52	     1.18508	     1.27115	   0.0121487
          53	     1.27076	     1.27114	   0.0119195
          54	     1.20785	     1.26997	   0.0117562
          55	     1.29449	     1.27041	   0.0115509
          56	     1.22539	     1.26961	   0.0113726
          57	     1.23343	     1.26897	   0.0111908
          58	     1.29283	     1.26939	   0.0110054
          59	     1.23529	     1.26881	    0.010834
          60	     1.32734	     1.26978	   0.0106973
          61	     1.24143	     1.26932	    0.010532
          62	     1.26609	     1.26927	   0.0103623
          63	     1.29329	     1.26965	   0.0102048
          64	     1.20344	     1.26861	   0.0100977
          65	     1.39096	      1.2705	   0.0101162
          66	     1.34238	     1.27158	   0.0100214
          67	     1.30937	     1.27215	  0.00988768
          68	     1.19505	     1.27101	  0.00980706
          69	     1.60715	     1.27589	   0.0108073
          70	     1.13059	     1.27381	   0.0108505
          71	     1.47579	     1.27666	   0.0110643
          72	     1.27382	     1.27662	   0.0109107
          73	     1.42713	     1.27868	   0.0109543
          74	     1.07223	     1.27589	   0.0111558
          75	     1.23103	     1.27529	   0.0110231
          76	     1.15629	     1.27372	   0.0109887
          77	     1.44638	     1.27597	   0.0110724
          78	     1.28881	     1.27613	   0.0109317
          79	     1.44738	      1.2783	   0.0110061
          80	     1.26725	     1.27816	   0.0108694
          81	      1.3515	     1.27907	   0.0107729
          82	     1.27069	     1.27896	    0.010642
          83	     1.32375	      1.2795	   0.0105274
          84	     1.29496	     1.27969	   0.0104037
          85	     1.30373	     1.27997	   0.0102852
          86	      1.2904	     1.28009	   0.0101663
          87	     1.19544	     1.27912	   0.0100959
          88	     1.25271	     1.27882	  0.00998563
          89	     1.36684	     1.27981	  0.00992229
          90	     1.23138	     1.27927	  0.00982662
          91	     1.20371	     1.27844	  0.00975365
          92	     1.38879	     1.27964	  0.00972111
          93	     1.17237	     1.27848	  0.00968477
          94	     1.32456	     1.27898	  0.00959413
          95	     1.37905	     1.28003	   0.0095508
          96	     1.19482	     1.27914	  0.00949247
          97	     1.34454	     1.27982	  0.00941852
          98	     1.39637	       1.281	   0.0093972
          99	     1.11003	     1.27928	  0.00945965
         100	       1.231	     1.27879	  0.00937737
