#     BLOCK:   ACTUAL_M:     M_AVE:       ERROR:
           1	    -0.00196	    -0.00196	           0
           2	      0.0022	     0.00012	  0.00147078
           3	     0.01256	  0.00426667	  0.00352486
           4	     -0.0026	     0.00255	    0.003033
           5	     0.01844	    0.005728	  0.00373727
           6	     0.00424	     0.00548	  0.00312261
           7	     0.00372	  0.00522857	  0.00268662
           8	    -0.01456	    0.002755	  0.00329848
           9	    -0.00324	  0.00208889	  0.00299849
          10	     -0.0048	      0.0014	  0.00277665
          11	     0.01148	  0.00231636	  0.00267116
          12	    -0.00128	  0.00201667	  0.00246532
          13	    -0.00572	  0.00142154	  0.00234641
          14	     0.00372	  0.00158571	  0.00218455
          15	     0.00072	    0.001528	  0.00203967
          16	    -0.01024	   0.0007925	   0.0020405
          17	     0.01768	  0.00178588	  0.00214871
          18	    -0.02876	 8.88889e-05	  0.00261496
          19	    -0.00904	-0.000391579	  0.00252108
          20	    -0.00056	     -0.0004	  0.00239504
          21	    -0.01068	-0.000889524	  0.00233048
          22	    -0.02632	 -0.00204545	  0.00249481
          23	     0.01408	 -0.00134435	   0.0024829
          24	     0.01176	-0.000798333	  0.00243874
          25	     0.00836	   -0.000432	  0.00236855
          26	    -0.00556	-0.000629231	  0.00228565
          27	    -0.00136	-0.000656296	  0.00220115
          28	    -0.00376	-0.000767143	  0.00212533
          29	    -0.00368	-0.000867586	  0.00205442
          30	     0.01292	   -0.000408	  0.00203669
          31	     0.03796	 0.000829677	  0.00231673
          32	     0.01556	     0.00129	  0.00228961
          33	     0.00312	  0.00134545	   0.0022209
          34	     0.01312	  0.00169176	  0.00218241
          35	    -0.00968	  0.00136686	  0.00214411
          36	    -0.00088	  0.00130444	  0.00208546
          37	     0.04184	      0.0024	  0.00229892
          38	    -0.02112	  0.00178105	  0.00232024
          39	      0.0146	  0.00210974	  0.00228391
          40	       0.002	    0.002107	  0.00222682
          41	     0.01904	     0.00252	  0.00221047
          42	      0.0188	  0.00290762	  0.00219156
          43	    -0.00056	  0.00282698	  0.00214208
          44	    -0.00256	  0.00270455	  0.00209689
          45	     0.02352	  0.00316711	   0.0021007
          46	     0.00976	  0.00331043	  0.00205991
          47	    -0.01048	  0.00301702	  0.00203687
          48	     -0.0136	  0.00267083	  0.00202364
          49	     0.00864	  0.00279265	  0.00198601
          50	    -0.00252	   0.0026864	  0.00194913
          51	    -0.01088	  0.00242039	  0.00192898
          52	     0.00244	  0.00242077	  0.00189188
          53	     0.00228	  0.00241811	  0.00185619
          54	     0.00988	   0.0025563	  0.00182695
          55	     0.01376	     0.00276	  0.00180505
          56	     -0.0138	  0.00246429	  0.00179688
          57	    -0.02468	  0.00198807	  0.00182737
          58	     -0.0172	  0.00165724	  0.00182556
          59	     -0.0142	  0.00138847	   0.0018143
          60	     -0.0146	    0.001122	  0.00180352
          61	    -0.00928	 0.000951475	    0.001782
          62	    -0.02556	 0.000523871	  0.00180383
          63	    -0.01924	 0.000210159	  0.00180227
          64	    -0.00528	 0.000124375	  0.00177615
          65	     -0.0004	 0.000116308	  0.00174885
          66	    -0.00704	 7.87879e-06	  0.00172571
          67	    -0.01028	-0.000145672	  0.00170677
          68	     0.00996	 2.94118e-06	  0.00168813
          69	    -0.00212	-2.78261e-05	  0.00166394
          70	     0.00928	 0.000105143	  0.00164547
          71	      -0.023	-0.000220282	  0.00165417
          72	      0.0098	-8.11111e-05	  0.00163704
          73	     0.00592	 1.09589e-06	  0.00161667
          74	    -0.01108	-0.000148649	  0.00160175
          75	     0.00484	-8.21333e-05	  0.00158177
          76	     0.00952	 4.42105e-05	  0.00156599
          77	     -0.0004	 3.84416e-05	  0.00154567
          78	     -0.0036	-8.20513e-06	  0.00152656
          79	      0.0198	 0.000242532	  0.00152768
          80	    -0.00124	    0.000224	   0.0015087
          81	      0.0016	 0.000240988	  0.00149017
          82	    -0.00444	 0.000183902	  0.00147309
          83	    -0.02484	 -0.00011759	  0.00148588
          84	     0.02056	 0.000128571	  0.00148844
          85	    -0.00264	     9.6e-05	  0.00147128
          86	     -0.0178	-0.000112093	  0.00146882
          87	    -0.00488	-0.000166897	  0.00145296
          88	    -0.01844	-0.000374545	  0.00145121
          89	    -0.00184	-0.000391011	  0.00143499
          90	     0.01208	-0.000252444	  0.00142573
          91	    -0.00636	 -0.00031956	  0.00141164
          92	     0.00152	-0.000299565	  0.00139643
          93	    -0.00964	     -0.0004	  0.00138503
          94	    -0.00028	-0.000398723	  0.00137029
          95	    -0.00064	-0.000401263	  0.00135587
          96	    -0.01964	-0.000601667	  0.00135648
          97	    -0.01932	-0.000794639	  0.00135615
          98	    -0.02512	 -0.00104286	  0.00136484
          99	    -0.01672	 -0.00120121	  0.00136021
         100	    -0.01144	  -0.0013036	  0.00135045
