#     BLOCK:   ACTUAL_X:     X_AVE:       ERROR:
           1	     1.11162	     1.11162	           0
           2	     1.06321	     1.08741	   0.0171169
           3	    0.989931	     1.05492	   0.0288814
           4	     1.01224	     1.04425	   0.0235495
           5	    0.936966	     1.02279	   0.0268933
           6	    0.994621	      1.0181	   0.0228173
           7	    0.959897	     1.00978	    0.021018
           8	    0.969241	     1.00472	   0.0189919
           9	    0.971552	     1.00103	   0.0172355
          10	     1.01679	     1.00261	   0.0155838
          11	     1.07345	     1.00905	   0.0154406
          12	      1.0669	     1.01387	   0.0148874
          13	    0.997172	     1.01258	   0.0137975
          14	     1.06807	     1.01655	   0.0133691
          15	     1.01266	     1.01629	   0.0124803
          16	      1.1399	     1.02401	   0.0138871
          17	     0.97831	     1.02132	   0.0133279
          18	    0.917034	     1.01553	   0.0137894
          19	     1.07528	     1.01868	   0.0134174
          20	       0.997	     1.01759	   0.0127902
          21	      1.0839	     1.02075	   0.0125648
          22	    0.976759	     1.01875	   0.0121518
          23	    0.956828	     1.01606	   0.0119179
          24	     1.07579	     1.01855	   0.0116784
          25	     1.00228	      1.0179	   0.0112294
          26	    0.984897	     1.01663	   0.0108689
          27	       1.042	     1.01757	   0.0105069
          28	    0.996862	     1.01683	   0.0101577
          29	     1.14276	     1.02117	   0.0106954
          30	     1.06448	     1.02261	   0.0104359
          31	    0.971448	     1.02096	    0.010229
          32	    0.926621	     1.01801	   0.0103254
          33	    0.941759	      1.0157	   0.0102678
          34	     1.05966	       1.017	   0.0100469
          35	     0.96831	      1.0156	  0.00985566
          36	    0.914379	     1.01279	  0.00997494
          37	    0.971172	     1.01167	  0.00976857
          38	    0.982034	     1.01089	  0.00954258
          39	    0.959483	     1.00957	  0.00938849
          40	     1.09279	     1.01165	  0.00938148
          41	     1.14597	     1.01493	   0.0097078
          42	    0.982172	     1.01415	  0.00950794
          43	    0.958172	     1.01285	  0.00937551
          44	     1.10779	       1.015	  0.00940749
          45	     1.05597	     1.01591	  0.00924237
          46	    0.994793	     1.01545	  0.00905284
          47	    0.976724	     1.01463	  0.00889766
          48	     1.05738	     1.01552	  0.00875675
          49	     1.00555	     1.01532	   0.0085804
          50	     0.96031	     1.01422	  0.00847903
          51	     1.05355	     1.01499	  0.00834778
          52	     1.02038	     1.01509	  0.00818789
          53	    0.955069	     1.01396	  0.00811134
          54	     1.08641	      1.0153	  0.00807134
          55	    0.998207	     1.01499	  0.00793057
          56	    0.938862	     1.01363	  0.00790461
          57	    0.945172	     1.01243	  0.00785665
          58	    0.975586	     1.01179	  0.00774683
          59	     1.01741	     1.01189	  0.00761611
          60	    0.982207	      1.0114	  0.00750522
          61	     1.05379	     1.01209	   0.0074143
          62	      1.0349	     1.01246	  0.00730383
          63	     1.06617	     1.01331	  0.00723749
          64	    0.925069	     1.01193	  0.00725455
          65	    0.938414	      1.0108	  0.00723058
          66	     1.13431	     1.01267	   0.0073592
          67	     1.11486	      1.0142	  0.00740573
          68	    0.932655	       1.013	  0.00739327
          69	     1.10021	     1.01426	  0.00739336
          70	     1.02503	     1.01442	  0.00728935
          71	     1.04083	     1.01479	  0.00719616
          72	       0.957	     1.01399	  0.00714084
          73	    0.995724	     1.01374	   0.0070474
          74	     1.05776	     1.01433	  0.00697723
          75	    0.974862	      1.0138	  0.00690401
          76	    0.955448	     1.01304	  0.00685574
          77	     1.05031	     1.01352	  0.00678377
          78	    0.976759	     1.01305	  0.00671315
          79	     1.01528	     1.01308	  0.00662823
          80	     1.05828	     1.01364	  0.00656942
          81	     1.05059	      1.0141	  0.00650413
          82	     1.04314	     1.01445	  0.00643444
          83	     1.02607	     1.01459	  0.00635844
          84	     1.11659	     1.01581	  0.00639763
          85	     1.07531	     1.01651	  0.00636055
          86	    0.974241	     1.01602	  0.00630554
          87	     1.05334	     1.01644	  0.00624765
          88	     1.10324	     1.01743	  0.00625402
          89	     1.16114	     1.01905	   0.0063888
          90	     1.14534	     1.02045	   0.0064701
          91	     1.08783	     1.02119	  0.00644123
          92	     1.11659	     1.02223	  0.00645414
          93	     1.16197	     1.02373	  0.00655731
          94	    0.930621	     1.02274	  0.00656194
          95	     1.03114	     1.02283	  0.00649346
          96	     1.05762	     1.02319	  0.00643593
          97	     1.11141	      1.0241	  0.00643352
          98	     1.09493	     1.02482	  0.00640835
          99	     1.03197	     1.02489	  0.00634402
         100	       0.959	     1.02423	  0.00631471
