#     BLOCK:   ACTUAL_M:     M_AVE:       ERROR:
               1	        0.023688	        0.023688	               0
               2	       -0.000212	        0.011738	      0.00844993
               3	        -0.01484	      0.00287867	      0.00916837
               4	       -0.023636	        -0.00375	      0.00895755
               5	        0.012196	      -0.0005608	       0.0077129
               6	        0.021456	      0.00310867	      0.00724793
               7	       -0.013392	     0.000751429	      0.00658469
               8	        0.008088	       0.0016685	      0.00582511
               9	       -0.039668	     -0.00292444	      0.00674994
              10	        -0.01356	       -0.003988	      0.00615816
              11	        0.009812	     -0.00273345	      0.00572469
              12	        -0.00506	     -0.00292733	      0.00525092
              13	         0.03868	     0.000273231	      0.00574013
              14	       -0.005168	    -0.000115429	      0.00534326
              15	        0.014448	     0.000855467	      0.00507448
              16	        0.011636	      0.00152925	      0.00480185
              17	       -0.047296	     -0.00134282	      0.00530928
              18	        0.026636	     0.000211556	      0.00523692
              19	        0.007796	     0.000610737	      0.00497648
              20	       -0.002176	       0.0004714	      0.00472961
              21	        0.007352	     0.000799048	      0.00451572
              22	        0.005864	      0.00102927	      0.00431633
              23	         0.09492	      0.00511148	      0.00574332
              24	        0.004568	      0.00508883	      0.00550406
              25	        0.019872	      0.00568016	      0.00531556
              26	       -0.005096	      0.00526569	      0.00512725
              27	       -0.028692	        0.004008	      0.00508927
              28	       -0.038452	      0.00249157	      0.00512846
              29	       -0.004516	      0.00224993	       0.0049573
              30	       -0.000428	      0.00216067	      0.00479286
              31	        -0.00834	      0.00182194	      0.00465021
              32	        0.042384	       0.0030895	      0.00467446
              33	       -0.020776	       0.0023663	      0.00458841
              34	       -0.025064	      0.00155953	      0.00452383
              35	         0.02016	      0.00209097	      0.00442568
              36	       -0.005464	      0.00188111	      0.00430772
              37	       -0.028968	      0.00104735	      0.00427122
              38	        0.030084	      0.00181147	      0.00422662
              39	        0.058308	       0.0032601	      0.00435943
              40	        0.095628	       0.0055693	      0.00482342
              41	        0.089868	      0.00762537	      0.00512529
              42	       -0.018708	      0.00699838	      0.00504146
              43	        0.021632	       0.0073387	      0.00493569
              44	        0.014544	      0.00750245	      0.00482624
              45	        0.000492	      0.00734667	       0.0047215
              46	       -0.023996	       0.0066653	      0.00466776
              47	        0.043324	      0.00744528	      0.00463316
              48	       -0.044204	      0.00636925	      0.00465991
              49	       -0.033208	      0.00556155	      0.00463428
              50	         0.01348	      0.00571992	       0.0045443
              51	         0.01672	      0.00593561	      0.00446031
              52	        0.004396	        0.005906	      0.00437463
              53	       -0.029636	       0.0052354	      0.00434319
              54	       -0.018632	      0.00479341	      0.00428519
              55	        0.003208	      0.00476458	      0.00420737
              56	        0.020232	      0.00504079	       0.0041413
              57	         0.01908	      0.00528709	      0.00407596
              58	       -0.092784	      0.00359621	      0.00434227
              59	       -0.054324	      0.00261451	      0.00437824
              60	       -0.040788	      0.00189113	      0.00436462
              61	        -0.01784	      0.00156767	      0.00430503
              62	         0.05242	      0.00238787	      0.00431302
              63	        0.017228	      0.00262343	      0.00425099
              64	       -0.012696	      0.00238406	       0.0041913
              65	        -0.06236	        0.001388	      0.00424353
              66	        -0.03976	     0.000764545	      0.00422478
              67	        0.024416	      0.00111755	      0.00417645
              68	       -0.014928	     0.000881588	      0.00412169
              69	        0.034876	      0.00137426	      0.00409129
              70	       -0.030208	     0.000923086	      0.00405765
              71	        0.039608	      0.00146794	      0.00403691
              72	       -0.003852	      0.00139406	      0.00398152
              73	       -0.000816	      0.00136378	      0.00392709
              74	        0.020072	      0.00161659	      0.00388215
              75	         0.03506	      0.00206251	      0.00385592
              76	        0.000264	      0.00203884	      0.00380525
              77	        0.022616	      0.00230608	      0.00376521
              78	        0.047304	      0.00288297	      0.00376087
              79	        0.006068	      0.00292329	      0.00371348
              80	        0.016112	      0.00308815	      0.00367072
              81	        0.013364	      0.00321501	      0.00362759
              82	        0.007292	      0.00326473	       0.0035837
              83	        0.058888	      0.00393489	      0.00360263
              84	        -0.02196	      0.00362662	      0.00357291
              85	        0.036836	      0.00401732	      0.00355217
              86	       -0.012504	      0.00382521	      0.00351606
              87	       -0.001372	      0.00376547	      0.00347615
              88	         0.00052	      0.00372859	      0.00343685
              89	        -0.05618	      0.00305546	      0.00346352
              90	       -0.037268	      0.00260742	       0.0034539
              91	        -0.04684	      0.00206404	      0.00345842
              92	        0.014704	      0.00220143	      0.00342356
              93	       -0.037584	      0.00177363	      0.00341337
              94	       -0.019212	      0.00155038	      0.00338435
              95	        0.017264	      0.00171579	      0.00335276
              96	       -0.003956	      0.00165671	      0.00331836
              97	        0.017392	      0.00181893	      0.00328811
              98	       -0.020728	      0.00158886	       0.0032626
              99	        0.038644	      0.00196315	      0.00325104
             100	        0.026368	       0.0022072	      0.00322768
             101	        0.027792	      0.00246051	      0.00320565
             102	       -0.076308	      0.00168827	      0.00326591
             103	       -0.028108	      0.00139899	      0.00324699
             104	        0.035984	      0.00173154	      0.00323275
             105	        0.007652	      0.00178792	      0.00320246
             106	       -0.004872	      0.00172509	      0.00317286
             107	        0.031636	      0.00200464	       0.0031555
             108	        0.003932	      0.00202248	      0.00312633
             109	       -0.046976	      0.00157295	       0.0031298
             110	        0.040276	       0.0019248	      0.00312106
             111	       -0.008144	      0.00183409	      0.00309426
             112	        -0.04476	      0.00141807	      0.00309448
             113	        0.016484	       0.0015514	      0.00306996
             114	       -0.009632	       0.0014533	       0.0030446
             115	         0.00866	      0.00151597	      0.00301877
             116	        0.042236	        0.001867	      0.00301309
             117	        -0.01594	       0.0017148	      0.00299117
             118	        -0.03878	      0.00137163	      0.00298545
             119	       -0.008396	      0.00128955	      0.00296149
             120	       -0.028044	       0.0010451	      0.00294688
             121	        0.020616	      0.00120684	      0.00292696
             122	         0.03518	      0.00148531	      0.00291619
             123	         0.06254	      0.00198169	      0.00293442
             124	        0.013932	      0.00207806	      0.00291234
             125	        0.000508	       0.0020655	      0.00288906
             126	          0.0073	      0.00210705	      0.00286643
             127	        0.013968	      0.00220044	      0.00284538
             128	       -0.019188	      0.00203334	      0.00282806
             129	         0.00808	      0.00208022	      0.00280652
             130	        0.011576	      0.00215326	      0.00278588
             131	        -0.02036	       0.0019814	      0.00276991
             132	        0.019316	      0.00211273	      0.00275204
             133	        -0.04432	      0.00176361	       0.0027534
             134	       -0.059864	       0.0013037	        0.002771
             135	        0.021672	      0.00145458	      0.00275458
             136	        0.005024	      0.00148082	      0.00273445
             137	       -0.020204	      0.00132254	      0.00271907
             138	        -0.01824	      0.00118078	      0.00270306
             139	        -0.03116	     0.000948115	       0.0026936
             140	       -0.003768	     0.000914429	      0.00267458
             141	        -0.01284	     0.000816879	      0.00265739
             142	       -0.042544	     0.000511521	      0.00265616
             143	        -0.00636	     0.000463469	      0.00263802
             144	        0.035584	     0.000707361	      0.00263095
             145	          0.0234	     0.000863862	      0.00261745
             146	       -0.032556	     0.000634959	      0.00260952
             147	       -0.021528	      0.00048419	      0.00259612
             148	        0.012648	     0.000566378	      0.00257988
             149	        0.072168	      0.00104693	      0.00260693
             150	       -0.012416	     0.000957173	       0.0025911
             151	       -0.021488	      0.00080853	       0.0025782
             152	       -0.074096	     0.000315737	      0.00260791
             153	       -0.015532	     0.000212157	      0.00259292
             154	        0.001284	     0.000219117	      0.00257609
             155	        0.011192	      0.00028991	      0.00256044
             156	       -0.007764	     0.000238282	      0.00254455
             157	        0.039532	     0.000488561	      0.00254062
             158	       -0.004548	     0.000456684	      0.00252474
             159	        0.037712	     0.000690994	      0.00251971
             160	        0.005524	       0.0007212	      0.00250414
             161	       -0.019092	     0.000598137	      0.00249161
             162	        0.040208	     0.000842642	       0.0024882
             163	       -0.047264	     0.000547509	      0.00249038
             164	       -0.023044	     0.000403659	      0.00247934
             165	       -0.036112	     0.000182352	      0.00247417
             166	       -0.033344	    -1.96145e-05	       0.0024675
             167	       -0.007428	     -6.3976e-05	      0.00245312
             168	        0.017352	     3.96905e-05	      0.00244071
             169	       -0.040004	    -0.000197254	      0.00243774
             170	       -0.039976	    -0.000431247	      0.00243461
             171	       -0.003584	    -0.000449684	      0.00242044
             172	        0.050132	    -0.000155605	      0.00242417
             173	       -0.000444	    -0.000157272	      0.00241015
             174	        0.012144	    -8.65747e-05	      0.00239734
             175	       -0.010092	    -0.000143749	      0.00238432
             176	        -0.04504	    -0.000398841	      0.00238438
             177	        0.013748	    -0.000318915	      0.00237225
             178	       -0.010692	    -0.000377191	      0.00235964
             179	        -0.01112	    -0.000437207	      0.00234722
             180	        -0.04318	    -0.000674667	      0.00234616
             181	        0.020804	       -0.000556	       0.0023362
             182	       -0.024524	    -0.000687692	      0.00232707
             183	         0.01718	    -0.000590055	       0.0023164
             184	        -0.00646	    -0.000621957	      0.00230403
             185	        0.042532	    -0.000388692	      0.00230335
             186	       -0.024884	    -0.000520387	      0.00229473
             187	        0.045656	    -0.000273455	      0.00229571
             188	        0.002688	    -0.000257702	      0.00228355
             189	         0.00384	    -0.000236021	      0.00227157
             190	        0.009332	    -0.000185663	      0.00226017
             191	        0.023756	    -6.03141e-05	      0.00225181
             192	        0.048844	     0.000194396	      0.00225445
             193	       -0.057748	    -0.000105824	      0.00226267
             194	       -0.015088	    -0.000183052	      0.00225232
             195	       -0.050968	    -0.000443487	      0.00225578
             196	        -0.01256	    -0.000505306	      0.00224511
             197	       -0.022968	     -0.00061933	      0.00223661
             198	        0.009716	    -0.000567131	      0.00222592
             199	        0.009116	    -0.000518472	      0.00221527
             200	       -0.020136	     -0.00061656	      0.00220636
             201	        0.009976	    -0.000563861	      0.00219602
             202	       -0.011564	    -0.000618317	      0.00218582
             203	        -0.00406	    -0.000635271	      0.00217512
             204	       -0.042024	    -0.000838157	       0.0021739
             205	       -0.055272	     -0.00110369	      0.00217945
             206	        0.000668	     -0.00109509	      0.00216889
             207	        0.047892	    -0.000858435	      0.00217128
             208	       -0.000104	    -0.000854808	      0.00216085
             209	       -0.004872	    -0.000874029	      0.00215059
             210	       -0.007964	     -0.00090779	      0.00214062
             211	        0.020748	    -0.000805156	      0.00213293
             212	        -0.06062	      -0.0010873	      0.00214145
             213	        0.025096	    -0.000964376	      0.00213492
             214	       -0.022684	     -0.00106587	      0.00212736
             215	        -0.00742	     -0.00109542	      0.00211767
             216	       -0.033144	      -0.0012438	      0.00211305
             217	       -0.000868	     -0.00124206	      0.00210332
             218	        -5.6e-05	     -0.00123662	      0.00209368
             219	        -0.00552	     -0.00125618	      0.00208421
             220	         0.01184	     -0.00119665	      0.00207558
             221	       -0.033108	     -0.00134105	      0.00207121
             222	    -8.51541e-17	     -0.00133501	      0.00206189
             223	        0.007916	     -0.00129352	      0.00205306
             224	         0.02906	     -0.00115802	      0.00204836
             225	        0.052032	    -0.000921618	      0.00205285
             226	       -0.003312	    -0.000932195	       0.0020438
             227	        0.062124	    -0.000654414	      0.00205358
             228	       -0.061232	    -0.000920105	      0.00206169
             229	       -0.010224	    -0.000960734	      0.00205309
             230	       -0.050528	     -0.00117624	      0.00205544
             231	        0.018716	     -0.00109013	      0.00204835
             232	        0.027532	    -0.000966759	      0.00204323
             233	       -0.017064	     -0.00103585	      0.00203563
             234	         0.01724	    -0.000957744	      0.00202843
             235	       -0.029008	     -0.00107711	       0.0020233
             236	        0.014304	     -0.00101193	      0.00201578
             237	        -0.00684	     -0.00103652	      0.00200743
             238	        0.011988	    -0.000981798	      0.00199974
             239	       -0.034848	      -0.0011235	      0.00199638
             240	       -0.013408	     -0.00117468	      0.00198872
             241	        0.016892	     -0.00109972	      0.00198188
             242	         -0.0272	     -0.00120757	      0.00197662
             243	       -0.035208	     -0.00134749	      0.00197344
             244	       -0.056984	     -0.00157551	      0.00197848
             245	        0.032756	     -0.00143538	      0.00197536
             246	       -0.003512	     -0.00144382	      0.00196735
             247	          0.0012	     -0.00143312	      0.00195941
             248	       -0.010588	     -0.00147003	      0.00195186
             249	        -0.00046	     -0.00146598	      0.00194402
             250	        0.014344	     -0.00140274	      0.00193728
             251	        0.011208	     -0.00135249	      0.00193021
             252	       -0.003148	     -0.00135962	      0.00192256
             253	        0.000868	     -0.00135081	      0.00191498
             254	       -0.038716	     -0.00149792	      0.00191309
             255	       -0.026912	     -0.00159758	      0.00190818
             256	        0.002004	     -0.00158352	      0.00190078
             257	        0.020396	     -0.00149799	       0.0018953
             258	        -0.01924	     -0.00156676	       0.0018892
             259	       -0.043588	       -0.001729	      0.00188886
             260	       -0.012064	     -0.00176875	      0.00188202
             261	       -0.029412	     -0.00187467	      0.00187778
             262	        0.003192	     -0.00185533	      0.00187072
             263	         0.00932	     -0.00181284	      0.00186409
             264	        0.081876	     -0.00149583	      0.00188379
             265	         0.02032	     -0.00141351	      0.00187848
             266	       -0.004556	     -0.00142532	      0.00187145
             267	       -0.022048	     -0.00150256	      0.00186604
             268	       -0.002564	     -0.00150652	      0.00185908
             269	        0.001016	     -0.00149714	      0.00185219
             270	       -0.025556	     -0.00158625	      0.00184747
             271	        -0.06146	     -0.00180719	      0.00185382
             272	        -0.00874	     -0.00183268	      0.00184718
             273	       -0.026004	     -0.00192122	      0.00184253
             274	       -0.031096	     -0.00202769	      0.00183888
             275	        0.021248	     -0.00194305	      0.00183414
             276	       -0.030452	     -0.00204635	       0.0018304
             277	        0.003476	     -0.00202641	       0.0018239
             278	        0.049648	     -0.00184053	      0.00182679
             279	        0.001092	     -0.00183002	      0.00182027
             280	        0.003448	     -0.00181117	      0.00181387
             281	       -0.011256	     -0.00184478	      0.00180772
             282	       -0.014784	     -0.00189067	       0.0018019
             283	       -0.013884	     -0.00193305	      0.00179603
             284	        0.004712	     -0.00190965	      0.00178986
             285	       -0.064056	     -0.00212771	      0.00179681
             286	       -0.044852	     -0.00227709	      0.00179673
             287	         0.02034	     -0.00219829	      0.00179219
             288	       -0.021552	     -0.00226549	      0.00178723
             289	       -0.047764	     -0.00242292	      0.00178797
             290	        0.024828	     -0.00232895	      0.00178427
             291	        0.005708	     -0.00230133	      0.00177835
             292	        0.061092	     -0.00208423	      0.00178546
             293	       -0.039376	     -0.00221151	       0.0017839
             294	         0.01918	     -0.00213875	      0.00177932
             295	       -0.000788	     -0.00213417	      0.00177329
             296	        0.018864	     -0.00206323	      0.00176872
             297	       -0.049232	     -0.00222205	      0.00176988
             298	          0.0194	     -0.00214949	      0.00176543
             299	       -0.011872	     -0.00218201	      0.00175982
             300	       -0.022028	     -0.00224816	       0.0017552
             301	       -0.034008	     -0.00235367	      0.00175253
             302	        0.019396	     -0.00228166	      0.00174821
             303	        0.020652	     -0.00220597	      0.00174408
             304	       -0.001344	     -0.00220313	      0.00173834
             305	        0.033268	     -0.00208683	      0.00173653
             306	        0.003852	     -0.00206742	      0.00173096
             307	        -0.04176	     -0.00219672	      0.00173015
             308	        0.033356	     -0.00208129	      0.00172838
             309	        0.024064	     -0.00199667	      0.00172485
             310	          0.0421	     -0.00185443	      0.00172514
             311	       -0.020044	     -0.00191291	      0.00172059
             312	        0.004448	     -0.00189253	      0.00171519
             313	        -0.05462	     -0.00206098	      0.00171797
             314	        0.047084	     -0.00190447	      0.00171961
             315	       -0.013076	     -0.00193994	      0.00171452
             316	         0.06156	     -0.00173899	      0.00172083
             317	       -0.022496	     -0.00180447	      0.00171664
             318	        0.020132	     -0.00173548	      0.00171263
             319	        0.004296	     -0.00171658	      0.00170737
             320	       -0.072208	     -0.00193686	      0.00171618
             321	        0.007232	      -0.0019083	      0.00171107
             322	         0.02742	     -0.00181722	      0.00170818
             323	       -0.017324	     -0.00186523	      0.00170357
             324	        0.035332	     -0.00175042	      0.00170218
             325	       -0.012912	     -0.00178476	      0.00169728
             326	        0.000564	     -0.00177756	      0.00169209
             327	          0.0706	     -0.00155622	      0.00170133
             328	         0.02106	     -0.00148727	      0.00169754
             329	        0.030516	     -0.00138999	      0.00169517
             330	       -0.007336	     -0.00140801	      0.00169013
             331	       -0.015316	     -0.00145003	      0.00168554
             332	        0.029856	     -0.00135573	       0.0016831
             333	        0.028708	     -0.00126545	      0.00168047
             334	       -0.045172	     -0.00139691	      0.00168057
             335	       -0.046712	     -0.00153218	      0.00168099
             336	       -0.044176	      -0.0016591	      0.00168077
             337	        0.055628	      -0.0014891	      0.00168436
             338	       -0.035588	     -0.00158999	      0.00168239
             339	        0.026328	     -0.00150763	      0.00167944
             340	        0.006784	     -0.00148325	      0.00167468
             341	        0.008768	     -0.00145318	      0.00167004
             342	        0.028652	     -0.00136516	      0.00166747
             343	       -0.037424	     -0.00147029	      0.00166592
             344	       -0.093828	     -0.00173877	      0.00168258
             345	        0.033348	     -0.00163707	      0.00168077
             346	        -0.00298	     -0.00164095	      0.00167592
             347	       -0.026904	     -0.00171375	      0.00167267
             348	         -0.0269	     -0.00178613	      0.00166943
             349	         0.01866	     -0.00172754	      0.00166567
             350	        0.041772	     -0.00160326	      0.00166554
             351	       -0.022824	     -0.00166372	      0.00166189
             352	        0.032448	     -0.00156681	         0.00166
             353	         0.00584	     -0.00154582	      0.00165543
             354	        0.031256	     -0.00145316	      0.00165334
             355	        0.028844	     -0.00136782	      0.00165088
             356	        -0.01282	     -0.00139999	      0.00164656
             357	          0.0178	     -0.00134621	      0.00164283
             358	        0.034056	     -0.00124732	      0.00164121
             359	        -0.01798	     -0.00129393	       0.0016373
             360	       -0.014112	     -0.00132953	      0.00163314
             361	         0.01566	     -0.00128247	      0.00162929
             362	        0.035952	     -0.00117961	      0.00162804
             363	        0.019164	     -0.00112357	      0.00162452
             364	          0.0041	     -0.00110922	      0.00162012
             365	       -0.006624	     -0.00112433	      0.00161575
             366	       -0.040632	     -0.00123227	      0.00161494
             367	        -0.03498	     -0.00132423	      0.00161315
             368	        0.009008	     -0.00129615	      0.00160901
             369	       -0.035176	     -0.00138797	      0.00160727
             370	        0.059124	     -0.00122442	      0.00161122
             371	       -0.037548	     -0.00132233	      0.00160985
             372	        0.028076	      -0.0012433	      0.00160746
             373	       -0.006872	     -0.00125839	      0.00160323
             374	         0.01706	     -0.00120941	      0.00159969
             375	       -0.010684	     -0.00123468	      0.00159562
             376	       -0.026832	     -0.00130276	      0.00159283
             377	       -0.036868	     -0.00139709	      0.00159139
             378	        0.010092	      -0.0013667	      0.00158747
             379	        0.006176	      -0.0013468	      0.00158341
             380	         -0.0357	      -0.0014372	      0.00158182
             381	       -0.038556	     -0.00153462	      0.00158067
             382	       -0.012508	     -0.00156335	      0.00157679
             383	        0.010632	     -0.00153151	        0.001573
             384	       -0.000436	     -0.00152866	       0.0015689
             385	        0.021992	     -0.00146756	      0.00156602
             386	        0.039284	     -0.00136199	      0.00156551
             387	       -0.025296	     -0.00142383	      0.00156269
             388	         0.01614	     -0.00137857	      0.00155932
             389	       -0.002996	     -0.00138272	      0.00155531
             390	        0.006604	     -0.00136225	      0.00155146
             391	        0.017492	     -0.00131403	      0.00154824
             392	        -0.04578	     -0.00142746	      0.00154844
             393	       -0.011176	     -0.00145226	       0.0015447
             394	        0.006756	     -0.00143143	      0.00154092
             395	       -0.017396	     -0.00147185	      0.00153755
             396	       -0.021372	      -0.0015221	      0.00153449
             397	       -0.059228	     -0.00166746	      0.00153749
             398	        0.063832	     -0.00150288	      0.00154241
             399	        0.006452	     -0.00148295	      0.00153867
             400	         0.01874	     -0.00143239	      0.00153566
             401	        0.041112	     -0.00132629	      0.00153549
             402	        0.018832	     -0.00127615	      0.00153249
             403	        0.047124	     -0.00115605	      0.00153338
             404	       -0.027896	     -0.00122224	      0.00153102
             405	       -0.051052	     -0.00134527	      0.00153217
             406	        0.022164	     -0.00128737	      0.00152949
             407	        0.030456	     -0.00120938	      0.00152772
             408	        0.070264	      -0.0010342	      0.00153399
             409	        0.028608	    -0.000961721	      0.00153195
             410	        0.039108	     -0.00086399	      0.00153133
             411	         0.01696	    -0.000820623	      0.00152821
             412	       -0.007416	    -0.000836631	      0.00152459
             413	       -0.033832	    -0.000916523	      0.00152299
             414	        0.003684	    -0.000905411	      0.00151935
             415	       -0.044732	     -0.00101102	      0.00151936
             416	       -0.009844	     -0.00103225	      0.00151585
             417	       -0.002568	     -0.00103593	      0.00151222
             418	        0.030208	    -0.000961187	      0.00151045
             419	       -0.023252	     -0.00101439	      0.00150778
             420	        0.037768	    -0.000922048	      0.00150702
             421	        -0.00576	    -0.000933539	      0.00150348
             422	         0.02642	     -0.00086872	      0.00150131
             423	       -0.004468	    -0.000877229	      0.00149779
             424	       -0.011216	    -0.000901613	      0.00149446
             425	         0.02894	    -0.000831398	      0.00149259
             426	          0.0491	    -0.000714188	      0.00149368
             427	        0.010408	    -0.000688141	      0.00149041
             428	         0.02756	     -0.00062214	      0.00148839
             429	       -0.015792	    -0.000657501	      0.00148534
             430	       -0.012104	    -0.000684121	      0.00148212
             431	       -0.053344	    -0.000806302	      0.00148371
             432	       -0.039936	     -0.00089688	      0.00148304
             433	       -0.080096	     -0.00107979	      0.00149085
             434	       -0.015192	      -0.0011123	      0.00148777
             435	       -0.020128	     -0.00115602	      0.00148499
             436	       -0.008224	     -0.00117223	      0.00148167
             437	         -0.0039	     -0.00117847	       0.0014783
             438	        0.022704	     -0.00112395	      0.00147593
             439	       -0.080284	     -0.00130426	      0.00148354
             440	       -0.046076	     -0.00140602	      0.00148365
             441	        0.038296	     -0.00131599	      0.00148302
             442	       -0.039112	      -0.0014015	      0.00148212
             443	         0.03024	     -0.00133008	       0.0014805
             444	        0.018144	     -0.00128622	      0.00147781
             445	        0.017636	     -0.00124369	       0.0014751
             446	        0.023756	     -0.00118764	      0.00147286
             447	         -0.0378	     -0.00126955	      0.00147184
             448	       -0.009708	     -0.00128838	      0.00146868
             449	       -0.002776	      -0.0012917	      0.00146541
             450	        0.018344	     -0.00124806	       0.0014628
             451	        0.001148	     -0.00124275	      0.00145957
             452	       -0.019088	     -0.00128223	      0.00145687
             453	       -0.019584	     -0.00132263	      0.00145422
             454	       -0.077152	     -0.00148966	      0.00146058
             455	       -0.015064	     -0.00151949	      0.00145767
             456	         0.03812	     -0.00143256	      0.00145706
             457	       -0.013764	     -0.00145954	      0.00145412
             458	       -0.020028	     -0.00150009	      0.00145151
             459	       -0.036348	     -0.00157601	      0.00145034
             460	        0.019676	     -0.00152981	      0.00144792
             461	       -0.037828	     -0.00160855	      0.00144692
             462	        0.010416	     -0.00158252	      0.00144402
             463	        0.010248	     -0.00155697	      0.00144113
             464	       -0.008728	     -0.00157242	       0.0014381
             465	         0.04962	     -0.00146233	      0.00143922
             466	        -0.03054	     -0.00152473	      0.00143748
             467	        0.008976	     -0.00150224	      0.00143458
             468	       -0.022512	     -0.00154714	      0.00143222
             469	        -0.01496	     -0.00157574	      0.00142945
             470	        0.003428	     -0.00156509	      0.00142645
             471	       -0.032692	     -0.00163118	      0.00142495
             472	       -0.030516	     -0.00169237	      0.00142324
             473	        0.014452	     -0.00165824	      0.00142064
             474	        0.032684	     -0.00158579	      0.00141949
             475	       -0.004364	     -0.00159164	      0.00141652
             476	       -0.018136	     -0.00162639	      0.00141397
             477	       -0.053744	     -0.00173566	      0.00141522
             478	       -0.034972	     -0.00180519	      0.00141396
             479	        -0.02096	     -0.00184518	      0.00141158
             480	       -0.022328	     -0.00188785	      0.00140928
             481	       -0.044608	     -0.00197667	      0.00140915
             482	       -0.021412	     -0.00201699	       0.0014068
             483	        0.041996	     -0.00192586	      0.00140684
             484	       -0.014136	     -0.00195109	      0.00140416
             485	        0.000744	     -0.00194553	      0.00140127
             486	        0.012784	     -0.00191523	      0.00139872
             487	        0.092892	     -0.00172055	      0.00140933
             488	        0.047244	     -0.00162021	      0.00141001
             489	        -0.02268	     -0.00166328	      0.00140778
             490	        0.036928	     -0.00158452	      0.00140711
             491	       -0.006668	     -0.00159488	      0.00140428
             492	       -0.031976	     -0.00165663	      0.00140278
             493	       -0.043128	     -0.00174075	      0.00140246
             494	       -0.007288	     -0.00175198	      0.00139966
             495	        0.038044	     -0.00167158	      0.00139914
             496	        0.032528	     -0.00160263	      0.00139802
             497	        -0.02758	      -0.0016549	      0.00139618
             498	         0.00244	     -0.00164667	      0.00139341
             499	        -0.04298	     -0.00172951	      0.00139307
             500	        0.028644	     -0.00166876	      0.00139161
