#     BLOCK:   ACTUAL_M:     M_AVE:       ERROR:
           1	    0.019948	    0.019948	           0
           2	    0.018816	    0.019382	 0.000400222
           3	    0.012884	    0.017216	  0.00178855
           4	    0.016348	    0.016999	  0.00135451
           5	    0.015208	   0.0166408	  0.00112998
           6	    0.017184	   0.0167313	 0.000945268
           7	    0.016664	   0.0167217	 0.000810279
           8	    0.016008	   0.0166325	 0.000713888
           9	    0.015984	   0.0165604	 0.000638194
          10	     0.01942	   0.0168464	 0.000635216
          11	    0.018296	   0.0169782	 0.000590981
          12	    0.015068	    0.016819	 0.000562762
          13	     0.01624	   0.0167745	 0.000521232
          14	    0.009508	   0.0162554	 0.000695996
          15	    0.016796	   0.0162915	 0.000650528
          16	    0.011308	     0.01598	  0.00068036
          17	    0.012828	   0.0157946	 0.000665124
          18	    0.017768	   0.0159042	 0.000637144
          19	    0.015796	   0.0158985	 0.000603635
          20	    0.007656	   0.0154864	 0.000700146
          21	    0.010404	   0.0152444	   0.0007074
          22	     0.01826	   0.0153815	 0.000688397
          23	    0.006684	   0.0150033	 0.000755221
          24	    0.014504	   0.0149825	  0.00072404
          25	    0.013824	   0.0149362	  0.00069656
          26	     0.01408	   0.0149032	 0.000670547
          27	     0.01338	   0.0148468	 0.000648081
          28	    0.013972	   0.0148156	 0.000625688
          29	    0.013272	   0.0147623	 0.000606372
          30	    0.013372	    0.014716	 0.000587928
          31	    0.018808	    0.014848	 0.000583593
          32	    0.017316	   0.0149251	 0.000570429
          33	    0.020516	   0.0150945	 0.000577755
          34	     0.01488	   0.0150882	 0.000560797
          35	    0.012512	   0.0150146	 0.000549583
          36	     0.02078	   0.0151748	 0.000557163
          37	    0.015376	   0.0151802	 0.000542131
          38	    0.020916	   0.0153312	 0.000548475
          39	    0.012728	   0.0152644	 0.000538457
          40	    0.014864	   0.0152544	 0.000525089
          41	    0.015396	   0.0152579	 0.000512293
          42	     0.01348	   0.0152155	 0.000501841
          43	    0.015444	   0.0152208	 0.000490199
          44	    0.009368	   0.0150878	 0.000496778
          45	      0.0214	   0.0152281	 0.000505154
          46	    0.014348	    0.015209	 0.000494535
          47	    0.015648	   0.0152183	 0.000484101
          48	      0.0143	   0.0151992	 0.000474393
          49	    0.011956	    0.015133	 0.000469306
          50	    0.011876	   0.0150678	 0.000464419
          51	    0.012316	   0.0150139	 0.000458436
          52	    0.011404	   0.0149445	 0.000454846
          53	    0.007616	   0.0148062	 0.000466809
          54	    0.008872	   0.0146963	 0.000470921
          55	      0.0146	   0.0146945	 0.000462362
          56	     0.01886	   0.0147689	  0.00046005
          57	    0.008588	   0.0146605	 0.000464583
          58	    0.012504	   0.0146233	 0.000458059
          59	    0.012088	   0.0145803	 0.000452306
          60	     0.00674	   0.0144497	 0.000463259
          61	    0.011552	   0.0144022	 0.000458094
          62	    0.005336	   0.0142559	 0.000473469
          63	    0.012432	    0.014227	 0.000466838
          64	    0.022056	   0.0143493	 0.000475301
          65	    0.014076	   0.0143451	 0.000468007
          66	    0.016564	   0.0143787	 0.000462122
          67	    0.019264	   0.0144516	 0.000460941
          68	    0.018852	   0.0145164	 0.000458682
          69	    0.012976	    0.014494	 0.000452578
          70	    0.010784	    0.014441	 0.000449205
          71	    0.013992	   0.0144347	 0.000442923
          72	    0.011688	   0.0143966	 0.000438411
          73	    0.014988	   0.0144047	  0.00043248
          74	    0.006756	   0.0143013	 0.000438813
          75	    0.010804	   0.0142547	 0.000435433
          76	    0.013228	   0.0142412	 0.000429913
          77	    0.016988	   0.0142768	 0.000425807
          78	    0.026252	   0.0144304	  0.00044717
          79	    0.015328	   0.0144417	 0.000441654
          80	    0.010536	   0.0143929	 0.000438823
          81	     0.00672	   0.0142982	 0.000443512
          82	     0.02282	   0.0144021	 0.000450115
          83	    0.016172	   0.0144234	 0.000445197
          84	    0.017224	   0.0144568	 0.000441143
          85	    0.016688	    0.014483	 0.000436734
          86	    0.013604	   0.0144728	 0.000431775
          87	    0.016428	   0.0144953	 0.000427396
          88	     0.00768	   0.0144178	 0.000429499
          89	    0.013416	   0.0144066	 0.000424821
          90	    0.015588	   0.0144197	 0.000420303
          91	    0.018708	   0.0144668	 0.000418318
          92	    0.008972	   0.0144071	 0.000418013
          93	    0.014904	   0.0144124	 0.000413553
          94	    0.015528	   0.0144243	 0.000409323
          95	    0.020224	   0.0144853	 0.000409542
          96	    0.013744	   0.0144776	 0.000405349
          97	    0.014276	   0.0144755	 0.000401175
          98	     0.01422	   0.0144729	  0.00039709
          99	     0.01404	   0.0144686	 0.000393103
         100	    0.006156	   0.0143854	 0.000397864
