#     BLOCK:   ACTUAL_M:     M_AVE:       ERROR:
               1	        0.979108	        0.979108	               0
               2	        0.936224	        0.957666	       0.0151618
               3	         0.95002	        0.955117	       0.0103198
               4	        0.949268	        0.953655	      0.00784281
               5	        0.929812	        0.948886	      0.00758669
               6	        0.916124	        0.943426	      0.00805092
               7	         0.96874	        0.947042	      0.00767008
               8	        0.933924	        0.945403	      0.00688438
               9	        0.915016	        0.942026	      0.00689785
              10	         0.95832	        0.943656	      0.00639761
              11	        0.979016	         0.94687	       0.0065742
              12	        0.924344	        0.944993	      0.00628864
              13	        0.717656	        0.927506	       0.0177759
              14	        0.925208	        0.927341	        0.016507
              15	          0.8565	        0.922619	       0.0160679
              16	        0.958384	        0.924854	       0.0152184
              17	        0.970868	        0.927561	       0.0145619
              18	        0.836928	        0.922526	       0.0145975
              19	        0.873476	        0.919944	       0.0140556
              20	        0.934412	        0.920667	       0.0133714
              21	        0.947764	        0.921958	       0.0127968
              22	        0.892232	        0.920607	       0.0122863
              23	        0.666048	        0.909539	       0.0159775
              24	        0.844184	        0.906816	       0.0155421
              25	        0.949068	        0.908506	        0.015012
              26	        0.843076	        0.905989	       0.0146441
              27	        0.866532	        0.904528	       0.0141744
              28	        0.946568	        0.906029	       0.0137475
              29	        0.947384	        0.907455	       0.0133472
              30	        0.979304	         0.90985	       0.0131154
              31	        0.953936	        0.911272	       0.0127692
              32	        0.910148	        0.911237	       0.0123702
              33	        0.947492	        0.912336	        0.012044
              34	        0.983596	        0.914432	       0.0118707
              35	        0.977088	        0.916222	       0.0116658
              36	        0.937976	        0.916826	       0.0113574
              37	        0.960184	        0.917998	       0.0111107
              38	        0.969944	        0.919365	       0.0109021
              39	        0.974264	        0.920773	        0.010713
              40	         0.90988	          0.9205	       0.0104487
              41	        0.966408	         0.92162	       0.0102536
              42	        0.982076	         0.92306	         0.01011
              43	         0.97198	        0.924197	      0.00993873
              44	        0.950656	        0.924799	      0.00973103
              45	        0.961544	        0.925615	      0.00954898
              46	        0.971384	         0.92661	      0.00939309
              47	        0.983396	        0.927818	      0.00927061
              48	         0.96304	        0.928552	      0.00910647
              49	         0.83284	        0.926599	      0.00912771
              50	        0.951452	        0.927096	      0.00895868
              51	        0.739036	        0.923408	      0.00951168
              52	        0.958132	        0.924076	      0.00935218
              53	        0.945956	        0.924489	      0.00918483
              54	        0.923392	        0.924469	      0.00901476
              55	        0.951816	        0.924966	      0.00886456
              56	         0.94918	        0.925398	       0.0087168
              57	        0.924116	        0.925376	       0.0085639
              58	        0.919056	        0.925267	      0.00841694
              59	        0.966584	        0.925967	      0.00830336
              60	        0.928572	        0.926011	      0.00816509
              61	        0.890396	        0.925427	      0.00805208
              62	        0.618824	        0.920481	      0.00931783
              63	          0.9645	         0.92118	      0.00919609
              64	        0.973276	        0.921994	      0.00908835
              65	        0.950496	        0.922433	      0.00895911
              66	        0.968208	        0.923126	      0.00885017
              67	         0.96158	          0.9237	      0.00873667
              68	        0.958064	        0.924206	      0.00862279
              69	         0.97416	         0.92493	      0.00852816
              70	          0.9497	        0.925283	      0.00841367
              71	        0.975868	        0.925996	      0.00832527
              72	        0.953364	        0.926376	      0.00821832
              73	        0.982144	         0.92714	      0.00814117
              74	        0.954288	        0.927507	      0.00803941
              75	        0.949116	        0.927795	      0.00793738
              76	        0.934468	        0.927883	      0.00783343
              77	        0.761436	        0.925721	      0.00802441
              78	        0.928704	        0.925759	      0.00792162
              79	        0.873208	        0.925094	      0.00784923
              80	        0.858772	        0.924265	      0.00779477
              81	        0.989472	         0.92507	         0.00774
              82	        0.950044	        0.925375	       0.0076516
              83	        0.632432	        0.921845	      0.00833376
              84	        0.946212	        0.922135	      0.00823959
              85	        0.965588	        0.922646	       0.0081585
              86	        0.979308	        0.923305	      0.00809019
              87	        0.972888	        0.923875	      0.00801725
              88	        0.956432	        0.924245	      0.00793468
              89	        0.953952	        0.924579	      0.00785254
              90	        0.951224	        0.924875	      0.00777087
              91	        0.876252	        0.924341	      0.00770382
              92	        0.901996	        0.924098	      0.00762391
              93	        0.940436	        0.924274	      0.00754396
              94	        0.853256	        0.923518	      0.00750144
              95	        0.976804	        0.924079	      0.00744342
              96	         0.97598	         0.92462	      0.00738549
              97	        0.963808	        0.925024	      0.00732039
              98	        0.953832	        0.925318	      0.00725159
              99	        0.958344	        0.925651	      0.00718602
             100	         0.86024	        0.924997	      0.00714386
             101	         0.94866	        0.925231	      0.00707697
             102	         0.96344	        0.925606	       0.0070175
             103	        0.912964	        0.925483	      0.00695044
             104	        0.955812	        0.925775	      0.00688972
             105	        0.976728	         0.92626	      0.00684118
             106	        0.922804	        0.926227	      0.00677671
             107	        0.880068	        0.925796	       0.0067271
             108	        0.953732	        0.926055	      0.00666978
             109	        0.954004	        0.926311	      0.00661352
             110	        0.958036	          0.9266	      0.00655968
             111	        0.951436	        0.926823	       0.0065044
             112	        0.970956	        0.927217	      0.00645825
             113	        0.980212	        0.927686	       0.0064181
             114	        0.629512	        0.925071	      0.00687413
             115	        0.747204	        0.923524	      0.00698619
             116	         0.94664	        0.923723	       0.0069288
             117	        0.938872	        0.923853	      0.00687079
             118	         0.97524	        0.924288	      0.00682635
             119	        0.962776	        0.924612	      0.00677665
             120	        0.971656	        0.925004	      0.00673151
             121	        0.892352	        0.924734	      0.00668128
             122	        0.809596	         0.92379	      0.00669284
             123	        0.954984	        0.924044	      0.00664323
             124	        0.955248	        0.924295	      0.00659442
             125	        0.918592	         0.92425	      0.00654182
             126	          0.9682	        0.924599	      0.00649919
             127	        0.981004	        0.925043	      0.00646318
             128	        0.906412	        0.924897	      0.00641432
             129	        0.966412	        0.925219	      0.00637267
             130	        0.880724	        0.924877	      0.00633283
             131	        0.974288	        0.925254	      0.00629571
             132	        0.966668	        0.925568	      0.00625583
             133	        0.986352	        0.926025	      0.00622546
             134	        0.816788	         0.92521	      0.00623215
             135	        0.968272	        0.925529	      0.00619414
             136	        0.970796	        0.925861	      0.00615754
             137	        0.962344	        0.926128	      0.00611835
             138	         0.94856	         0.92629	      0.00607617
             139	        0.940588	        0.926393	      0.00603333
             140	        0.968608	        0.926695	      0.00599776
             141	        0.975644	        0.927042	      0.00596526
             142	        0.972096	        0.927359	      0.00593169
             143	        0.962436	        0.927604	      0.00589527
             144	        0.930524	        0.927625	      0.00585437
             145	        0.958788	         0.92784	      0.00581794
             146	         0.94594	        0.927964	      0.00577941
             147	        0.898612	        0.927764	      0.00574354
             148	         0.83992	         0.92717	      0.00573532
             149	        0.951276	        0.927332	      0.00569911
             150	        0.970024	        0.927617	      0.00566822
             151	        0.710596	        0.926179	      0.00581003
             152	        0.969352	        0.926464	      0.00577875
             153	        0.800244	        0.925639	      0.00579957
             154	         0.92786	        0.925653	      0.00576192
             155	        0.963428	        0.925897	       0.0057299
             156	        0.837228	        0.925328	      0.00572129
             157	        0.980884	        0.925682	      0.00569578
             158	         0.96894	        0.925956	      0.00566631
             159	        0.887448	        0.925714	      0.00563585
             160	        0.942048	        0.925816	      0.00560155
             161	        0.955088	        0.925998	      0.00556971
             162	        0.948992	         0.92614	      0.00553713
             163	        0.666036	        0.924544	      0.00572848
             164	        0.958304	         0.92475	      0.00569725
             165	        0.981644	        0.925095	      0.00567315
             166	        0.883888	        0.924846	       0.0056444
             167	        0.932748	        0.924894	       0.0056108
             168	        0.900048	        0.924746	      0.00557935
             169	         0.95402	        0.924919	      0.00554903
             170	         0.92728	        0.924933	       0.0055164
             171	        0.515196	        0.922537	      0.00598194
             172	        0.981452	        0.922879	      0.00595696
             173	          0.9205	        0.922865	      0.00592255
             174	        0.942864	         0.92298	      0.00588962
             175	           0.977	        0.923289	      0.00586405
             176	        0.772492	        0.922432	      0.00589299
             177	        0.949144	        0.922583	      0.00586163
             178	         0.97458	        0.922875	      0.00583598
             179	        0.981304	        0.923202	       0.0058125
             180	        0.958716	        0.923399	      0.00578355
             181	        0.959052	        0.923596	      0.00575495
             182	        0.965472	        0.923826	      0.00572793
             183	        0.973976	          0.9241	      0.00570318
             184	        0.990512	        0.924461	      0.00568359
             185	        0.957612	         0.92464	       0.0056557
             186	        0.963864	        0.924851	      0.00562922
             187	        0.880012	        0.924611	      0.00560422
             188	         0.91834	        0.924578	      0.00557451
             189	        0.949852	        0.924712	      0.00554662
             190	        0.984572	        0.925027	      0.00552637
             191	        0.978072	        0.925305	      0.00550441
             192	         0.90864	        0.925218	      0.00547642
             193	        0.977076	        0.925486	      0.00545464
             194	         0.95744	        0.925651	        0.005429
             195	        0.920472	        0.925625	      0.00540123
             196	        0.949832	        0.925748	      0.00537508
             197	        0.933776	        0.925789	      0.00534795
             198	        0.957952	        0.925951	      0.00532341
             199	        0.897008	        0.925806	      0.00529865
             200	          0.9352	        0.925853	      0.00527236
             201	        0.965608	        0.926051	      0.00524984
             202	        0.865436	        0.925751	      0.00523242
             203	        0.888976	        0.925569	      0.00520978
             204	        0.980048	        0.925836	      0.00519108
             205	        0.983424	        0.926117	      0.00517335
             206	         0.53034	        0.924196	      0.00549342
             207	         0.93894	        0.924267	      0.00546734
             208	         0.96324	        0.924455	      0.00544427
             209	        0.947752	        0.924566	      0.00541936
             210	        0.940548	        0.924642	      0.00539409
             211	          0.9395	        0.924713	      0.00536898
             212	        0.950504	        0.924834	      0.00534503
             213	        0.931912	        0.924868	      0.00532004
             214	        0.971684	        0.925086	      0.00529968
             215	          0.8296	        0.924642	      0.00529361
             216	        0.926936	        0.924653	      0.00526911
             217	        0.579876	        0.923064	      0.00547914
             218	        0.946376	        0.923171	      0.00545505
             219	        0.809304	        0.922651	      0.00545486
             220	        0.934676	        0.922706	      0.00543034
             221	        0.956252	        0.922857	      0.00540789
             222	        0.957424	        0.923013	      0.00538577
             223	        0.948056	        0.923125	      0.00536279
             224	        0.932316	        0.923166	      0.00533901
             225	         0.93834	        0.923234	       0.0053157
             226	        0.924428	        0.923239	      0.00529219
             227	          0.9758	        0.923471	      0.00527394
             228	         0.97102	        0.923679	      0.00525493
             229	        0.969452	        0.923879	      0.00523578
             230	        0.959524	        0.924034	      0.00521531
             231	        0.873248	        0.923814	      0.00519736
             232	        0.943812	          0.9239	      0.00517568
             233	        0.985128	        0.924163	      0.00516013
             234	        0.917116	        0.924133	      0.00513816
             235	         0.94704	        0.924231	      0.00511722
             236	        0.962544	        0.924393	      0.00509812
             237	        0.923452	        0.924389	      0.00507661
             238	        0.957156	        0.924527	      0.00505714
             239	        0.972972	        0.924729	      0.00504004
             240	        0.987484	        0.924991	      0.00502582
             241	        0.950436	        0.925096	      0.00500608
             242	        0.852456	        0.924796	      0.00499438
             243	        0.952476	         0.92491	      0.00497513
             244	         0.94952	        0.925011	      0.00495576
             245	        0.690916	        0.924056	       0.0050268
             246	         0.92542	        0.924061	      0.00500637
             247	         0.95878	        0.924202	      0.00498807
             248	          0.9796	        0.924425	      0.00497296
             249	         0.97832	        0.924641	      0.00495769
             250	        0.976644	        0.924849	      0.00494223
             251	         0.95396	        0.924965	       0.0049239
             252	        0.882952	        0.924799	      0.00490718
             253	        0.983144	        0.925029	       0.0048932
             254	        0.958132	         0.92516	      0.00487567
             255	         0.97516	        0.925356	      0.00486049
             256	        0.925512	        0.925356	       0.0048415
             257	        0.844836	        0.925043	      0.00483279
             258	        0.936564	        0.925088	      0.00481427
             259	        0.876308	        0.924899	      0.00479936
             260	        0.968208	        0.925066	      0.00478379
             261	        0.846232	        0.924764	      0.00477499
             262	         0.92036	        0.924747	      0.00475679
             263	        0.974244	        0.924935	      0.00474243
             264	        0.966472	        0.925093	      0.00472707
             265	        0.835684	        0.924755	      0.00472126
             266	        0.947176	         0.92484	      0.00470426
             267	          0.9546	        0.924951	      0.00468797
             268	        0.937768	        0.924999	      0.00467072
             269	        0.976096	        0.925189	      0.00465722
             270	        0.917916	        0.925162	      0.00464004
             271	        0.928872	        0.925176	      0.00462294
             272	        0.819864	        0.924788	      0.00462213
             273	        0.895596	        0.924681	      0.00460644
             274	        0.826188	        0.924322	      0.00460363
             275	        0.931828	        0.924349	      0.00458697
             276	        0.836192	         0.92403	      0.00458146
             277	        0.823004	        0.923665	      0.00457941
             278	        0.935464	        0.923708	      0.00456314
             279	        0.913804	        0.923672	      0.00454692
             280	        0.963024	        0.923813	      0.00453285
             281	        0.952476	        0.923915	      0.00451787
             282	         0.71734	        0.923182	      0.00456085
             283	        0.797756	        0.922739	      0.00456621
             284	        0.943836	        0.922813	      0.00455074
             285	          0.9495	        0.922907	      0.00453574
             286	        0.966752	         0.92306	      0.00452247
             287	        0.707548	        0.922309	      0.00456863
             288	        0.964212	        0.922455	      0.00455508
             289	        0.980612	        0.922656	      0.00454376
             290	         0.94282	        0.922725	      0.00452862
             291	        0.951472	        0.922824	      0.00451414
             292	        0.913172	        0.922791	       0.0044988
             293	        0.916288	        0.922769	       0.0044835
             294	          0.9761	         0.92295	      0.00447192
             295	        0.916276	        0.922928	      0.00445682
             296	        0.926424	         0.92294	      0.00444178
             297	        0.965108	        0.923082	      0.00442909
             298	         0.87546	        0.922922	      0.00441711
             299	        0.967088	        0.923069	       0.0044048
             300	        0.803852	        0.922672	      0.00440801
             301	        0.980256	        0.922863	      0.00439752
             302	        0.784872	        0.922406	      0.00440663
             303	        0.933276	        0.922442	      0.00439223
             304	        0.945472	        0.922518	      0.00437844
             305	        0.850736	        0.922283	       0.0043704
             306	        0.952004	         0.92238	       0.0043572
             307	        0.929664	        0.922404	      0.00434307
             308	        0.967328	        0.922549	      0.00433142
             309	        0.960096	        0.922671	       0.0043191
             310	        0.900724	          0.9226	      0.00430575
             311	        0.983832	        0.922797	      0.00429641
             312	        0.895672	         0.92271	      0.00428352
             313	        0.977752	        0.922886	      0.00427344
             314	        0.941588	        0.922946	      0.00426024
             315	         0.83594	        0.922669	      0.00425566
             316	         0.97694	        0.922841	      0.00424566
             317	        0.947952	         0.92292	      0.00423301
             318	        0.914972	        0.922895	      0.00421977
             319	        0.972912	        0.923052	      0.00420945
             320	         0.91616	        0.923031	      0.00419635
             321	         0.93844	        0.923079	      0.00418355
             322	        0.969992	        0.923224	       0.0041731
             323	         0.88776	        0.923114	      0.00416162
             324	        0.981436	        0.923294	      0.00415267
             325	        0.879704	         0.92316	      0.00414206
             326	        0.957336	        0.923265	      0.00413068
             327	        0.932696	        0.923294	      0.00411815
             328	        0.968908	        0.923433	      0.00410794
             329	        0.968772	        0.923571	      0.00409776
             330	        0.953756	        0.923662	      0.00408637
             331	          0.5802	        0.922625	       0.0042037
             332	        0.904768	        0.922571	      0.00419138
             333	         0.94984	        0.922653	       0.0041796
             334	        0.961032	        0.922768	      0.00416866
             335	        0.782904	         0.92235	      0.00417707
             336	        0.883248	        0.922234	      0.00416626
             337	        0.975284	        0.922391	      0.00415687
             338	        0.958828	        0.922499	      0.00414597
             339	        0.928792	        0.922518	      0.00413378
             340	        0.935636	        0.922556	      0.00412181
             341	         0.97006	        0.922695	      0.00411207
             342	        0.968128	        0.922828	      0.00410219
             343	        0.983376	        0.923005	      0.00409403
             344	        0.968752	        0.923138	      0.00408429
             345	         0.88852	        0.923038	      0.00407368
             346	        0.863156	        0.922864	      0.00406558
             347	        0.984576	        0.923042	      0.00405776
             348	        0.850936	        0.922835	      0.00405138
             349	        0.974004	        0.922982	      0.00404243
             350	        0.980628	        0.923146	      0.00403423
             351	        0.953756	        0.923234	      0.00402368
             352	        0.954088	        0.923321	       0.0040132
             353	        0.906376	        0.923273	      0.00400212
             354	        0.923568	        0.923274	      0.00399081
             355	        0.907588	         0.92323	      0.00397982
             356	        0.976172	        0.923379	      0.00397142
             357	        0.710492	        0.922782	      0.00400481
             358	        0.975812	         0.92293	      0.00399636
             359	          0.9493	        0.923004	      0.00398591
             360	        0.919904	        0.922995	      0.00397484
             361	         0.91816	        0.922982	      0.00396386
             362	        0.842864	        0.922761	      0.00395908
             363	         0.86884	        0.922612	      0.00395096
             364	          0.8729	        0.922475	      0.00394246
             365	        0.890832	        0.922389	      0.00393262
             366	        0.949368	        0.922462	      0.00392256
             367	        0.957392	        0.922558	      0.00391303
             368	        0.973756	        0.922697	      0.00390487
             369	        0.951208	        0.922774	      0.00389505
             370	         0.96168	        0.922879	      0.00388594
             371	          0.9531	        0.922961	      0.00387632
             372	        0.978568	         0.92311	      0.00386878
             373	        0.897052	         0.92304	      0.00385904
             374	          0.9353	        0.923073	      0.00384886
             375	         0.97454	         0.92321	      0.00384104
             376	        0.700016	        0.922617	      0.00387642
             377	        0.807452	        0.922311	      0.00387816
             378	         0.97482	         0.92245	      0.00387039
             379	        0.966924	        0.922567	      0.00386195
             380	         0.95064	        0.922641	       0.0038525
             381	        0.664492	        0.921964	      0.00390151
             382	         0.95332	        0.922046	      0.00389216
             383	         0.96708	        0.922163	      0.00388378
             384	        0.912612	        0.922139	      0.00387374
             385	         0.94856	        0.922207	      0.00386429
             386	        0.945064	        0.922266	      0.00385473
             387	        0.883004	        0.922165	      0.00384611
             388	        0.937272	        0.922204	      0.00383639
             389	        0.952448	        0.922282	      0.00382732
             390	        0.949272	        0.922351	      0.00381813
             391	        0.954924	        0.922434	      0.00380927
             392	        0.969552	        0.922554	      0.00380145
             393	          0.8796	        0.922445	      0.00379335
             394	        0.917864	        0.922433	      0.00378374
             395	        0.913496	        0.922411	      0.00377423
             396	        0.940064	        0.922455	      0.00376496
             397	        0.785212	         0.92211	      0.00377131
             398	         0.86008	        0.921954	      0.00376506
             399	         0.90678	        0.921916	      0.00375581
             400	        0.924476	        0.921922	      0.00374643
             401	        0.755684	        0.921508	      0.00375995
             402	        0.919708	        0.921503	       0.0037506
             403	        0.910192	        0.921475	       0.0037414
             404	         0.85552	        0.921312	       0.0037357
             405	        0.901896	        0.921264	      0.00372678
             406	        0.979516	        0.921407	      0.00372036
             407	         0.90286	        0.921362	       0.0037115
             408	        0.676676	        0.920762	      0.00375055
             409	        0.904284	        0.920722	      0.00374159
             410	          0.9614	        0.920821	      0.00373378
             411	        0.945396	        0.920881	      0.00372518
             412	         0.93208	        0.920908	      0.00371623
             413	        0.972992	        0.921034	      0.00370937
             414	         0.94596	        0.921094	       0.0037009
             415	        0.987384	        0.921254	      0.00369543
             416	        0.929052	        0.921273	      0.00368659
             417	         0.90556	        0.921235	      0.00367795
             418	        0.967852	        0.921347	      0.00367084
             419	        0.959092	        0.921437	      0.00366318
             420	        0.651128	        0.920793	      0.00371057
             421	        0.734084	         0.92035	      0.00372816
             422	        0.935216	        0.920385	      0.00371949
             423	        0.937756	        0.920426	      0.00371093
             424	        0.908984	        0.920399	      0.00370227
             425	        0.956548	        0.920484	      0.00369454
             426	        0.888116	        0.920408	      0.00368665
             427	        0.805892	         0.92014	      0.00368776
             428	        0.921772	        0.920144	      0.00367914
             429	         0.97298	        0.920267	      0.00367263
             430	        0.775096	        0.919929	      0.00367957
             431	        0.990012	        0.920092	      0.00367462
             432	        0.991344	        0.920257	      0.00366982
             433	        0.956356	         0.92034	      0.00366229
             434	        0.960332	        0.920432	      0.00365501
             435	        0.957756	        0.920518	      0.00364761
             436	        0.945476	        0.920575	       0.0036397
             437	        0.973164	        0.920696	      0.00363336
             438	         0.91998	        0.920694	      0.00362506
             439	         0.93058	        0.920717	      0.00361687
             440	        0.929276	        0.920736	      0.00360871
             441	        0.935932	         0.92077	      0.00360069
             442	        0.927752	        0.920786	      0.00359258
             443	        0.964004	        0.920884	      0.00358579
             444	        0.962132	        0.920977	      0.00357892
             445	        0.981736	        0.921113	      0.00357348
             446	          0.9077	        0.921083	      0.00356559
             447	        0.918752	        0.921078	      0.00355762
             448	        0.971572	        0.921191	      0.00355146
             449	        0.780512	        0.920877	      0.00355735
             450	        0.964792	        0.920975	      0.00355078
             451	        0.970216	        0.921084	      0.00354459
             452	        0.818544	        0.920857	        0.003544
             453	        0.528332	        0.919991	      0.00364056
             454	         0.99118	        0.920148	      0.00363592
             455	        0.959464	        0.920234	      0.00362895
             456	         0.97376	        0.920351	      0.00362289
             457	        0.962076	        0.920443	      0.00361612
             458	         0.96528	        0.920541	      0.00360955
             459	        0.949012	        0.920603	      0.00360221
             460	        0.938048	         0.92064	      0.00359458
             461	         0.93774	        0.920678	      0.00358698
             462	        0.947484	        0.920736	      0.00357968
             463	          0.9861	        0.920877	      0.00357473
             464	        0.960124	        0.920961	      0.00356803
             465	        0.851836	        0.920813	      0.00356345
             466	        0.979936	         0.92094	      0.00355806
             467	          0.9705	        0.921046	      0.00355203
             468	        0.763044	        0.920708	      0.00356045
             469	        0.968272	         0.92081	       0.0035543
             470	        0.954848	        0.920882	      0.00354747
             471	         0.90716	        0.920853	      0.00354006
             472	        0.930624	        0.920874	      0.00353262
             473	         0.92638	        0.920885	      0.00352517
             474	        0.784684	        0.920598	      0.00352943
             475	        0.961496	        0.920684	      0.00352305
             476	        0.963368	        0.920774	      0.00351679
             477	        0.878564	        0.920685	      0.00351053
             478	        0.849252	        0.920536	      0.00350636
             479	         0.84872	        0.920386	      0.00350225
             480	          0.9703	         0.92049	      0.00349649
             481	        0.911576	        0.920471	      0.00348927
             482	         0.91782	        0.920466	      0.00348204
             483	        0.879976	        0.920382	      0.00347584
             484	        0.970784	        0.920486	      0.00347022
             485	        0.966272	         0.92058	      0.00346434
             486	        0.957496	        0.920656	      0.00345805
             487	        0.955264	        0.920727	      0.00345168
             488	        0.974124	        0.920837	      0.00344634
             489	        0.977024	        0.920952	      0.00344121
             490	        0.861536	         0.92083	      0.00343632
             491	        0.924944	        0.920839	      0.00342933
             492	        0.950136	        0.920898	      0.00342288
             493	          0.9836	        0.921026	       0.0034183
             494	        0.972016	        0.921129	      0.00341293
             495	        0.871408	        0.921028	      0.00340752
             496	        0.982128	        0.921152	      0.00340287
             497	        0.922832	        0.921155	      0.00339603
             498	        0.922752	        0.921158	      0.00338921
             499	         0.77744	         0.92087	      0.00339463
             500	        0.563576	        0.920156	      0.00346224
