#     BLOCK:   ACTUAL_TE:    TE_AVE:      ERROR:
           1	    -0.90144	    -0.90144	           0
           2	    -0.88392	    -0.89268	  0.00619426
           3	     -0.9016	   -0.895653	  0.00479026
           4	    -0.87528	    -0.89056	  0.00568894
           5	     -0.8684	   -0.886128	  0.00603548
           6	    -0.89632	   -0.887827	  0.00526319
           7	    -0.86496	    -0.88456	  0.00543125
           8	    -0.88672	    -0.88483	  0.00475905
           9	     -0.8712	   -0.883316	  0.00446474
          10	    -0.89904	   -0.884888	  0.00428623
          11	    -0.90584	   -0.886793	  0.00429901
          12	    -0.88448	     -0.8866	  0.00394507
          13	    -0.85992	   -0.884548	  0.00414117
          14	     -0.8776	   -0.884051	  0.00387499
          15	    -0.89952	   -0.885083	  0.00375137
          16	    -0.87048	    -0.88417	  0.00362623
          17	    -0.89744	   -0.884951	  0.00349593
          18	     -0.8732	   -0.884298	  0.00336211
          19	     -0.8884	   -0.884514	  0.00319208
          20	    -0.88088	   -0.884332	  0.00303764
          21	    -0.90136	   -0.885143	  0.00299926
          22	    -0.89528	   -0.885604	  0.00289811
          23	    -0.88328	   -0.885503	  0.00277387
          24	    -0.89608	   -0.885943	  0.00269308
          25	    -0.89664	   -0.886371	  0.00261912
          26	    -0.88536	   -0.886332	  0.00251867
          27	    -0.90528	   -0.887034	  0.00252126
          28	     -0.8916	   -0.887197	  0.00243648
          29	    -0.87456	   -0.886761	  0.00239112
          30	     -0.8764	   -0.886416	  0.00233622
          31	    -0.91824	   -0.887443	  0.00247616
          32	      -0.892	   -0.887585	  0.00240287
          33	    -0.89288	   -0.887745	  0.00233541
          34	    -0.87496	   -0.887369	   0.0022968
          35	    -0.87664	   -0.887063	  0.00225154
          36	    -0.92384	   -0.888084	  0.00240964
          37	    -0.87016	     -0.8876	  0.00239271
          38	    -0.87312	   -0.887219	  0.00235989
          39	    -0.87096	   -0.886802	  0.00233592
          40	    -0.87008	   -0.886384	  0.00231463
          41	    -0.88288	   -0.886299	  0.00225975
          42	    -0.89992	   -0.886623	   0.0022291
          43	    -0.89552	    -0.88683	  0.00218684
          44	    -0.88536	   -0.886796	  0.00213739
          45	    -0.90448	   -0.887189	  0.00212571
          46	    -0.88992	   -0.887249	  0.00208033
          47	    -0.88728	   -0.887249	  0.00203607
          48	     -0.8692	   -0.886873	  0.00202808
          49	    -0.88672	    -0.88687	  0.00198669
          50	    -0.87008	   -0.886534	  0.00197513
          51	    -0.88904	   -0.886584	  0.00193702
          52	    -0.85592	   -0.885994	   0.0019875
          53	    -0.88608	   -0.885995	     0.00195
          54	    -0.90096	   -0.886273	  0.00193348
          55	    -0.91048	   -0.886713	  0.00194778
          56	    -0.87128	   -0.886437	  0.00193239
          57	    -0.87568	   -0.886248	  0.00190768
          58	     -0.8896	   -0.886306	  0.00187567
          59	    -0.88824	   -0.886339	  0.00184416
          60	    -0.88992	   -0.886399	  0.00181439
          61	    -0.87944	   -0.886285	  0.00178823
          62	     -0.9108	    -0.88668	  0.00180257
          63	    -0.89584	   -0.886825	  0.00177982
          64	    -0.86456	   -0.886477	  0.00178568
          65	    -0.89248	    -0.88657	   0.0017606
          66	    -0.85664	   -0.886116	  0.00179137
          67	    -0.87744	   -0.885987	  0.00176931
          68	    -0.88248	   -0.885935	  0.00174404
          69	    -0.89288	   -0.886036	  0.00172167
          70	     -0.8892	   -0.886081	  0.00169767
          71	    -0.88544	   -0.886072	  0.00167378
          72	    -0.90832	   -0.886381	  0.00167881
          73	    -0.88216	   -0.886323	  0.00165681
          74	    -0.88112	   -0.886253	  0.00163591
          75	    -0.87008	   -0.886037	  0.00162825
          76	     -0.9032	   -0.886263	  0.00162241
          77	    -0.89232	   -0.886342	  0.00160325
          78	    -0.88624	   -0.886341	  0.00158269
          79	    -0.91752	   -0.886735	  0.00161112
          80	    -0.87176	   -0.886548	  0.00160182
          81	      -0.878	   -0.886442	  0.00158551
          82	    -0.89248	   -0.886516	  0.00156789
          83	    -0.88536	   -0.886502	  0.00154906
          84	    -0.87824	   -0.886404	  0.00153374
          85	     -0.8804	   -0.886333	  0.00151732
          86	    -0.86376	   -0.886071	  0.00152221
          87	     -0.8788	   -0.885987	    0.001507
          88	    -0.87136	   -0.885821	  0.00149902
          89	    -0.87128	   -0.885658	  0.00149105
          90	    -0.89712	   -0.885785	  0.00147991
          91	    -0.90016	   -0.885943	  0.00147206
          92	    -0.92408	   -0.886357	   0.0015133
          93	    -0.87488	   -0.886234	  0.00150205
          94	    -0.87616	   -0.886127	  0.00148989
          95	      -0.882	   -0.886083	  0.00147484
          96	    -0.87216	   -0.885938	  0.00146659
          97	    -0.87992	   -0.885876	  0.00145278
          98	    -0.87848	   -0.885801	  0.00143992
          99	    -0.89968	   -0.885941	  0.00143218
         100	    -0.89784	    -0.88606	  0.00142279
