#     BLOCK:   ACTUAL_CV:    CV_AVE:      ERROR:
           1	    0.384884	    0.384884	           0
           2	    0.374559	    0.379721	  0.00365029
           3	     0.37903	    0.379491	  0.00244079
           4	     0.39349	    0.382991	  0.00354089
           5	    0.378772	    0.382147	  0.00293149
           6	     0.38332	    0.382343	  0.00244942
           7	    0.385488	    0.382792	  0.00214033
           8	    0.395849	    0.384424	  0.00241624
           9	     0.37891	    0.383811	  0.00222408
          10	    0.380243	    0.383455	   0.0020301
          11	    0.387051	    0.383782	  0.00187169
          12	    0.384316	    0.383826	  0.00171625
          13	    0.380388	    0.383562	  0.00160448
          14	    0.364561	    0.382204	  0.00198244
          15	    0.369689	     0.38137	  0.00201823
          16	     0.38445	    0.381563	  0.00190125
          17	    0.374305	    0.381136	  0.00183673
          18	     0.39936	    0.382148	   0.0019943
          19	    0.376222	    0.381836	  0.00191358
          20	    0.376673	    0.381578	  0.00183523
          21	     0.37295	    0.381167	  0.00179324
          22	     0.38408	      0.3813	  0.00171661
          23	    0.391138	    0.381727	  0.00169443
          24	    0.378527	    0.381594	  0.00162907
          25	    0.384598	    0.381714	  0.00156833
          26	    0.384832	    0.381834	  0.00151259
          27	    0.386966	    0.382024	  0.00146846
          28	     0.37982	    0.381945	  0.00141812
          29	    0.390898	    0.382254	  0.00140242
          30	    0.371512	    0.381896	  0.00140064
          31	    0.386767	    0.382053	  0.00136424
          32	    0.367466	    0.381597	  0.00139569
          33	    0.384126	    0.381674	   0.0013555
          34	    0.381676	    0.381674	  0.00131563
          35	    0.368736	    0.381304	  0.00132896
          36	    0.400405	    0.381835	  0.00139394
          37	     0.38295	    0.381865	  0.00135659
          38	    0.395698	    0.382229	  0.00136886
          39	    0.373958	    0.382017	  0.00135009
          40	    0.390449	    0.382228	  0.00133269
          41	    0.383814	    0.382267	  0.00130075
          42	    0.390107	    0.382453	  0.00128311
          43	     0.37905	    0.382374	   0.0012557
          44	     0.38837	     0.38251	  0.00123454
          45	    0.394445	    0.382776	  0.00123526
          46	    0.378305	    0.382678	  0.00121223
          47	    0.370823	    0.382426	  0.00121239
          48	    0.369493	    0.382157	  0.00121671
          49	     0.38245	    0.382163	  0.00119189
          50	    0.379691	    0.382113	  0.00116908
          51	    0.382843	    0.382128	  0.00114624
          52	    0.390858	    0.382295	  0.00113643
          53	    0.389235	    0.382426	   0.0011225
          54	    0.381047	    0.382401	  0.00110201
          55	    0.382812	    0.382408	    0.001082
          56	    0.382964	    0.382418	  0.00106272
          57	     0.38156	    0.382403	  0.00104418
          58	    0.378462	    0.382335	  0.00102839
          59	    0.397192	    0.382587	  0.00104133
          60	    0.372212	    0.382414	  0.00103823
          61	     0.38563	    0.382467	  0.00102255
          62	    0.379593	     0.38242	  0.00100711
          63	    0.386032	    0.382478	 0.000992752
          64	    0.383397	    0.382492	 0.000977344
          65	    0.374592	    0.382371	 0.000969835
          66	    0.383724	    0.382391	 0.000955357
          67	    0.378875	    0.382339	 0.000942539
          68	    0.379107	    0.382291	 0.000929875
          69	    0.379403	    0.382249	  0.00091734
          70	    0.380603	    0.382226	 0.000904537
          71	    0.392739	    0.382374	 0.000903834
          72	    0.385301	    0.382414	 0.000892195
          73	    0.382777	    0.382419	 0.000879987
          74	    0.373897	    0.382304	 0.000875599
          75	    0.392867	    0.382445	 0.000875178
          76	    0.392497	    0.382577	 0.000873599
          77	    0.367757	    0.382385	 0.000883201
          78	    0.384464	    0.382412	  0.00087228
          79	    0.375411	    0.382323	 0.000865728
          80	    0.381344	    0.382311	 0.000854993
          81	    0.381504	    0.382301	 0.000844496
          82	    0.391145	    0.382409	 0.000841056
          83	    0.394522	    0.382555	  0.00084349
          84	     0.38524	    0.382587	 0.000834054
          85	    0.373135	    0.382475	  0.00083162
          86	    0.376274	    0.382403	  0.00082507
          87	    0.379919	    0.382375	 0.000816081
          88	    0.392978	    0.382495	 0.000815654
          89	    0.377751	    0.382442	 0.000808229
          90	    0.386151	    0.382483	 0.000800299
          91	     0.37691	    0.382422	 0.000793843
          92	    0.376112	    0.382353	 0.000788172
          93	    0.391902	    0.382456	 0.000786356
          94	    0.394728	    0.382586	 0.000788754
          95	    0.374074	    0.382497	 0.000785525
          96	    0.383627	    0.382509	 0.000777431
          97	    0.382103	    0.382504	 0.000769427
          98	     0.38496	    0.382529	 0.000761984
          99	     0.39959	    0.382702	 0.000773528
         100	    0.369517	     0.38257	 0.000776949
