#     BLOCK:   ACTUAL_X:     X_AVE:       ERROR:
           1	      1.0691	      1.0691	           0
           2	     1.09872	     1.08391	   0.0104704
           3	     1.21556	     1.12779	   0.0365045
           4	     1.04895	     1.10808	   0.0322634
           5	     1.25193	     1.13685	    0.036446
           6	     1.32385	     1.16802	   0.0416163
           7	     1.15714	     1.16646	   0.0357002
           8	     1.09604	     1.15766	   0.0323048
           9	     1.09196	     1.15036	   0.0295286
          10	     1.17108	     1.15243	   0.0266484
          11	     1.23912	     1.16031	   0.0253643
          12	      1.1476	     1.15925	   0.0232727
          13	       1.096	     1.15439	   0.0219853
          14	     1.20323	     1.15788	   0.0206898
          15	     1.23761	     1.16319	   0.0199817
          16	      1.3171	     1.17281	   0.0209205
          17	     1.06928	     1.16672	   0.0205572
          18	     1.17394	     1.16712	    0.019419
          19	     1.16378	     1.16695	   0.0183978
          20	     1.13699	     1.16545	   0.0175387
          21	     1.18583	     1.16642	   0.0167304
          22	     1.23919	     1.16973	   0.0162937
          23	     1.08015	     1.16583	    0.016044
          24	     1.21387	     1.16783	   0.0154998
          25	     1.11189	      1.1656	   0.0150405
          26	     1.13156	     1.16429	   0.0145189
          27	     1.02356	     1.15908	   0.0148874
          28	     1.10734	     1.15723	   0.0144699
          29	     1.26385	      1.1609	   0.0144305
          30	     1.29519	     1.16538	   0.0146273
          31	     1.16932	     1.16551	    0.014156
          32	     1.15861	     1.16529	   0.0137152
          33	     1.22448	     1.16709	   0.0134164
          34	     1.23042	     1.16895	   0.0131505
          35	     1.14011	     1.16812	   0.0128005
          36	     1.18606	     1.16862	   0.0124546
          37	     1.00191	     1.16412	   0.0129074
          38	      1.1189	     1.16293	   0.0126224
          39	     1.22224	     1.16445	     0.01239
          40	     1.09207	     1.16264	   0.0122117
          41	     1.14536	     1.16222	   0.0119211
          42	     1.23061	     1.16385	    0.011748
          43	     1.12796	     1.16301	   0.0115044
          44	     1.13461	     1.16237	    0.011261
          45	     1.19875	     1.16317	   0.0110397
          46	     1.17435	     1.16342	   0.0108024
          47	     1.18514	     1.16388	   0.0105825
          48	     1.17358	     1.16408	   0.0103639
          49	     1.13222	     1.16343	   0.0101728
          50	     1.18345	     1.16383	  0.00997721
          51	      1.2476	     1.16547	  0.00991585
          52	     1.13761	     1.16494	  0.00973962
          53	     1.01538	     1.16212	  0.00995627
          54	     1.05083	     1.16006	  0.00998292
          55	     1.14965	     1.15987	   0.0098032
          56	     1.15552	     1.15979	  0.00962845
          57	     1.28029	      1.1619	  0.00968885
          58	     1.14947	     1.16169	  0.00952418
          59	     1.21769	     1.16264	  0.00940993
          60	     1.23582	     1.16386	   0.0093318
          61	     1.17013	     1.16396	  0.00917939
          62	     1.17648	     1.16416	  0.00903355
          63	     1.02532	     1.16196	  0.00915504
          64	      1.1069	      1.1611	  0.00905232
          65	     1.14837	      1.1609	  0.00891517
          66	      1.2378	     1.16207	   0.0088559
          67	     1.21717	     1.16289	  0.00876183
          68	     1.15791	     1.16282	  0.00863329
          69	     1.27923	      1.1645	  0.00867146
          70	     1.14429	     1.16421	  0.00855238
          71	     1.25923	     1.16555	  0.00853599
          72	     1.16525	     1.16555	  0.00841743
          73	     1.29314	      1.1673	  0.00848164
          74	     1.11949	     1.16665	  0.00839159
          75	     1.09505	      1.1657	  0.00833384
          76	     1.12396	     1.16515	  0.00824225
          77	     1.22114	     1.16587	  0.00816723
          78	     1.11149	     1.16518	  0.00809223
          79	     1.29842	     1.16686	  0.00816368
          80	     1.12279	     1.16631	   0.0080802
          81	      1.2407	     1.16723	  0.00803246
          82	     1.21299	     1.16779	  0.00795386
          83	     1.22143	     1.16843	  0.00788425
          84	      1.2618	     1.16955	  0.00786834
          85	     1.15985	     1.16943	   0.0077766
          86	     1.14859	     1.16919	  0.00768995
          87	     1.17828	     1.16929	  0.00760227
          88	     1.22767	     1.16996	  0.00754477
          89	     1.08305	     1.16898	  0.00752293
          90	     1.10947	     1.16832	  0.00746834
          91	     1.28194	     1.16957	  0.00748992
          92	     1.12906	     1.16913	  0.00742144
          93	     1.18217	     1.16927	  0.00734296
          94	     1.23886	     1.17001	  0.00730208
          95	     1.20404	     1.17037	  0.00723399
          96	     1.09633	      1.1696	  0.00719963
          97	     1.14862	     1.16938	  0.00712865
          98	     1.16334	     1.16932	  0.00705618
          99	       1.288	     1.17052	  0.00708601
         100	     1.11985	     1.17001	  0.00703324
