#     BLOCK:   ACTUAL_X:     X_AVE:       ERROR:
           1	    0.940287	    0.940287	           0
           2	     1.14711	      1.0437	   0.0731214
           3	    0.936338	     1.00791	   0.0568339
           4	    0.824506	    0.962059	   0.0582551
           5	    0.939679	    0.957583	   0.0467757
           6	    0.908186	     0.94935	   0.0396977
           7	    0.961992	    0.951156	   0.0340677
           8	    0.996051	    0.956768	   0.0302679
           9	    0.945114	    0.955473	   0.0269325
          10	    0.828456	    0.942771	   0.0270692
          11	     1.00753	    0.948658	   0.0252404
          12	     1.04969	    0.957077	   0.0245009
          13	    0.842633	    0.948274	   0.0241461
          14	    0.886515	    0.943863	   0.0228208
          15	     1.06724	    0.952088	   0.0227334
          16	    0.963882	    0.952825	   0.0213245
          17	     1.03723	     0.95779	   0.0206401
          18	     1.09931	    0.965652	   0.0209373
          19	    0.970295	    0.965897	   0.0198368
          20	     1.05826	    0.970515	   0.0193751
          21	     1.13657	    0.978422	   0.0200011
          22	    0.910481	    0.975334	   0.0193289
          23	    0.902987	    0.972189	   0.0187427
          24	    0.995173	    0.973146	   0.0179862
          25	     1.00533	    0.974434	   0.0173128
          26	     1.04327	    0.977081	   0.0168482
          27	    0.911089	    0.974637	   0.0164005
          28	    0.971747	    0.974534	   0.0158151
          29	    0.962869	    0.974132	   0.0152749
          30	     1.04952	    0.976645	    0.014971
          31	    0.987409	    0.976992	   0.0144921
          32	    0.946937	    0.976053	   0.0140696
          33	      1.1013	    0.979848	   0.0141459
          34	    0.927224	      0.9783	   0.0138143
          35	    0.926684	    0.976826	   0.0134981
          36	    0.940219	    0.975809	   0.0131614
          37	    0.853671	    0.972508	   0.0132131
          38	    0.951224	    0.971948	   0.0128773
          39	     1.03359	    0.973528	   0.0126437
          40	     1.00014	    0.974193	   0.0123451
          41	     1.01647	    0.975224	    0.012087
          42	      0.9813	    0.975369	   0.0118001
          43	     1.04874	    0.977075	   0.0116484
          44	     1.09995	    0.979868	   0.0117136
          45	     1.00365	    0.980396	   0.0114652
          46	    0.946633	    0.979662	   0.0112394
          47	    0.894312	    0.977846	    0.011146
          48	      1.0427	    0.979198	   0.0109954
          49	     1.06579	    0.980965	   0.0109121
          50	     1.05921	     0.98253	   0.0108055
          51	     1.09414	    0.984718	    0.010813
          52	     1.17441	    0.988366	   0.0112035
          53	     0.87308	    0.986191	   0.0112013
          54	     1.08506	    0.988022	   0.0111425
          55	       1.051	    0.989167	   0.0109986
          56	    0.970869	     0.98884	    0.010807
          57	    0.919629	    0.987626	   0.0106854
          58	     1.01738	    0.988139	   0.0105135
          59	    0.944844	    0.987405	   0.0103609
          60	    0.962194	    0.986985	   0.0101967
          61	     1.00743	     0.98732	   0.0100351
          62	     1.10474	    0.989214	   0.0100504
          63	    0.860422	     0.98717	   0.0100966
          64	    0.998717	     0.98735	  0.00994045
          65	    0.860219	    0.985394	  0.00997808
          66	     1.05637	     0.98647	  0.00988468
          67	     1.03845	    0.987246	  0.00976754
          68	     1.01134	      0.9876	  0.00963033
          69	     1.06268	    0.988688	  0.00955204
          70	    0.987511	    0.988671	   0.0094156
          71	    0.868827	    0.986983	  0.00943307
          72	    0.957738	    0.986577	   0.0093108
          73	     1.08716	    0.987955	  0.00928463
          74	    0.989671	    0.987978	  0.00915919
          75	    0.874937	    0.986471	  0.00916024
          76	    0.923679	    0.985645	   0.0090769
          77	    0.907342	    0.984628	   0.0090158
          78	    0.926987	    0.983889	  0.00893045
          79	    0.985722	    0.983912	  0.00881743
          80	     1.05668	    0.984822	    0.008754
          81	     0.89816	    0.983752	  0.00871106
          82	     1.06488	    0.984741	  0.00866083
          83	     1.01742	    0.985135	  0.00856542
          84	    0.945148	    0.984659	  0.00847667
          85	    0.930329	    0.984019	  0.00840101
          86	     1.02366	     0.98448	  0.00831596
          87	    0.940928	     0.98398	  0.00823543
          88	    0.870785	    0.982694	  0.00824169
          89	     0.88216	    0.981564	  0.00822613
          90	     1.09472	    0.982821	  0.00823025
          91	     1.05536	    0.983618	  0.00817831
          92	    0.951527	    0.983269	  0.00809685
          93	     1.14663	    0.985026	  0.00819812
          94	     1.09539	      0.9862	  0.00819455
          95	    0.875105	    0.985031	  0.00819131
          96	     1.01985	    0.985393	  0.00811401
          97	     1.01475	    0.985696	    0.008036
          98	    0.987949	    0.985719	  0.00795404
          99	    0.984405	    0.985706	   0.0078737
         100	    0.929451	    0.985143	  0.00781504
