#   N_BLOCK:  ACCEPTANCE:
           1	     0.53037
           2	    0.528953
           3	    0.529026
           4	    0.529458
           5	    0.530105
           6	    0.529864
           7	    0.529693
           8	    0.529922
           9	    0.529655
          10	    0.529718
          11	     0.52974
          12	    0.529845
          13	    0.529876
          14	    0.529871
          15	    0.529783
          16	     0.52977
          17	    0.529734
          18	    0.529811
          19	    0.529872
          20	    0.529934
          21	    0.529876
          22	    0.529944
          23	    0.529951
          24	    0.529834
          25	    0.529764
          26	    0.529811
          27	    0.529839
          28	     0.52993
          29	    0.530002
          30	    0.529983
          31	    0.529954
          32	    0.529911
          33	    0.529886
          34	    0.529881
          35	    0.529922
          36	    0.529922
          37	    0.529856
          38	    0.529849
          39	    0.529839
          40	    0.529832
          41	    0.529831
          42	    0.529822
          43	    0.529786
          44	    0.529795
          45	    0.529828
          46	    0.529808
          47	    0.529829
          48	    0.529841
          49	    0.529855
          50	    0.529881
          51	    0.529934
          52	    0.529946
          53	    0.529973
          54	    0.530002
          55	    0.529984
          56	    0.529955
          57	    0.529903
          58	    0.529912
          59	    0.529926
          60	    0.529947
          61	    0.529942
          62	    0.529943
          63	    0.529933
          64	    0.529976
          65	    0.529972
          66	    0.529978
          67	    0.529959
          68	     0.52997
          69	    0.529942
          70	    0.529932
          71	     0.52991
          72	    0.529909
          73	    0.529889
          74	    0.529874
          75	    0.529873
          76	    0.529868
          77	    0.529871
          78	    0.529853
          79	    0.529864
          80	    0.529837
          81	    0.529811
          82	    0.529802
          83	    0.529794
          84	      0.5298
          85	    0.529788
          86	    0.529794
          87	    0.529784
          88	    0.529811
          89	    0.529794
          90	    0.529793
          91	    0.529791
          92	    0.529788
          93	    0.529791
          94	    0.529783
          95	    0.529784
          96	    0.529818
          97	    0.529823
          98	    0.529815
          99	    0.529843
         100	     0.52985
