#     BLOCK:   ACTUAL_CV:    CV_AVE:      ERROR:
           1	    0.208081	    0.208081	           0
           2	    0.202413	    0.205247	  0.00200418
           3	    0.211761	    0.207419	  0.00222006
           4	    0.203163	    0.206355	  0.00190291
           5	    0.208857	    0.206855	  0.00158678
           6	    0.206471	    0.206791	  0.00132361
           7	    0.201974	    0.206103	  0.00130116
           8	    0.198826	    0.205193	  0.00142132
           9	    0.202876	    0.204936	  0.00128651
          10	    0.203266	    0.204769	  0.00116864
          11	    0.203324	    0.204638	  0.00106975
          12	    0.198691	    0.204142	  0.00108936
          13	    0.205207	    0.204224	  0.00100863
          14	    0.201809	    0.204052	  0.00095122
          15	    0.205716	    0.204162	 0.000894251
          16	    0.209571	      0.2045	 0.000899985
          17	    0.202035	    0.204355	 0.000858648
          18	    0.205493	    0.204419	 0.000813269
          19	     0.20455	    0.204426	 0.000770495
          20	    0.202982	    0.204353	 0.000735342
          21	    0.202237	    0.204253	 0.000707199
          22	    0.199844	    0.204052	 0.000702875
          23	     0.20306	    0.204009	 0.000673637
          24	    0.205883	    0.204087	  0.00065008
          25	    0.199921	    0.203921	 0.000645081
          26	    0.206474	    0.204019	 0.000627702
          27	    0.200437	    0.203886	  0.00061831
          28	    0.201347	    0.203795	 0.000602843
          29	    0.203996	    0.203802	 0.000582095
          30	    0.198892	    0.203639	 0.000585254
          31	    0.209648	    0.203833	 0.000597617
          32	     0.20088	     0.20374	 0.000586019
          33	    0.205365	     0.20379	 0.000570325
          34	    0.202507	    0.203752	 0.000554798
          35	    0.196918	    0.203557	 0.000572272
          36	    0.207225	    0.203658	 0.000565376
          37	    0.200199	    0.203565	 0.000557773
          38	    0.201702	    0.203516	 0.000545244
          39	    0.205849	    0.203576	 0.000534535
          40	    0.207899	    0.203684	 0.000531984
          41	    0.205158	     0.20372	 0.000520222
          42	    0.201581	    0.203669	 0.000510322
          43	    0.209541	    0.203805	 0.000516402
          44	    0.199183	      0.2037	 0.000515241
          45	    0.197942	    0.203572	  0.00051944
          46	    0.201867	    0.203535	 0.000509468
          47	    0.203892	    0.203543	 0.000498685
          48	    0.204359	     0.20356	 0.000488586
          49	    0.201186	    0.203511	 0.000481011
          50	    0.205302	    0.203547	 0.000472723
          51	    0.206622	    0.203608	 0.000467282
          52	    0.203378	    0.203603	 0.000458317
          53	    0.205357	    0.203636	 0.000450862
          54	    0.198758	    0.203546	 0.000451472
          55	    0.201809	    0.203514	 0.000444366
          56	    0.194189	    0.203348	 0.000466591
          57	     0.20442	    0.203367	 0.000458785
          58	    0.207563	    0.203439	 0.000456543
          59	    0.208118	    0.203518	 0.000455643
          60	    0.206807	    0.203573	 0.000451333
          61	    0.201263	    0.203535	 0.000445519
          62	    0.207268	    0.203595	 0.000442383
          63	    0.207353	    0.203655	 0.000439364
          64	    0.199291	    0.203587	 0.000437758
          65	     0.19639	    0.203476	 0.000444804
          66	    0.204939	    0.203498	 0.000438616
          67	    0.202705	    0.203486	  0.00043223
          68	    0.200193	    0.203438	 0.000428578
          69	    0.208475	    0.203511	  0.00042854
          70	    0.210383	    0.203609	 0.000433518
          71	    0.206463	    0.203649	 0.000429271
          72	    0.199803	    0.203596	 0.000426619
          73	    0.200536	    0.203554	 0.000422829
          74	    0.203243	     0.20355	 0.000417136
          75	    0.201417	    0.203521	 0.000412542
          76	    0.199308	    0.203466	 0.000410823
          77	    0.202032	    0.203447	  0.00040591
          78	    0.201307	     0.20342	 0.000401632
          79	    0.204463	    0.203433	 0.000396765
          80	    0.207894	    0.203489	 0.000395705
          81	    0.198149	    0.203423	 0.000396272
          82	    0.202288	    0.203409	 0.000391682
          83	    0.201324	    0.203384	 0.000387767
          84	    0.199799	    0.203341	 0.000385492
          85	    0.195154	    0.203245	 0.000392807
          86	    0.209532	    0.203318	 0.000394985
          87	    0.201496	    0.203297	 0.000390999
          88	    0.201773	     0.20328	  0.00038694
          89	    0.202603	    0.203272	 0.000382667
          90	    0.198602	     0.20322	 0.000381916
          91	    0.209592	     0.20329	 0.000384084
          92	     0.20634	    0.203324	 0.000381337
          93	    0.203339	    0.203324	 0.000377236
          94	    0.204764	    0.203339	 0.000373534
          95	    0.201115	    0.203316	 0.000370335
          96	    0.200628	    0.203288	 0.000367534
          97	    0.203631	    0.203291	 0.000363762
          98	    0.201489	    0.203273	 0.000360515
          99	    0.201037	     0.20325	  0.00035758
         100	    0.198099	    0.203199	 0.000357695
