#     BLOCK:   ACTUAL_CV:    CV_AVE:      ERROR:
               1	        0.262354	        0.262354	               0
               2	        0.265974	        0.264164	      0.00127977
               3	        0.281204	        0.269844	      0.00471557
               4	        0.272128	        0.270415	      0.00357109
               5	         0.26948	        0.270228	      0.00286177
               6	         0.27215	        0.270548	      0.00240267
               7	         0.25186	        0.267879	      0.00321722
               8	        0.288773	         0.27049	       0.0037274
               9	        0.287329	        0.272361	      0.00375356
              10	           0.283	        0.273425	      0.00352575
              11	         0.26892	        0.273016	      0.00322893
              12	        0.302892	        0.275505	      0.00380038
              13	        0.258463	        0.274194	      0.00372731
              14	        0.267088	        0.273687	      0.00349547
              15	        0.251482	        0.272207	      0.00356214
              16	        0.267463	         0.27191	      0.00335182
              17	         0.31465	        0.274424	      0.00398757
              18	        0.242123	         0.27263	      0.00415024
              19	        0.257154	        0.271815	      0.00401093
              20	        0.292071	        0.272828	      0.00393618
              21	        0.271896	        0.272784	        0.003749
              22	        0.243911	        0.271471	      0.00380136
              23	         0.28972	        0.272265	      0.00371796
              24	        0.282674	        0.272698	      0.00358826
              25	        0.293124	        0.273515	      0.00353652
              26	        0.290366	        0.274163	      0.00345938
              27	        0.261072	        0.273679	      0.00336506
              28	        0.277654	        0.273821	      0.00324788
              29	        0.263404	        0.273461	      0.00315568
              30	        0.255927	        0.272877	      0.00310415
              31	        0.258623	        0.272417	      0.00303788
              32	        0.291146	        0.273002	       0.0029988
              33	        0.254351	        0.272437	       0.0029607
              34	        0.263199	        0.272165	      0.00288607
              35	         0.28735	        0.272599	      0.00283603
              36	        0.279997	        0.272805	      0.00276468
              37	        0.281627	        0.273043	      0.00270023
              38	        0.288257	        0.273444	      0.00265869
              39	        0.270288	        0.273363	      0.00259174
              40	         0.27472	        0.273397	      0.00252717
              41	        0.281705	        0.273599	      0.00247365
              42	        0.272032	        0.273562	      0.00241503
              43	        0.279711	        0.273705	       0.0023631
              44	        0.312755	        0.274592	      0.00247044
              45	        0.249604	        0.274037	      0.00247716
              46	         0.27709	        0.274104	       0.0024242
              47	        0.268087	        0.273976	        0.002376
              48	        0.291125	        0.274333	       0.0023532
              49	        0.273441	        0.274315	      0.00230525
              50	        0.255073	         0.27393	      0.00229104
              51	        0.288069	        0.274207	      0.00226283
              52	        0.274327	        0.274209	      0.00221931
              53	        0.275735	        0.274238	      0.00217763
              54	        0.278551	        0.274318	      0.00213877
              55	        0.270087	        0.274241	      0.00210126
              56	        0.282261	        0.274384	      0.00206861
              57	        0.274459	        0.274386	      0.00203232
              58	        0.259092	        0.274122	      0.00201431
              59	        0.241989	        0.273577	      0.00205248
              60	        0.285309	        0.273773	      0.00202756
              61	        0.264931	        0.273628	       0.0019995
              62	        0.247459	        0.273206	       0.0020113
              63	        0.281378	        0.273336	      0.00198356
              64	         0.27001	        0.273284	      0.00195325
              65	        0.278191	        0.273359	      0.00192465
              66	        0.260739	        0.273168	      0.00190497
              67	        0.279718	        0.273266	      0.00187904
              68	        0.237651	        0.272742	      0.00192302
              69	        0.269531	        0.272695	      0.00189571
              70	        0.285226	        0.272874	      0.00187706
              71	        0.265035	        0.272764	      0.00185387
              72	        0.253507	        0.272496	      0.00184731
              73	        0.312473	        0.273044	      0.00190145
              74	        0.268106	        0.272977	      0.00187692
              75	        0.284546	        0.273132	      0.00185822
              76	        0.266875	        0.273049	      0.00183559
              77	        0.255088	        0.272816	      0.00182652
              78	        0.277528	        0.272876	       0.0018041
              79	        0.263619	        0.272759	      0.00178506
              80	        0.272683	        0.272758	      0.00176275
              81	        0.260493	        0.272607	      0.00174748
              82	        0.264485	        0.272508	      0.00172897
              83	        0.252863	        0.272271	      0.00172427
              84	        0.261149	        0.272139	      0.00170882
              85	        0.278378	        0.272212	      0.00169029
              86	        0.279482	        0.272297	      0.00167275
              87	        0.269625	        0.272266	       0.0016538
              88	        0.258142	        0.272105	      0.00164278
              89	        0.280656	        0.272202	      0.00162713
              90	        0.274837	        0.272231	      0.00160931
              91	        0.275766	         0.27227	       0.0015921
              92	        0.256188	        0.272095	      0.00158436
              93	        0.280025	         0.27218	      0.00156961
              94	        0.270577	        0.272163	      0.00155301
              95	        0.278863	        0.272234	      0.00153826
              96	         0.28175	        0.272333	      0.00152543
              97	        0.272872	        0.272338	      0.00150971
              98	        0.252822	        0.272139	      0.00150738
              99	        0.274008	        0.272158	      0.00149228
             100	        0.281353	         0.27225	      0.00148018
             101	        0.269091	        0.272219	      0.00146586
             102	        0.278085	        0.272276	      0.00145262
             103	        0.278903	        0.272341	      0.00143994
             104	        0.265657	        0.272276	      0.00142752
             105	        0.275782	         0.27231	      0.00141432
             106	         0.28004	        0.272383	      0.00140286
             107	        0.277285	        0.272428	      0.00139049
             108	        0.268546	        0.272392	      0.00137808
             109	         0.25841	        0.272264	       0.0013714
             110	        0.250996	        0.272071	      0.00137249
             111	        0.273375	        0.272083	      0.00136018
             112	        0.277355	         0.27213	      0.00134885
             113	        0.261112	        0.272032	      0.00134043
             114	        0.263225	        0.271955	       0.0013309
             115	        0.279918	        0.272024	      0.00132112
             116	        0.236806	        0.271721	      0.00134417
             117	        0.266744	        0.271678	      0.00133335
             118	        0.262964	        0.271604	      0.00132409
             119	        0.280833	        0.271682	      0.00131524
             120	        0.272059	        0.271685	      0.00130428
             121	        0.249296	          0.2715	      0.00130656
             122	        0.270163	        0.271489	       0.0012959
             123	        0.268846	        0.271467	      0.00128554
             124	        0.269603	        0.271452	      0.00127526
             125	        0.265427	        0.271404	      0.00126597
             126	         0.24581	        0.271201	      0.00127211
             127	         0.27072	        0.271197	       0.0012621
             128	         0.27175	        0.271202	      0.00125225
             129	        0.287492	        0.271328	      0.00124889
             130	         0.27704	        0.271372	      0.00124006
             131	        0.262881	        0.271307	      0.00123229
             132	        0.282941	        0.271395	       0.0012261
             133	        0.237797	        0.271142	      0.00124263
             134	        0.278181	        0.271195	      0.00123447
             135	        0.264243	        0.271144	       0.0012264
             136	        0.260025	        0.271062	       0.0012201
             137	        0.262162	        0.270997	      0.00121292
             138	        0.271078	        0.270997	      0.00120413
             139	        0.263509	        0.270944	      0.00119668
             140	        0.307066	        0.271202	      0.00121563
             141	         0.29616	        0.271379	      0.00121982
             142	        0.252873	        0.271248	      0.00121818
             143	        0.273801	        0.271266	      0.00120979
             144	        0.255222	        0.271155	      0.00120651
             145	        0.258831	         0.27107	      0.00120117
             146	        0.242591	        0.270875	      0.00120868
             147	        0.259658	        0.270798	      0.00120287
             148	        0.304149	        0.271024	      0.00121566
             149	        0.274282	        0.271045	       0.0012077
             150	        0.286599	        0.271149	      0.00120409
             151	        0.282506	        0.271224	      0.00119846
             152	        0.279339	        0.271278	      0.00119177
             153	         0.28604	        0.271374	      0.00118788
             154	        0.268189	        0.271354	      0.00118034
             155	        0.288109	        0.271462	      0.00117767
             156	        0.275665	        0.271489	      0.00117043
             157	        0.273407	        0.271501	      0.00116304
             158	        0.242147	        0.271315	      0.00117042
             159	        0.274505	        0.271335	      0.00116323
             160	          0.2769	         0.27137	      0.00115648
             161	        0.279832	        0.271422	      0.00115049
             162	        0.249301	        0.271286	      0.00115146
             163	        0.268552	        0.271269	      0.00114452
             164	        0.288546	        0.271374	      0.00114238
             165	        0.278364	        0.271417	      0.00113624
             166	        0.260595	        0.271352	      0.00113127
             167	        0.258471	        0.271275	      0.00112712
             168	        0.257302	        0.271191	      0.00112347
             169	        0.273105	        0.271203	      0.00111688
             170	        0.263552	        0.271158	      0.00111122
             171	        0.272633	        0.271166	      0.00110476
             172	        0.279442	        0.271214	      0.00109938
             173	         0.28247	        0.271279	      0.00109495
             174	        0.263512	        0.271235	      0.00108956
             175	        0.251619	        0.271123	      0.00108909
             176	        0.273454	        0.271136	      0.00108298
             177	        0.251337	        0.271024	      0.00108262
             178	        0.277497	        0.271061	      0.00107715
             179	        0.266749	        0.271036	       0.0010714
             180	        0.284266	         0.27111	      0.00106797
             181	        0.305798	        0.271302	      0.00107913
             182	        0.268475	        0.271286	      0.00107331
             183	         0.27849	        0.271325	      0.00106817
             184	        0.265683	        0.271295	       0.0010628
             185	        0.274128	         0.27131	      0.00105717
             186	        0.248397	        0.271187	      0.00105864
             187	        0.270851	        0.271185	      0.00105298
             188	        0.282991	        0.271248	      0.00104925
             189	        0.258977	        0.271183	       0.0010457
             190	         0.25847	        0.271116	      0.00104234
             191	        0.271144	        0.271116	      0.00103688
             192	        0.262759	        0.271073	      0.00103239
             193	        0.266366	        0.271048	      0.00102733
             194	        0.248248	        0.270931	      0.00102874
             195	        0.262874	        0.270889	      0.00102429
             196	        0.300213	        0.271039	      0.00102993
             197	        0.270065	        0.271034	      0.00102472
             198	        0.272125	         0.27104	      0.00101956
             199	        0.277644	        0.271073	      0.00101497
             200	        0.287837	        0.271157	      0.00101335
