#     BLOCK:   ACTUAL_CV:    CV_AVE:      ERROR:
               1	        0.134005	        0.134005	               0
               2	        0.130124	        0.132065	      0.00137223
               3	        0.131632	         0.13192	     0.000922392
               4	        0.132008	        0.131942	     0.000692054
               5	        0.130005	        0.131555	      0.00065312
               6	        0.132006	         0.13163	     0.000548578
               7	        0.127858	        0.131091	     0.000685582
               8	        0.137176	        0.131852	     0.000930609
               9	         0.12765	        0.131385	     0.000937034
              10	        0.126863	        0.130933	     0.000946176
              11	        0.129372	        0.130791	     0.000870729
              12	        0.127609	        0.130526	     0.000837564
              13	        0.128663	        0.130382	       0.0007853
              14	        0.126784	        0.130125	     0.000770117
              15	        0.133942	         0.13038	     0.000759655
              16	         0.12773	        0.130214	     0.000730012
              17	        0.131381	        0.130283	     0.000690291
              18	        0.123463	        0.129904	     0.000748725
              19	         0.13886	        0.130375	     0.000844756
              20	        0.128397	        0.130277	     0.000808288
              21	        0.130257	        0.130276	     0.000769799
              22	        0.135444	        0.130511	     0.000769827
              23	         0.12609	        0.130318	     0.000759973
              24	        0.125914	        0.130135	     0.000750133
              25	        0.121067	        0.129772	     0.000803047
              26	        0.120181	        0.129403	     0.000852694
              27	        0.137755	        0.129713	     0.000875428
              28	        0.132202	        0.129801	     0.000848664
              29	        0.132887	        0.129908	     0.000826041
              30	        0.121797	        0.129637	     0.000841591
              31	        0.121652	         0.12938	     0.000852954
              32	        0.127729	        0.129328	     0.000827858
              33	        0.119389	        0.129027	     0.000855812
              34	        0.124431	        0.128892	     0.000841249
              35	        0.142326	        0.129276	     0.000900531
              36	         0.14187	        0.129626	     0.000941024
              37	        0.120944	        0.129391	     0.000944388
              38	         0.11582	        0.129034	      0.00098475
              39	        0.132567	        0.129124	     0.000963658
              40	        0.145827	        0.129542	      0.00102606
              41	        0.140598	        0.129812	      0.00103586
              42	        0.121472	        0.129613	      0.00103005
              43	        0.125928	        0.129527	      0.00100966
              44	        0.120799	        0.129329	      0.00100601
              45	        0.135186	        0.129459	     0.000992037
              46	        0.131885	        0.129512	     0.000971872
              47	        0.130944	        0.129542	     0.000951671
              48	        0.131462	        0.129582	     0.000932685
              49	        0.135266	        0.129698	     0.000920836
              50	        0.129543	        0.129695	     0.000902425
              51	        0.129319	        0.129688	      0.00088476
              52	        0.130694	        0.129707	     0.000867957
              53	        0.135959	        0.129825	     0.000859559
              54	        0.136863	        0.129956	     0.000853466
              55	        0.111876	        0.129627	     0.000899027
              56	         0.12745	        0.129588	     0.000883813
              57	        0.119844	        0.129417	     0.000884684
              58	        0.124888	        0.129339	      0.00087287
              59	        0.130367	        0.129356	      0.00085825
              60	        0.123734	        0.129263	     0.000849046
              61	        0.115496	        0.129037	     0.000864602
              62	        0.145005	        0.129295	     0.000888188
              63	        0.124786	        0.129223	     0.000876968
              64	        0.138972	        0.129375	     0.000876396
              65	        0.134053	        0.129447	     0.000865863
              66	        0.119307	        0.129294	     0.000866267
              67	        0.133678	        0.129359	     0.000855806
              68	        0.122197	        0.129254	     0.000849677
              69	         0.12792	        0.129234	     0.000837582
              70	        0.115457	        0.129038	     0.000848425
              71	        0.122799	         0.12895	     0.000841012
              72	        0.130362	        0.128969	      0.00082956
              73	        0.126777	        0.128939	      0.00081874
              74	        0.134927	         0.12902	     0.000811665
              75	        0.115706	        0.128843	     0.000820026
              76	        0.130768	        0.128868	     0.000809627
              77	        0.129081	        0.128871	     0.000799117
              78	        0.126456	         0.12884	     0.000789472
              79	        0.121716	         0.12875	     0.000784612
              80	        0.129774	        0.128762	     0.000774909
              81	        0.129993	        0.128778	     0.000765491
              82	        0.124451	        0.128725	     0.000757971
              83	        0.131831	        0.128762	     0.000749762
              84	         0.12954	        0.128772	     0.000740894
              85	        0.128632	         0.12877	     0.000732179
              86	        0.121716	        0.128688	     0.000728246
              87	        0.127016	        0.128669	     0.000720129
              88	        0.120911	        0.128581	     0.000717321
              89	        0.130745	        0.128605	     0.000709673
              90	        0.115288	        0.128457	     0.000717048
              91	        0.130116	        0.128475	       0.0007094
              92	        0.123986	        0.128426	     0.000703365
              93	        0.133543	        0.128481	     0.000697951
              94	        0.124535	        0.128439	     0.000691787
              95	        0.137469	        0.128534	     0.000691004
              96	        0.131577	        0.128566	     0.000684532
              97	        0.130614	        0.128587	     0.000677801
              98	        0.134493	        0.128647	     0.000673558
              99	         0.13117	        0.128673	     0.000667236
             100	        0.117658	        0.128563	     0.000669594
             101	        0.127079	        0.128548	     0.000663125
             102	        0.123061	        0.128494	     0.000658802
             103	         0.13087	        0.128517	      0.00065281
             104	        0.122898	        0.128463	     0.000648765
             105	        0.133702	        0.128513	     0.000644502
             106	        0.122603	        0.128457	     0.000640829
             107	        0.120126	         0.12838	     0.000639553
             108	        0.131298	        0.128407	     0.000634202
             109	        0.115708	         0.12829	     0.000638995
             110	         0.12742	        0.128282	     0.000633235
             111	        0.135187	        0.128344	     0.000630578
             112	        0.131979	        0.128377	     0.000625782
             113	        0.132602	        0.128414	     0.000621361
             114	        0.126327	        0.128396	      0.00061618
             115	        0.131789	        0.128425	     0.000611528
             116	        0.128929	         0.12843	     0.000606271
             117	        0.132493	        0.128465	     0.000602083
             118	        0.128153	        0.128462	     0.000596987
             119	        0.118981	        0.128382	     0.000597263
             120	        0.126801	        0.128369	     0.000592431
             121	         0.12371	        0.128331	     0.000588784
             122	        0.123561	        0.128291	     0.000585255
             123	        0.123955	        0.128256	     0.000581557
             124	        0.119795	        0.128188	     0.000580857
             125	        0.131251	        0.128212	     0.000576726
             126	        0.126701	          0.1282	     0.000572274
             127	        0.133137	        0.128239	     0.000569086
             128	        0.122934	        0.128198	     0.000566148
             129	        0.134033	        0.128243	     0.000563563
             130	        0.137698	        0.128316	     0.000563902
             131	        0.124121	        0.128284	     0.000560506
             132	        0.120053	        0.128221	     0.000559717
             133	        0.123361	        0.128185	       0.0005567
             134	        0.133949	        0.128228	     0.000554205
             135	        0.132811	        0.128262	     0.000551139
             136	        0.114792	        0.128163	     0.000555915
             137	        0.132947	        0.128198	     0.000552953
             138	        0.118284	        0.128126	     0.000553592
             139	        0.129841	        0.128138	     0.000549747
             140	         0.11838	        0.128069	     0.000550221
             141	         0.12547	         0.12805	     0.000546627
             142	        0.127519	        0.128046	      0.00054279
             143	        0.131174	        0.128068	     0.000539435
             144	        0.131756	        0.128094	     0.000536296
             145	         0.12579	        0.128078	     0.000532833
             146	        0.129166	        0.128085	     0.000529236
             147	        0.129212	        0.128093	     0.000525691
             148	        0.138036	         0.12816	     0.000526414
             149	        0.133742	        0.128198	     0.000524213
             150	        0.130321	        0.128212	     0.000520909
             151	          0.1356	        0.128261	     0.000519752
             152	        0.125783	        0.128245	     0.000516588
             153	        0.130998	        0.128263	     0.000513525
             154	        0.122675	        0.128226	      0.00051147
             155	        0.124998	        0.128205	     0.000508595
             156	        0.125586	        0.128189	     0.000505611
             157	        0.129326	        0.128196	     0.000502443
             158	        0.133528	         0.12823	     0.000500395
             159	        0.128966	        0.128234	     0.000497269
             160	        0.116288	         0.12816	     0.000499735
             161	        0.122598	        0.128125	     0.000497824
             162	        0.125742	         0.12811	     0.000494968
             163	         0.12068	        0.128065	     0.000494026
             164	        0.132083	        0.128089	     0.000491621
             165	         0.12968	        0.128099	     0.000488736
             166	        0.132559	        0.128126	     0.000486529
             167	         0.13206	        0.128149	     0.000484186
             168	        0.119159	        0.128096	     0.000484252
             169	        0.136415	        0.128145	     0.000483883
             170	        0.121315	        0.128105	     0.000482701
             171	        0.129416	        0.128112	     0.000479939
             172	        0.132012	        0.128135	     0.000477684
             173	        0.130365	        0.128148	     0.000475097
             174	        0.117724	        0.128088	     0.000476129
             175	        0.122339	        0.128055	      0.00047454
             176	        0.124283	        0.128034	     0.000472327
             177	         0.13111	        0.128051	     0.000469978
             178	        0.134685	        0.128089	     0.000468813
             179	        0.133727	         0.12812	     0.000467251
             180	        0.127938	        0.128119	     0.000464657
             181	        0.147293	        0.128225	     0.000474011
             182	         0.12041	        0.128182	     0.000473348
             183	        0.134578	        0.128217	      0.00047205
             184	        0.129157	        0.128222	     0.000469512
             185	        0.126014	         0.12821	     0.000467126
             186	        0.136695	        0.128256	     0.000466836
             187	        0.135651	        0.128295	     0.000466012
             188	        0.123917	        0.128272	     0.000464115
             189	        0.129608	        0.128279	     0.000461713
             190	        0.134116	         0.12831	     0.000460303
             191	        0.141135	        0.128377	     0.000462765
             192	        0.117268	        0.128319	     0.000463958
             193	        0.134771	        0.128352	     0.000462757
             194	        0.126702	        0.128344	      0.00046045
             195	        0.134506	        0.128376	     0.000459172
             196	         0.12395	        0.128353	     0.000457384
             197	        0.125886	         0.12834	     0.000455234
             198	        0.133011	        0.128364	     0.000453545
             199	        0.125598	         0.12835	     0.000451479
             200	        0.125544	        0.128336	      0.00044944
