#     BLOCK:   ACTUAL_CV:    CV_AVE:      ERROR:
               1	        0.216727	        0.216727	               0
               2	        0.215235	        0.215981	     0.000527261
               3	        0.213174	        0.215045	     0.000840945
               4	        0.212639	        0.214444	     0.000818089
               5	        0.213867	        0.214328	     0.000662536
               6	        0.205194	        0.212806	      0.00149545
               7	        0.203921	        0.211537	      0.00173895
               8	        0.206573	        0.210916	       0.0016285
               9	        0.205395	        0.210303	      0.00155885
              10	        0.206802	        0.209953	      0.00144173
              11	        0.206916	        0.209677	      0.00133684
              12	        0.216359	        0.210233	      0.00133638
              13	        0.213223	        0.210463	      0.00125322
              14	         0.20295	        0.209927	      0.00127345
              15	        0.209606	        0.209905	      0.00118873
              16	         0.21627	        0.210303	      0.00117912
              17	        0.212188	        0.210414	      0.00111496
              18	        0.211061	         0.21045	       0.0010536
              19	        0.212722	         0.21057	      0.00100491
              20	        0.210626	        0.210572	     0.000954669
              21	        0.209272	         0.21051	     0.000911215
              22	        0.204029	        0.210216	     0.000916184
              23	        0.212563	        0.210318	     0.000882016
              24	        0.208037	        0.210223	     0.000850368
              25	        0.207043	        0.210096	     0.000825808
              26	        0.208559	        0.210037	     0.000796159
              27	        0.207994	        0.209961	     0.000770259
              28	         0.20676	        0.209847	     0.000751186
              29	        0.207661	        0.209771	     0.000729054
              30	        0.214484	        0.209928	     0.000721478
              31	        0.208535	        0.209883	     0.000699603
              32	        0.209462	         0.20987	     0.000677864
              33	        0.209758	        0.209867	     0.000657332
              34	        0.211533	        0.209916	     0.000639824
              35	        0.211232	        0.209953	     0.000622647
              36	        0.211643	            0.21	     0.000607119
              37	        0.213209	        0.210087	     0.000596872
              38	        0.209253	        0.210065	     0.000581568
              39	        0.207055	        0.209988	     0.000571756
              40	        0.204435	        0.209849	     0.000574071
              41	        0.209375	        0.209838	     0.000560186
              42	        0.211561	        0.209879	     0.000548349
              43	         0.20722	        0.209817	     0.000539071
              44	        0.214733	        0.209928	     0.000538272
              45	         0.20722	        0.209868	     0.000529665
              46	        0.210877	         0.20989	     0.000518604
              47	        0.204534	        0.209776	     0.000519939
              48	        0.209207	        0.209764	     0.000509243
              49	        0.206809	        0.209704	     0.000502409
              50	        0.207604	        0.209662	     0.000494113
              51	        0.206347	        0.209597	     0.000488681
              52	        0.207806	        0.209563	     0.000480496
              53	         0.21047	         0.20958	     0.000471735
              54	        0.210374	        0.209594	     0.000463228
              55	        0.204392	          0.2095	     0.000464364
              56	        0.208619	        0.209484	     0.000456338
              57	        0.208141	        0.209461	      0.00044894
              58	        0.209762	        0.209466	      0.00044123
              59	        0.205213	        0.209394	     0.000439599
              60	        0.210302	        0.209409	     0.000432533
              61	        0.208479	        0.209394	     0.000425711
              62	        0.208573	         0.20938	      0.00041905
              63	        0.209642	        0.209384	     0.000412419
              64	        0.204477	        0.209308	     0.000413043
              65	        0.207223	        0.209276	     0.000407932
              66	        0.206673	        0.209236	     0.000403653
              67	         0.20807	        0.209219	     0.000398004
              68	        0.205908	         0.20917	     0.000395117
              69	        0.206493	        0.209131	     0.000391291
              70	        0.208831	        0.209127	     0.000385725
              71	         0.20423	        0.209058	     0.000386408
              72	        0.209807	        0.209069	     0.000381181
              73	        0.202839	        0.208983	     0.000385393
              74	        0.208884	        0.208982	     0.000380187
              75	        0.206695	        0.208951	     0.000376338
              76	        0.201713	        0.208856	     0.000383248
              77	        0.210982	        0.208884	     0.000379263
              78	        0.211406	        0.208916	     0.000375777
              79	        0.208544	        0.208911	      0.00037105
              80	        0.209659	        0.208921	      0.00036653
              81	        0.208744	        0.208919	     0.000362011
              82	        0.215253	        0.208996	     0.000365746
              83	        0.209531	        0.209002	     0.000361396
              84	        0.215007	        0.209074	     0.000364096
              85	        0.210583	        0.209091	     0.000360245
              86	        0.210837	        0.209112	     0.000356628
              87	        0.209407	        0.209115	     0.000352545
              88	        0.202788	        0.209043	     0.000355795
              89	         0.21106	        0.209066	     0.000352518
              90	        0.204701	        0.209017	     0.000351922
              91	        0.208212	        0.209009	     0.000348167
              92	        0.208392	        0.209002	     0.000344447
              93	        0.201661	        0.208923	      0.00034967
              94	         0.21154	        0.208951	     0.000347057
              95	        0.207524	        0.208936	     0.000343728
              96	        0.209215	        0.208939	      0.00034016
              97	        0.209471	        0.208944	     0.000336697
              98	        0.211851	        0.208974	     0.000334566
              99	        0.209968	        0.208984	     0.000331337
             100	        0.209701	        0.208991	     0.000328101
             101	        0.208831	        0.208989	     0.000324857
             102	        0.206347	        0.208964	     0.000322703
             103	        0.209872	        0.208972	     0.000319691
             104	        0.211129	        0.208993	     0.000317288
             105	        0.211153	        0.209014	     0.000314933
             106	        0.207308	        0.208998	     0.000312372
             107	        0.213834	        0.209043	     0.000312706
             108	        0.212621	        0.209076	      0.00031156
             109	        0.216296	        0.209142	     0.000315665
             110	        0.203941	        0.209095	     0.000316317
             111	        0.209529	        0.209099	     0.000313492
             112	        0.207843	        0.209088	     0.000310893
             113	        0.199592	        0.209004	     0.000319297
             114	        0.209432	        0.209007	     0.000316518
             115	        0.212855	        0.209041	     0.000315529
             116	        0.206871	        0.209022	     0.000313363
             117	        0.211161	         0.20904	     0.000311217
             118	        0.208151	        0.209033	     0.000308671
             119	        0.201958	        0.208973	     0.000311751
             120	        0.207044	        0.208957	     0.000309567
             121	        0.203769	        0.208914	     0.000309964
             122	        0.211752	        0.208938	     0.000308295
             123	        0.206545	        0.208918	     0.000306402
             124	        0.204371	        0.208882	     0.000306117
             125	        0.204931	         0.20885	     0.000305295
             126	        0.211386	         0.20887	     0.000303535
             127	        0.215989	        0.208926	     0.000306278
             128	        0.209597	        0.208931	      0.00030393
             129	        0.208751	         0.20893	     0.000301577
             130	        0.211149	        0.208947	      0.00029974
             131	        0.208964	        0.208947	     0.000297452
             132	        0.206662	         0.20893	     0.000295701
             133	        0.211586	         0.20895	     0.000294152
             134	        0.203798	        0.208911	     0.000294459
             135	        0.211131	        0.208928	     0.000292737
             136	        0.210086	        0.208936	     0.000290708
             137	        0.209556	        0.208941	     0.000288621
             138	        0.209808	        0.208947	     0.000286598
             139	        0.210113	        0.208956	     0.000284659
             140	        0.206544	        0.208938	     0.000283146
             141	        0.213019	        0.208967	     0.000282613
             142	        0.211076	        0.208982	     0.000281013
             143	        0.207866	        0.208974	     0.000279156
             144	        0.210974	        0.208988	     0.000277563
             145	        0.207357	        0.208977	     0.000275877
             146	        0.209897	        0.208983	     0.000274059
             147	        0.205393	        0.208959	     0.000273281
             148	        0.208762	        0.208957	     0.000271437
             149	        0.208861	        0.208957	     0.000269616
             150	        0.206445	         0.20894	     0.000268338
             151	        0.208022	        0.208934	      0.00026663
             152	        0.211059	        0.208948	     0.000265242
             153	        0.209558	        0.208952	     0.000263539
             154	        0.204877	        0.208925	     0.000263152
             155	        0.200989	        0.208874	     0.000266389
             156	        0.206886	        0.208862	     0.000264986
             157	        0.212374	        0.208884	     0.000264241
             158	        0.200816	        0.208833	     0.000267457
             159	        0.210438	        0.208843	     0.000265966
             160	        0.207606	        0.208835	     0.000264416
             161	        0.205002	        0.208811	     0.000263843
             162	        0.208507	         0.20881	     0.000262221
             163	        0.206172	        0.208793	     0.000261111
             164	        0.208119	        0.208789	     0.000259551
             165	        0.210023	        0.208797	     0.000258086
             166	        0.205364	        0.208776	     0.000257358
             167	        0.207255	        0.208767	     0.000255978
             168	        0.206384	        0.208753	     0.000254847
             169	        0.207692	        0.208746	     0.000253417
             170	        0.206765	        0.208735	     0.000252194
             171	        0.207811	        0.208729	     0.000250777
             172	        0.207895	        0.208725	     0.000249366
             173	        0.206449	        0.208711	     0.000248271
             174	        0.210298	        0.208721	     0.000247012
             175	        0.206024	        0.208705	     0.000246081
             176	        0.208475	        0.208704	     0.000244686
             177	        0.205553	        0.208686	      0.00024395
             178	        0.211423	        0.208701	     0.000243063
             179	        0.206905	        0.208691	     0.000241913
             180	        0.209866	        0.208698	     0.000240657
             181	         0.20808	        0.208694	     0.000239351
             182	        0.215239	         0.20873	     0.000240722
             183	        0.203906	        0.208704	     0.000240846
             184	        0.213414	         0.20873	     0.000240893
             185	        0.209963	        0.208736	     0.000239683
             186	        0.207997	        0.208732	     0.000238428
             187	        0.211787	        0.208749	     0.000237711
             188	        0.209409	        0.208752	     0.000236473
             189	        0.212239	        0.208771	     0.000235941
             190	        0.211684	        0.208786	     0.000235196
             191	        0.214919	        0.208818	     0.000236147
             192	        0.208261	        0.208815	     0.000234935
             193	        0.212812	        0.208836	     0.000234628
             194	        0.208569	        0.208835	     0.000233423
             195	        0.205301	        0.208816	     0.000232928
             196	        0.210501	        0.208825	     0.000231898
             197	        0.204857	        0.208805	     0.000231594
             198	         0.21051	        0.208813	     0.000230585
             199	        0.208895	        0.208814	     0.000229426
             200	        0.211006	        0.208825	     0.000228541
             201	        0.216866	        0.208865	     0.000230879
             202	        0.205114	        0.208846	     0.000230482
             203	        0.205419	        0.208829	     0.000229964
             204	        0.209581	        0.208833	     0.000228866
             205	        0.204845	        0.208814	     0.000228575
             206	        0.206232	        0.208801	     0.000227808
             207	        0.212969	        0.208821	     0.000227596
             208	        0.207486	        0.208815	     0.000226592
             209	        0.207666	        0.208809	     0.000225575
             210	        0.206439	        0.208798	     0.000224783
             211	        0.206914	        0.208789	     0.000223895
             212	        0.208017	        0.208785	     0.000222868
             213	        0.202629	        0.208757	     0.000223688
             214	        0.205862	        0.208743	     0.000223051
             215	         0.20667	        0.208733	     0.000222222
             216	        0.209158	        0.208735	     0.000221202
             217	         0.20886	        0.208736	     0.000220183
             218	        0.206232	        0.208724	     0.000219473
             219	        0.207602	        0.208719	      0.00021853
             220	         0.20187	        0.208688	     0.000219744
             221	        0.206467	        0.208678	     0.000218979
             222	         0.20901	         0.20868	     0.000217998
             223	        0.203761	        0.208658	     0.000218133
             224	        0.209125	         0.20866	      0.00021717
             225	        0.208765	         0.20866	     0.000216205
             226	        0.207436	        0.208655	     0.000215316
             227	        0.204773	        0.208638	     0.000215046
             228	         0.21045	        0.208646	     0.000214249
             229	         0.21317	        0.208665	     0.000214223
             230	        0.210197	        0.208672	     0.000213395
             231	        0.201973	        0.208643	     0.000214433
             232	        0.204812	        0.208626	     0.000214143
             233	         0.20344	        0.208604	     0.000214378
             234	        0.212317	         0.20862	     0.000214048
             235	        0.205499	        0.208607	     0.000213549
             236	        0.216265	        0.208639	     0.000215096
             237	        0.205468	        0.208626	     0.000214604
             238	        0.203908	        0.208606	     0.000214616
             239	         0.20954	         0.20861	     0.000213753
             240	        0.209391	        0.208613	     0.000212887
             241	        0.209596	        0.208617	     0.000212043
             242	         0.20605	        0.208607	     0.000211432
             243	        0.214366	         0.20863	     0.000211886
             244	        0.208377	        0.208629	      0.00021102
             245	        0.208719	         0.20863	     0.000210159
             246	        0.211367	        0.208641	     0.000209599
             247	        0.207525	        0.208636	     0.000208799
             248	        0.211724	        0.208649	     0.000208328
             249	        0.211293	        0.208659	     0.000207762
             250	        0.209024	        0.208661	     0.000206936
             251	        0.216762	        0.208693	     0.000208613
             252	        0.209007	        0.208694	     0.000207789
             253	        0.212164	        0.208708	      0.00020742
             254	        0.208148	        0.208706	     0.000206615
             255	        0.210698	        0.208714	     0.000205953
             256	        0.203343	        0.208693	     0.000206214
             257	        0.209354	        0.208695	     0.000205427
             258	         0.21027	        0.208701	     0.000204722
             259	        0.207071	        0.208695	     0.000204028
             260	        0.209692	        0.208699	     0.000203279
             261	        0.211264	        0.208709	     0.000202738
             262	        0.211465	        0.208719	     0.000202237
             263	        0.208467	        0.208718	      0.00020147
             264	        0.210385	        0.208725	     0.000200806
             265	        0.211684	        0.208736	     0.000200359
             266	        0.208065	        0.208733	     0.000199621
             267	        0.208402	        0.208732	     0.000198877
             268	        0.205574	         0.20872	     0.000198484
             269	        0.207045	        0.208714	     0.000197844
             270	        0.213794	        0.208733	     0.000198004
             271	        0.209612	        0.208736	       0.0001973
             272	        0.206542	        0.208728	     0.000196739
             273	         0.21437	        0.208749	     0.000197101
             274	        0.204246	        0.208732	     0.000197066
             275	        0.211353	        0.208742	     0.000196579
             276	        0.209828	        0.208746	     0.000195907
             277	        0.206584	        0.208738	     0.000195355
             278	         0.20955	        0.208741	     0.000194674
             279	        0.211471	        0.208751	     0.000194222
             280	        0.208538	         0.20875	      0.00019353
             281	        0.204292	        0.208734	      0.00019349
             282	        0.216648	        0.208762	     0.000194829
             283	        0.214698	        0.208783	     0.000195266
             284	        0.203869	        0.208766	     0.000195344
             285	        0.207719	        0.208762	     0.000194693
             286	        0.204706	        0.208748	     0.000194528
             287	        0.208542	        0.208747	     0.000193852
             288	        0.210069	        0.208752	     0.000193233
             289	        0.207706	        0.208748	     0.000192598
             290	        0.213744	        0.208765	     0.000192703
             291	        0.209892	        0.208769	      0.00019208
             292	        0.211114	        0.208777	      0.00019159
             293	        0.206804	        0.208771	     0.000191054
             294	        0.209929	        0.208774	     0.000190445
             295	        0.211902	        0.208785	     0.000190094
             296	        0.209889	        0.208789	     0.000189488
             297	        0.207651	        0.208785	     0.000188889
             298	        0.205535	        0.208774	      0.00018857
             299	        0.206836	        0.208768	     0.000188051
             300	         0.21063	        0.208774	     0.000187526
             301	        0.208385	        0.208772	     0.000186908
             302	        0.210995	         0.20878	     0.000186433
             303	        0.212959	        0.208794	     0.000186328
             304	        0.211918	        0.208804	     0.000185998
             305	        0.212055	        0.208815	     0.000185693
             306	        0.207834	        0.208811	     0.000185114
             307	        0.206799	        0.208805	     0.000184627
             308	        0.208519	        0.208804	      0.00018403
             309	        0.213642	         0.20882	     0.000184099
             310	        0.214596	        0.208838	     0.000184446
             311	        0.204513	        0.208824	     0.000184376
             312	        0.212568	        0.208836	     0.000184176
             313	         0.21617	         0.20886	     0.000185071
             314	        0.203235	        0.208842	     0.000185347
             315	        0.213437	        0.208856	     0.000185332
             316	        0.209282	        0.208858	      0.00018475
             317	        0.211479	        0.208866	     0.000184352
             318	         0.20536	        0.208855	     0.000184102
             319	        0.204849	        0.208842	     0.000183953
             320	        0.206186	        0.208834	     0.000183565
             321	        0.209213	        0.208835	     0.000182997
             322	        0.209651	        0.208838	     0.000182446
             323	        0.206233	         0.20883	     0.000182059
             324	        0.206214	        0.208822	     0.000181676
             325	        0.208058	        0.208819	     0.000181132
             326	        0.208888	         0.20882	     0.000180577
             327	        0.204447	        0.208806	     0.000180519
             328	        0.210756	        0.208812	     0.000180067
             329	        0.210468	        0.208817	      0.00017959
             330	        0.204825	        0.208805	     0.000179452
             331	        0.199999	        0.208778	     0.000180872
             332	        0.202821	        0.208761	     0.000181215
             333	        0.210441	        0.208766	     0.000180741
             334	        0.203503	         0.20875	     0.000180885
             335	        0.209105	        0.208751	     0.000180348
             336	        0.208866	        0.208751	     0.000179812
             337	        0.212699	        0.208763	      0.00017966
             338	         0.20549	        0.208753	     0.000179389
             339	        0.206029	        0.208745	     0.000179039
             340	         0.21281	        0.208757	     0.000178912
             341	        0.204184	        0.208744	     0.000178889
             342	        0.213187	        0.208757	     0.000178837
             343	        0.201633	        0.208736	     0.000179517
             344	        0.206488	        0.208729	     0.000179115
             345	        0.207059	        0.208725	     0.000178661
             346	        0.204852	        0.208713	     0.000178495
             347	        0.206461	        0.208707	     0.000178098
             348	        0.208229	        0.208706	     0.000177592
             349	        0.209078	        0.208707	     0.000177086
             350	        0.207396	        0.208703	      0.00017662
             351	        0.210439	        0.208708	     0.000176186
             352	        0.213893	        0.208723	       0.0001763
             353	        0.212412	        0.208733	      0.00017611
             354	        0.213301	        0.208746	     0.000176085
             355	        0.205534	        0.208737	     0.000175821
             356	        0.215309	        0.208755	     0.000176294
             357	        0.205336	        0.208746	      0.00017606
             358	        0.206003	        0.208738	     0.000175735
             359	        0.210918	        0.208744	      0.00017535
             360	        0.213434	        0.208757	     0.000175346
             361	        0.202906	        0.208741	     0.000175608
             362	        0.203626	        0.208727	     0.000175691
             363	        0.208644	        0.208727	     0.000175207
             364	        0.214111	        0.208741	     0.000175349
             365	        0.208953	        0.208742	     0.000174869
             366	        0.204773	        0.208731	     0.000174727
             367	        0.212901	        0.208742	      0.00017462
             368	        0.207347	        0.208739	     0.000174187
             369	        0.208393	        0.208738	     0.000173717
             370	        0.210785	        0.208743	     0.000173336
             371	        0.203427	        0.208729	      0.00017346
             372	        0.203056	        0.208714	     0.000173663
             373	        0.206879	        0.208709	     0.000173267
             374	         0.20542	          0.2087	     0.000173027
             375	        0.206489	        0.208694	     0.000172666
             376	        0.211416	        0.208701	     0.000172358
             377	         0.21203	         0.20871	     0.000172127
             378	        0.216518	        0.208731	     0.000172907
             379	        0.213187	        0.208743	      0.00017285
             380	        0.207411	        0.208739	      0.00017243
             381	        0.208063	        0.208737	     0.000171987
             382	        0.208675	        0.208737	     0.000171537
             383	        0.209694	         0.20874	     0.000171107
             384	        0.205529	        0.208731	     0.000170866
             385	        0.212114	         0.20874	     0.000170647
             386	        0.208299	        0.208739	     0.000170209
             387	        0.209573	        0.208741	     0.000169783
             388	        0.201957	        0.208724	     0.000170243
             389	        0.207392	         0.20872	      0.00016984
             390	        0.209232	        0.208721	      0.00016941
             391	        0.212322	        0.208731	     0.000169226
             392	        0.209156	        0.208732	     0.000168798
             393	        0.207982	         0.20873	     0.000168379
             394	        0.210937	        0.208735	     0.000168045
             395	         0.21205	        0.208744	     0.000167829
             396	         0.21008	        0.208747	     0.000167439
             397	        0.210399	        0.208751	     0.000167069
             398	        0.207278	        0.208748	      0.00016669
             399	        0.209964	        0.208751	       0.0001663
             400	        0.210276	        0.208755	     0.000165928
             401	        0.208357	        0.208754	     0.000165518
             402	        0.208605	        0.208753	     0.000165106
             403	        0.208589	        0.208753	     0.000164697
             404	        0.209795	        0.208755	      0.00016431
             405	         0.21734	        0.208777	     0.000165266
             406	        0.210557	        0.208781	     0.000164917
             407	        0.209538	        0.208783	     0.000164522
             408	        0.206029	        0.208776	     0.000164257
             409	        0.210014	        0.208779	     0.000163883
             410	        0.206194	        0.208773	     0.000163605
             411	        0.207811	         0.20877	     0.000163223
             412	        0.212202	        0.208779	      0.00016304
             413	        0.205004	         0.20877	     0.000162901
             414	        0.208625	        0.208769	     0.000162508
             415	        0.206605	        0.208764	       0.0001622
             416	        0.209895	        0.208767	     0.000161833
             417	        0.206538	        0.208761	     0.000161533
             418	        0.213501	        0.208773	     0.000161544
             419	        0.216218	        0.208791	     0.000162133
             420	        0.209279	        0.208792	     0.000161751
             421	        0.204208	        0.208781	     0.000161733
             422	        0.206853	        0.208776	     0.000161414
             423	        0.215088	        0.208791	     0.000161721
             424	        0.210229	        0.208795	     0.000161375
             425	        0.216977	        0.208814	      0.00016214
             426	        0.213254	        0.208824	     0.000162094
             427	        0.206406	        0.208819	     0.000161813
             428	         0.20622	        0.208812	     0.000161549
             429	        0.206202	        0.208806	     0.000161287
             430	        0.212433	        0.208815	     0.000161132
             431	        0.211649	        0.208821	     0.000160892
             432	        0.209928	        0.208824	      0.00016054
             433	        0.212486	        0.208832	     0.000160392
             434	        0.208817	        0.208832	     0.000160022
             435	        0.208564	        0.208832	     0.000159656
             436	        0.213293	        0.208842	     0.000159617
             437	        0.205795	        0.208835	     0.000159404
             438	        0.214028	        0.208847	      0.00015948
             439	         0.21213	        0.208854	     0.000159292
             440	        0.210157	        0.208857	     0.000158958
             441	        0.202259	        0.208842	       0.0001593
             442	        0.211904	        0.208849	      0.00015909
             443	        0.216382	        0.208866	     0.000159637
             444	        0.208208	        0.208865	     0.000159285
             445	        0.204872	        0.208856	     0.000159179
             446	        0.209154	        0.208857	     0.000158824
             447	        0.211926	        0.208863	     0.000158617
             448	        0.208867	        0.208863	     0.000158263
             449	        0.209679	        0.208865	     0.000157921
             450	         0.20562	        0.208858	     0.000157734
             451	        0.210053	        0.208861	     0.000157407
             452	        0.209423	        0.208862	     0.000157064
             453	         0.20773	        0.208859	     0.000156737
             454	        0.212919	        0.208868	     0.000156646
             455	        0.207246	        0.208865	     0.000156343
             456	        0.211528	        0.208871	     0.000156109
             457	         0.21041	        0.208874	     0.000155804
             458	        0.208474	        0.208873	     0.000155466
             459	        0.211545	        0.208879	     0.000155236
             460	        0.207025	        0.208875	     0.000154951
             461	         0.21049	        0.208878	     0.000154654
             462	        0.204856	         0.20887	     0.000154565
             463	        0.214056	        0.208881	     0.000154636
             464	        0.208785	        0.208881	     0.000154303
             465	        0.210222	        0.208884	     0.000153998
             466	        0.209026	        0.208884	     0.000153668
             467	        0.212213	        0.208891	     0.000153504
             468	        0.208958	        0.208891	     0.000153176
             469	        0.212192	        0.208898	     0.000153011
             470	        0.205154	         0.20889	     0.000152893
             471	        0.209548	        0.208892	     0.000152575
             472	        0.211566	        0.208897	     0.000152357
             473	        0.207234	        0.208894	     0.000152075
             474	        0.210575	        0.208897	     0.000151796
             475	        0.215232	        0.208911	     0.000152061
             476	        0.204639	        0.208902	     0.000152006
             477	        0.209065	        0.208902	     0.000151688
             478	        0.206252	        0.208896	     0.000151471
             479	        0.212836	        0.208905	     0.000151378
             480	        0.203398	        0.208893	     0.000151497
             481	        0.204878	        0.208885	     0.000151412
             482	        0.207653	        0.208882	      0.00015112
             483	         0.20984	        0.208884	      0.00015082
             484	        0.201816	         0.20887	     0.000151213
             485	        0.204475	        0.208861	     0.000151173
             486	        0.203419	        0.208849	     0.000151276
             487	        0.206909	        0.208845	     0.000151018
             488	        0.213589	        0.208855	     0.000151021
             489	         0.20614	         0.20885	     0.000150814
             490	        0.213481	        0.208859	     0.000150802
             491	        0.215281	        0.208872	     0.000151061
             492	        0.201352	        0.208857	     0.000151525
             493	        0.210306	         0.20886	     0.000151246
             494	        0.210439	        0.208863	     0.000150974
             495	        0.210852	        0.208867	     0.000150722
             496	        0.211201	        0.208872	     0.000150492
             497	        0.208477	        0.208871	     0.000150191
             498	        0.212083	        0.208877	     0.000150028
             499	        0.207153	        0.208874	     0.000149767
             500	        0.204335	        0.208865	     0.000149743
