#     BLOCK:   ACTUAL_M:     M_AVE:       ERROR:
           1	     0.02432	     0.02432	           0
           2	     0.01732	     0.02082	  0.00247487
           3	     0.01584	     0.01916	  0.00213525
           4	     0.02404	     0.02038	  0.00191857
           5	     0.02676	    0.021656	  0.00191267
           6	     0.01988	     0.02136	  0.00161664
           7	     0.02112	   0.0213257	  0.00138605
           8	     0.01684	    0.020765	  0.00132135
           9	      0.0164	     0.02028	  0.00126041
          10	     -0.0006	    0.018192	  0.00228266
          11	     0.04112	   0.0202764	   0.0028733
          12	      0.0292	     0.02102	  0.00272839
          13	     0.03956	   0.0224462	  0.00286712
          14	     0.03228	   0.0231486	  0.00274702
          15	     0.01796	   0.0228027	  0.00258557
          16	     0.00784	   0.0218675	  0.00258757
          17	     0.03392	   0.0225765	  0.00253063
          18	     0.02924	   0.0229467	  0.00241696
          19	    -0.00092	   0.0216905	  0.00259573
          20	     0.01384	    0.021298	  0.00249544
          21	     0.00536	    0.020539	  0.00248935
          22	       0.024	   0.0206964	  0.00238117
          23	     0.00572	   0.0200452	  0.00236499
          24	     0.01228	   0.0197217	  0.00228848
          25	     0.02356	   0.0198752	  0.00220208
          26	     0.04004	   0.0206508	  0.00224982
          27	     0.01176	   0.0203215	  0.00219046
          28	     0.00408	   0.0197414	  0.00218768
          29	     0.02824	   0.0200345	  0.00213178
          30	      0.0134	   0.0198133	  0.00207216
          31	     0.02636	   0.0200245	  0.00201605
          32	     0.00744	   0.0196312	  0.00199104
          33	     0.02324	   0.0197406	   0.0019337
          34	     0.02168	   0.0197976	  0.00187767
          35	     0.04664	   0.0205646	  0.00197444
          36	     0.03312	   0.0209133	  0.00195016
          37	     0.00332	   0.0204378	  0.00195456
          38	     0.01108	   0.0201916	  0.00191857
          39	     0.02528	   0.0203221	  0.00187381
          40	     0.03552	    0.020702	  0.00186509
          41	     0.01868	   0.0206527	  0.00182025
          42	     0.03192	    0.020921	  0.00179657
          43	     0.03304	   0.0212028	  0.00177676
          44	      0.0122	   0.0209982	  0.00174812
          45	      0.0328	   0.0212604	  0.00172883
          46	     0.03528	   0.0215652	  0.00171791
          47	     0.02592	   0.0216579	  0.00168385
          48	     0.00844	   0.0213825	  0.00167114
          49	     0.03656	   0.0216922	  0.00166549
          50	      0.0008	   0.0212744	  0.00168378
          51	    -0.00692	   0.0207216	  0.00173915
          52	     -0.0056	   0.0202154	  0.00177784
          53	    -0.00404	   0.0197577	  0.00180224
          54	     0.04084	   0.0201481	  0.00181066
          55	     0.02104	   0.0201644	  0.00177781
          56	     0.01684	    0.020105	  0.00174706
          57	     0.02828	   0.0202484	  0.00172228
          58	     0.03924	   0.0205759	  0.00172343
          59	     0.00788	   0.0203607	   0.0017076
          60	     0.00608	   0.0201227	  0.00169565
          61	      0.0088	    0.019937	  0.00167798
          62	     0.01884	   0.0199194	  0.00165101
          63	     0.02352	   0.0199765	  0.00162579
          64	       0.001	     0.01968	   0.0016272
          65	      0.0048	   0.0194511	  0.00161819
          66	     0.02528	   0.0195394	  0.00159608
          67	     0.01148	   0.0194191	  0.00157679
          68	     0.01028	   0.0192847	  0.00155932
          69	     0.03916	   0.0195728	   0.0015631
          70	      0.0174	   0.0195417	  0.00154107
          71	     0.02808	    0.019662	  0.00152405
          72	     0.03552	   0.0198822	  0.00151872
          73	      0.0144	   0.0198071	  0.00149977
          74	    -0.01088	   0.0193924	  0.00153576
          75	     0.02488	   0.0194656	  0.00151703
          76	     0.01304	   0.0193811	  0.00149942
          77	     0.01656	   0.0193444	   0.0014804
          78	     0.03252	   0.0195133	  0.00147102
          79	     0.02604	   0.0195959	  0.00145472
          80	     0.01572	   0.0195475	  0.00143734
          81	     0.01768	   0.0195244	  0.00141978
          82	      0.0058	   0.0193571	   0.0014123
          83	    -0.00348	   0.0190819	  0.00142183
          84	     0.02016	   0.0190948	  0.00140496
          85	     0.02788	   0.0191981	  0.00139223
          86	     0.01152	   0.0191088	   0.0013789
          87	     0.02232	   0.0191457	  0.00136355
          88	     0.01392	   0.0190864	  0.00134934
          89	     0.02468	   0.0191492	  0.00133565
          90	      -4e-05	    0.018936	  0.00133772
          91	     0.02384	   0.0189899	   0.0013241
          92	     0.02332	    0.019037	  0.00131054
          93	     0.01792	   0.0190249	  0.00129651
          94	     0.02936	   0.0191349	  0.00128737
          95	     0.00576	   0.0189941	  0.00128149
          96	     0.01084	   0.0189092	  0.00127096
          97	     0.01384	   0.0188569	  0.00125893
          98	     0.01452	   0.0188127	  0.00124686
          99	      0.0308	   0.0189337	  0.00124013
         100	     0.01076	    0.018852	  0.00123042
