#     BLOCK:   ACTUAL_CV:    CV_AVE:      ERROR:
           1	     0.13012	     0.13012	           0
           2	    0.120107	    0.125113	  0.00354022
           3	    0.126324	    0.125517	  0.00238305
           4	    0.127817	    0.126092	  0.00185539
           5	    0.125975	    0.126069	  0.00148446
           6	    0.132453	    0.127133	  0.00157283
           7	    0.120191	    0.126141	  0.00163106
           8	    0.134367	    0.127169	  0.00172102
           9	    0.121355	    0.126523	   0.0016466
          10	    0.123448	    0.126216	  0.00151039
          11	    0.126425	    0.126235	   0.0013732
          12	    0.123056	     0.12597	  0.00128406
          13	    0.121733	    0.125644	  0.00122593
          14	    0.121683	    0.125361	  0.00117056
          15	    0.130296	     0.12569	  0.00113781
          16	    0.122526	    0.125492	  0.00108374
          17	    0.128679	     0.12568	  0.00103607
          18	    0.119843	    0.125355	    0.001028
          19	    0.132824	    0.125749	  0.00104635
          20	    0.125219	    0.125722	  0.00099437
          21	    0.127061	    0.125786	 0.000949062
          22	    0.130086	    0.125981	 0.000925831
          23	    0.122282	     0.12582	 0.000899439
          24	    0.122704	    0.125691	 0.000871286
          25	    0.116197	    0.125311	 0.000915459
          26	    0.115877	    0.124948	 0.000949439
          27	    0.133537	    0.125266	 0.000966098
          28	    0.129017	      0.1254	 0.000940835
          29	    0.131281	    0.125603	 0.000929989
          30	    0.112531	    0.125167	 0.000995843
          31	    0.114278	    0.124816	   0.0010238
          32	    0.123802	    0.124784	 0.000992297
          33	    0.112718	    0.124419	  0.00102739
          34	    0.118978	    0.124258	  0.00100956
          35	    0.134658	    0.124556	  0.00102351
          36	    0.139429	    0.124969	  0.00107523
          37	    0.117259	     0.12476	  0.00106617
          38	    0.115447	    0.124515	  0.00106591
          39	    0.127151	    0.124583	  0.00104072
          40	    0.140931	    0.124992	  0.00109201
          41	     0.13631	    0.125268	  0.00109971
          42	    0.114982	    0.125023	  0.00110046
          43	    0.127262	    0.125075	   0.0010761
          44	    0.118877	    0.124934	  0.00106082
          45	    0.126451	    0.124968	  0.00103778
          46	    0.127433	    0.125021	   0.0010166
          47	    0.125854	    0.125039	 0.000995129
          48	    0.130094	    0.125144	 0.000979953
          49	    0.133969	    0.125324	 0.000976364
          50	    0.123852	    0.125295	 0.000957281
          51	    0.123627	    0.125262	 0.000939069
          52	    0.121955	    0.125199	 0.000923161
          53	    0.127345	    0.125239	 0.000906631
          54	    0.125159	    0.125238	 0.000889842
          55	     0.11081	    0.124975	 0.000911512
          56	    0.122497	    0.124931	 0.000896308
          57	    0.117465	      0.1248	 0.000890103
          58	    0.119552	     0.12471	 0.000879344
          59	    0.128551	    0.124775	 0.000866847
          60	    0.117518	    0.124654	 0.000860795
          61	    0.116911	    0.124527	 0.000855991
          62	    0.138243	    0.124748	 0.000870301
          63	    0.119491	    0.124665	 0.000860478
          64	    0.133192	    0.124798	 0.000857287
          65	    0.133326	    0.124929	 0.000854079
          66	    0.116065	    0.124795	 0.000851633
          67	    0.130739	    0.124884	 0.000843531
          68	     0.12087	    0.124824	 0.000833189
          69	    0.122329	    0.124788	 0.000821898
          70	    0.115898	    0.124661	  0.00081991
          71	    0.122741	    0.124634	 0.000808808
          72	    0.127112	    0.124669	 0.000798306
          73	    0.117523	    0.124571	 0.000793349
          74	    0.128533	    0.124624	 0.000784433
          75	    0.112982	    0.124469	 0.000789184
          76	    0.124957	    0.124476	 0.000778826
          77	     0.12157	    0.124438	 0.000769625
          78	    0.123405	    0.124425	 0.000759872
          79	    0.119513	    0.124362	 0.000752792
          80	    0.123955	    0.124357	 0.000743399
          81	    0.124054	    0.124354	 0.000734231
          82	     0.11503	     0.12424	 0.000734027
          83	    0.131487	    0.124327	 0.000730358
          84	    0.122561	    0.124306	 0.000721966
          85	    0.121051	    0.124268	 0.000714487
          86	    0.114252	    0.124151	 0.000715608
          87	    0.120863	    0.124114	  0.00070838
          88	     0.11903	    0.124056	 0.000702682
          89	    0.125578	    0.124073	 0.000694994
          90	    0.111553	    0.123934	 0.000701055
          91	     0.12229	    0.123916	 0.000693584
          92	    0.118423	    0.123856	  0.00068861
          93	    0.129234	    0.123914	 0.000683629
          94	    0.119201	    0.123864	 0.000678193
          95	    0.133121	    0.123961	 0.000678018
          96	    0.126906	    0.123992	 0.000671649
          97	    0.129098	    0.124045	 0.000666784
          98	    0.131106	    0.124117	 0.000663862
          99	    0.123647	    0.124112	 0.000657174
         100	    0.115304	    0.124024	 0.000656478
