#     BLOCK:   ACTUAL_M:     M_AVE:       ERROR:
               1	       -0.000212	       -0.000212	               0
               2	       -0.001276	       -0.000744	     0.000376181
               3	        0.000168	        -0.00044	     0.000352853
               4	        0.009108	        0.001947	      0.00208407
               5	        0.006172	        0.002792	      0.00183057
               6	       -0.005488	        0.001412	       0.0019784
               7	       -0.005792	     0.000382857	      0.00194511
               8	         0.00542	       0.0010125	        0.001801
               9	       -0.003468	     0.000514667	      0.00166828
              10	       -0.010124	      -0.0005492	      0.00180914
              11	       -0.006416	     -0.00108255	      0.00172149
              12	       -0.004988	       -0.001408	      0.00160851
              13	         0.00062	       -0.001252	      0.00149232
              14	        0.003748	    -0.000894857	      0.00142782
              15	        0.006588	       -0.000396	       0.0014171
              16	        0.001368	     -0.00028575	      0.00133282
              17	        0.003544	    -6.04706e-05	      0.00127331
              18	        0.003468	     0.000135556	      0.00121757
              19	         0.00348	     0.000311579	      0.00116614
              20	        0.003004	       0.0004462	      0.00111558
              21	       -0.006512	     0.000114857	      0.00111057
              22	         -0.0033	    -4.03636e-05	      0.00107088
              23	         0.00444	     0.000154435	      0.00104189
              24	       -0.003328	     9.33333e-06	      0.00100853
              25	        0.011464	      0.00046752	      0.00106721
              26	          0.0039	     0.000599538	      0.00103429
              27	         0.00696	     0.000835111	      0.00102246
              28	        0.001944	     0.000874714	     0.000986712
              29	       -0.004908	      0.00067531	     0.000972627
              30	       -0.002176	     0.000580267	     0.000944839
              31	        0.009472	     0.000867097	     0.000956907
              32	        0.002604	     0.000921375	     0.000928542
              33	       -0.005024	     0.000741212	     0.000917716
              34	         0.00164	     0.000767647	     0.000891105
              35	         0.00564	     0.000906857	     0.000876452
              36	       -0.000936	     0.000855667	     0.000853599
              37	       -0.004628	     0.000707459	     0.000843297
              38	       -0.004128	     0.000580211	      0.00083065
              39	        0.002956	     0.000641128	     0.000811582
              40	       -0.011644	        0.000334	     0.000847416
              41	       -0.003312	     0.000245073	       0.0008314
              42	       -0.005164	     0.000116286	     0.000821519
              43	       -0.003848	      2.4093e-05	     0.000807571
              44	        -0.00666	    -0.000127818	     0.000803378
              45	        0.009976	     9.67111e-05	     0.000816298
              46	          0.0011	     0.000118522	     0.000798844
              47	        0.007996	     0.000286128	     0.000799236
              48	       -0.002872	     0.000220333	     0.000785289
              49	        0.006404	     0.000346531	     0.000779337
              50	       -0.003048	      0.00027864	     0.000766701
              51	       -0.007368	     0.000128706	     0.000766188
              52	       -0.007948	    -2.66154e-05	     0.000767036
              53	         0.00502	     6.86038e-05	      0.00075845
              54	          0.0013	     9.14074e-05	     0.000744748
              55	       -0.000752	     7.60727e-05	     0.000731365
              56	        0.001412	     9.99286e-05	     0.000718694
              57	       -0.005216	     6.66667e-06	      0.00071211
              58	       -0.001996	    -2.78621e-05	     0.000700669
              59	        0.007132	     9.34915e-05	     0.000699223
              60	         0.00258	     0.000134933	     0.000688797
              61	       -0.005596	     4.09836e-05	     0.000683882
              62	       -0.000944	     2.50968e-05	     0.000673036
              63	        0.004104	     8.98413e-05	      0.00066546
              64	        0.010488	     0.000252313	     0.000674604
              65	       -0.008864	     0.000112062	     0.000678648
              66	         -0.0021	     7.85455e-05	     0.000669193
              67	       -0.011956	    -0.000101075	     0.000682886
              68	       -0.006004	    -0.000187882	     0.000678338
              69	       -0.007488	    -0.000293681	     0.000676708
              70	          0.0027	    -0.000250914	     0.000668391
              71	       -0.001472	    -0.000268113	     0.000659198
              72	        0.005528	    -0.000187611	     0.000654939
              73	        -0.00378	    -0.000236822	     0.000647814
              74	        0.003016	    -0.000192865	     0.000640549
              75	       -0.006904	    -0.000282347	     0.000638228
              76	        0.001248	    -0.000262211	     0.000630148
              77	       -0.007032	     -0.00035013	     0.000628067
              78	        0.004688	    -0.000285538	     0.000623328
              79	        0.006296	    -0.000202228	      0.00062098
              80	         0.00532	      -0.0001332	     0.000617042
              81	        -0.00304	    -0.000169086	     0.000610467
              82	         0.01278	    -1.11707e-05	     0.000623113
              83	        -0.00836	    -0.000111759	     0.000623671
              84	        0.002032	    -8.62381e-05	     0.000616769
              85	       -0.003324	    -0.000124329	     0.000610688
              86	        0.001088	    -0.000110233	     0.000603749
              87	        0.002196	    -8.37241e-05	     0.000597391
              88	        0.006636	    -7.36364e-06	     0.000595463
              89	        0.000664	     1.79775e-07	      0.00058882
              90	       -0.000192	    -1.95556e-06	     0.000582282
              91	       -0.003316	    -3.83736e-05	     0.000577021
              92	        0.003756	     2.86957e-06	     0.000572221
              93	        0.003288	     3.81935e-05	     0.000567157
              94	        0.001368	     5.23404e-05	       0.0005613
              95	        0.000448	     5.65053e-05	     0.000555407
              96	        0.008428	     0.000143708	     0.000556425
              97	        0.004388	     0.000187464	     0.000552407
              98	         0.00148	     0.000200653	     0.000546927
              99	        0.000988	     0.000208606	      0.00054146
             100	       -0.006112	       0.0001454	     0.000539722
             101	        0.008244	     0.000225584	     0.000540302
             102	       -0.005292	      0.00017149	     0.000537706
             103	        -0.00186	     0.000151767	     0.000532847
             104	        -0.00948	     5.91538e-05	     0.000535712
             105	       -0.000664	     5.22667e-05	     0.000530654
             106	        0.002524	     7.55849e-05	      0.00052616
             107	       -0.001812	     5.79439e-05	     0.000521538
             108	       -0.000616	     5.17037e-05	     0.000516746
             109	        0.002412	     7.33578e-05	     0.000512459
             110	       -0.006768	     1.11636e-05	     0.000511561
             111	       -0.004536	    -2.98018e-05	     0.000508589
             112	       -0.005004	    -7.42143e-05	     0.000505984
             113	       -0.000752	    -8.02124e-05	     0.000501542
             114	       -0.001868	    -9.58947e-05	     0.000497387
             115	       -0.001496	     -0.00010807	     0.000493211
             116	        0.003484	    -7.71034e-05	     0.000489931
             117	       -0.001676	    -9.07692e-05	     0.000485934
             118	       -0.001876	    -0.000105898	     0.000482051
             119	        -8.8e-05	    -0.000105748	        0.000478
             120	         0.00194	       -8.87e-05	     0.000474321
             121	        0.001948	    -7.18678e-05	     0.000470699
             122	        0.000608	    -6.62951e-05	     0.000466874
             123	       -0.004312	    -0.000100813	     0.000464353
             124	        0.000624	    -9.49677e-05	     0.000460645
             125	       -0.001012	    -0.000102304	     0.000457018
             126	       -0.005736	    -0.000147016	     0.000455573
             127	        0.008788	    -7.66614e-05	     0.000457386
             128	       -0.003196	    -0.000101031	     0.000454461
             129	         0.00352	    -7.29612e-05	     0.000451804
             130	        0.002948	    -4.97231e-05	     0.000448926
             131	        -0.00104	    -5.72824e-05	     0.000445563
             132	       -0.001112	    -6.52727e-05	     0.000442259
             133	       -0.000432	    -6.80301e-05	     0.000438942
             134	       -0.001664	    -7.99403e-05	     0.000435828
             135	        0.005224	    -4.06519e-05	     0.000434367
             136	       -0.002472	    -5.85294e-05	     0.000431541
             137	       -0.004464	    -9.06861e-05	     0.000429587
             138	        -0.00532	     -0.00012858	     0.000428142
             139	       -0.004456	    -0.000159712	     0.000426193
             140	       -0.010664	    -0.000234743	     0.000429702
             141	        0.001772	    -0.000220511	      0.00042689
             142	       -0.006768	     -0.00026662	     0.000426367
             143	       -0.002904	    -0.000285063	     0.000423784
             144	        -0.00626	    -0.000326556	     0.000422868
             145	        0.001392	    -0.000314703	     0.000420117
             146	       -0.003896	    -0.000339233	     0.000417955
             147	         0.00844	     -0.00027951	     0.000419357
             148	        -0.00036	    -0.000280054	     0.000416524
             149	       -0.006224	    -0.000319946	     0.000415635
             150	       -0.000316	     -0.00031992	     0.000412864
             151	        0.000384	    -0.000315258	     0.000410156
             152	         0.00046	    -0.000310158	     0.000407489
             153	       -0.004408	    -0.000336941	     0.000405705
             154	        0.005624	    -0.000298234	     0.000404913
             155	         -0.0014	    -0.000305342	     0.000402363
             156	       -0.001092	    -0.000310385	     0.000399815
             157	         0.00328	    -0.000287516	     0.000397922
             158	        0.000812	    -0.000280557	     0.000395465
             159	        0.003832	    -0.000254692	     0.000393822
             160	        0.005124	    -0.000221075	     0.000392793
             161	       -0.008276	    -0.000271106	     0.000393527
             162	         0.00162	    -0.000259432	     0.000391271
             163	        0.005648	     -0.00022319	     0.000390545
             164	       -0.005708	    -0.000256634	     0.000389593
             165	        -0.01108	     -0.00032223	     0.000392715
             166	        0.000512	    -0.000317205	     0.000390382
             167	       -0.000936	     -0.00032091	     0.000388062
             168	       -0.000996	    -0.000324929	     0.000385773
             169	       -0.002228	    -0.000336189	     0.000383654
             170	       -0.002012	    -0.000346047	     0.000381524
             171	        -0.00518	    -0.000374316	     0.000380339
             172	        0.000864	    -0.000367116	     0.000378196
             173	        0.001156	    -0.000358312	     0.000376112
             174	       -0.001552	    -0.000365172	     0.000374013
             175	       -0.000156	    -0.000363977	     0.000371878
             176	       -0.003864	    -0.000383864	     0.000370296
             177	        0.003764	    -0.000360429	     0.000368945
             178	        0.000608	    -0.000354989	     0.000366912
             179	       -0.001364	    -0.000360626	     0.000364906
             180	         0.00142	    -0.000350733	     0.000363012
             181	        0.003464	    -0.000329657	     0.000361618
             182	        0.005256	    -0.000298967	     0.000360931
             183	       -0.002144	    -0.000309049	       0.0003591
             184	       -0.002184	    -0.000319239	     0.000357293
             185	        0.000584	    -0.000314357	     0.000355395
             186	        0.003168	    -0.000295634	     0.000353977
             187	        0.005288	    -0.000265775	     0.000353341
             188	        -0.00378	    -0.000284468	     0.000351956
             189	       -0.009792	    -0.000334772	      0.00035367
             190	       -0.000944	    -0.000337979	     0.000351823
             191	        -0.00866	     -0.00038155	     0.000352669
             192	        0.000532	    -0.000376792	     0.000350864
             193	       -0.013272	    -0.000443606	     0.000355351
             194	        0.010324	    -0.000388103	     0.000357828
             195	        0.004356	    -0.000363774	     0.000356819
             196	        0.001488	    -0.000354327	     0.000355123
             197	        -0.00144	    -0.000359838	     0.000353363
             198	        0.003488	    -0.000340404	     0.000352113
             199	        -0.00486	    -0.000363116	     0.000351075
             200	        0.001816	     -0.00035222	     0.000349489
             201	         0.00234	    -0.000338826	     0.000348006
             202	       -0.006136	    -0.000367525	     0.000347465
             203	        0.007416	    -0.000329182	     0.000347862
             204	        -0.01288	    -0.000390706	     0.000351556
             205	        -0.00334	    -0.000405093	     0.000350135
             206	        0.005752	    -0.000375204	     0.000349709
             207	       -0.007976	    -0.000411923	     0.000349942
             208	        0.004756	    -0.000387077	      0.00034914
             209	        0.004448	    -0.000363943	     0.000348235
             210	        0.014992	    -0.000290819	     0.000354171
             211	       -0.008768	    -0.000330995	     0.000354764
             212	       -0.007516	    -0.000364887	     0.000354706
             213	       -0.005156	     -0.00038738	     0.000353753
             214	        0.001756	    -0.000377364	     0.000352242
             215	        0.007508	    -0.000340688	     0.000352508
             216	        0.001588	    -0.000331759	     0.000350989
             217	        -0.00636	    -0.000359539	     0.000350469
             218	        0.000904	    -0.000353743	     0.000348909
             219	       -0.008076	    -0.000389005	     0.000349093
             220	         0.00802	    -0.000350782	     0.000349593
             221	       -0.008596	     -0.00038809	     0.000349996
             222	        0.001516	    -0.000379514	     0.000348524
             223	        0.003504	    -0.000362099	     0.000347396
             224	       -0.000352	    -0.000362054	     0.000345845
             225	          0.0021	    -0.000351111	     0.000344481
             226	       -0.003372	    -0.000364478	     0.000343216
             227	        -0.00144	    -0.000369216	     0.000341737
             228	       -0.005216	    -0.000390474	     0.000340899
             229	        0.009556	    -0.000347039	     0.000342166
             230	        0.001264	    -0.000340035	      0.00034075
             231	        0.001092	    -0.000333835	     0.000339331
             232	       -0.002192	    -0.000341845	     0.000337963
             233	       -0.001948	    -0.000348738	     0.000336583
             234	        0.006596	     -0.00031906	     0.000336451
             235	        0.006892	    -0.000288374	     0.000336415
             236	        0.003552	    -0.000272102	     0.000335383
             237	        -0.00232	    -0.000280743	     0.000334079
             238	       -0.002132	    -0.000288521	     0.000332766
             239	       -0.000464	    -0.000289255	     0.000331375
             240	       -0.000964	    -0.000292067	     0.000330006
             241	       -0.006856	    -0.000319303	     0.000329758
             242	        0.002148	    -0.000309107	     0.000328553
             243	        0.003128	    -0.000294963	     0.000327506
             244	       -0.007776	    -0.000325623	     0.000327595
             245	        0.004828	    -0.000304588	     0.000326933
             246	       -0.000224	     -0.00030426	     0.000325604
             247	        0.000476	    -0.000301101	     0.000324301
             248	       -0.005372	    -0.000321548	     0.000323637
             249	        0.005984	    -0.000296225	     0.000323327
             250	        0.002288	    -0.000285888	     0.000322199
             251	       -0.003536	    -0.000298837	     0.000321175
             252	        0.010184	    -0.000257238	     0.000322583
             253	        0.000908	    -0.000252632	     0.000321341
             254	        0.004856	     -0.00023252	     0.000320705
             255	         0.00206	    -0.000223529	     0.000319573
             256	        0.001124	    -0.000218266	     0.000318368
             257	       -0.001788	    -0.000224374	     0.000317188
             258	       -0.003724	    -0.000237938	     0.000316249
             259	       -0.004488	    -0.000254347	     0.000315453
             260	        -0.00792	    -0.000283831	     0.000315615
             261	       -0.006916	    -0.000309241	     0.000315427
             262	        0.002888	    -0.000297038	     0.000314459
             263	       -0.002076	    -0.000303802	     0.000313336
             264	        0.002532	    -0.000293061	     0.000312333
             265	        0.013692	    -0.000240287	     0.000315581
             266	        0.004284	    -0.000223278	     0.000314853
             267	        0.000684	     -0.00021988	     0.000313692
             268	       -0.000472	    -0.000220821	     0.000312523
             269	        0.002112	    -0.000212149	     0.000311481
             270	        -0.00522	    -0.000230696	     0.000310879
             271	       -0.008524	    -0.000261299	     0.000311235
             272	        0.002652	    -0.000250588	     0.000310275
             273	        0.015776	    -0.000191883	     0.000314643
             274	       -0.000336	    -0.000192409	     0.000313495
             275	       -0.002072	    -0.000199244	      0.00031243
             276	       -0.001772	    -0.000204942	      0.00031135
             277	         0.00956	     -0.00016969	     0.000312215
             278	       -0.001152	    -0.000173223	     0.000311112
             279	        -4.4e-05	     -0.00017276	     0.000309997
             280	         -0.0003	    -0.000173214	      0.00030889
             281	        0.003448	    -0.000160327	      0.00030806
             282	       -0.004624	    -0.000176156	     0.000307374
             283	       -0.006356	    -0.000197993	     0.000307062
             284	       -0.001768	    -0.000203521	     0.000306031
             285	       -0.008632	    -0.000233095	     0.000306383
             286	       -0.004536	     -0.00024814	     0.000305681
             287	        0.004496	     -0.00023161	     0.000305062
             288	       -0.003324	    -0.000242347	     0.000304192
             289	        0.000468	    -0.000239889	     0.000303149
             290	       -0.001848	    -0.000245434	     0.000302155
             291	       -0.004008	    -0.000258364	     0.000301393
             292	       -0.007516	    -0.000283219	     0.000301384
             293	        0.009296	    -0.000250526	     0.000302123
             294	        0.001092	    -0.000245959	      0.00030113
             295	        0.003708	    -0.000232556	     0.000300407
             296	        0.002184	    -0.000224392	     0.000299503
             297	       -0.010464	    -0.000258869	     0.000300473
             298	          0.0018	     -0.00025196	     0.000299544
             299	        0.007692	    -0.000225391	     0.000299718
             300	         0.00502	    -0.000207907	     0.000299229
             301	        0.000824	    -0.000204478	     0.000298254
             302	       -0.001592	    -0.000209073	     0.000297302
             303	         0.00638	    -0.000187327	     0.000297115
             304	        0.009436	    -0.000155671	     0.000297819
             305	       -0.003284	    -0.000165928	     0.000297019
             306	       -0.005008	    -0.000181752	      0.00029647
             307	       -0.001428	    -0.000185811	     0.000295532
             308	       -0.005304	    -0.000202429	     0.000295039
             309	         -0.0014	    -0.000206304	      0.00029411
             310	       -0.001308	    -0.000209858	     0.000293183
             311	       -0.005008	    -0.000225286	     0.000292646
             312	       -0.004172	    -0.000237936	     0.000291981
             313	          0.0009	      -0.0002343	     0.000291071
             314	       -0.006704	    -0.000254904	     0.000290872
             315	        -0.00396	    -0.000266667	     0.000290186
             316	        0.001752	    -0.000260278	     0.000289338
             317	        0.005604	    -0.000241779	     0.000289016
             318	        -4.8e-05	     -0.00024117	     0.000288108
             319	       -0.009264	    -0.000269455	      0.00028859
             320	         0.00478	    -0.000253675	     0.000288119
             321	         0.00518	    -0.000236748	     0.000287719
             322	       -0.002296	    -0.000243143	     0.000286896
             323	        -0.00696	    -0.000263938	      0.00028676
             324	       -0.003796	     -0.00027484	     0.000286083
             325	        0.012396	    -0.000235852	     0.000287847
             326	       -0.001572	    -0.000239951	     0.000286993
             327	        0.001952	    -0.000233248	     0.000286193
             328	         0.00434	    -0.000219305	      0.00028566
             329	        -0.00644	    -0.000238213	     0.000285417
             330	        0.006656	    -0.000217321	     0.000285316
             331	       -0.001624	    -0.000221571	     0.000284485
             332	       -0.001064	    -0.000224108	      0.00028364
             333	        0.001196	    -0.000219844	      0.00028282
             334	        0.000928	    -0.000216407	     0.000281994
             335	       -0.003316	     -0.00022566	     0.000281304
             336	        0.001676	        -0.00022	     0.000280524
             337	       -0.003504	    -0.000229745	     0.000279861
             338	        0.001464	    -0.000224734	     0.000279078
             339	        -1.6e-05	    -0.000224118	     0.000278255
             340	       -0.011068	    -0.000256012	     0.000279259
             341	       -0.002352	    -0.000262158	     0.000278507
             342	        0.005268	    -0.000245988	     0.000278162
             343	        0.004716	    -0.000231522	     0.000277727
             344	         0.00484	    -0.000216779	     0.000277311
             345	        0.005712	    -0.000199594	     0.000277039
             346	       -0.009364	    -0.000226081	     0.000277501
             347	        -0.00538	    -0.000240934	     0.000277099
             348	        0.001292	    -0.000236529	     0.000276338
             349	       -0.008376	    -0.000259851	     0.000276528
             350	        0.002344	    -0.000252411	     0.000275838
             351	        0.004728	    -0.000238222	     0.000275417
             352	       -0.002072	    -0.000243432	     0.000274684
             353	       -0.002604	    -0.000250119	     0.000273987
             354	        0.006584	    -0.000230814	     0.000273892
             355	        0.003668	    -0.000219831	     0.000273341
             356	       -0.007748	    -0.000240978	      0.00027339
             357	        -0.00474	     -0.00025358	     0.000272914
             358	        0.002324	     -0.00024638	     0.000272247
             359	        0.001088	    -0.000242663	     0.000271514
             360	        0.002948	      -0.0002338	     0.000270904
             361	       -0.000952	    -0.000235789	     0.000270161
             362	        0.003116	     -0.00022653	     0.000269574
             363	        -2.4e-05	    -0.000225972	     0.000268832
             364	        0.003328	    -0.000216209	      0.00026827
             365	        0.004168	    -0.000204197	     0.000267804
             366	        -0.00036	    -0.000204623	     0.000267073
             367	       -0.001652	    -0.000208567	     0.000266374
             368	       -0.001776	    -0.000212826	     0.000265684
             369	           4e-05	    -0.000212141	     0.000264965
             370	        -0.00336	    -0.000220649	     0.000264386
             371	       -0.001764	    -0.000224809	     0.000263706
             372	         0.00056	    -0.000222699	     0.000263005
             373	        0.000596	    -0.000220504	     0.000262309
             374	        0.004988	    -0.000206578	     0.000261977
             375	        0.001052	    -0.000203221	       0.0002613
             376	       -0.005912	    -0.000218404	     0.000261046
             377	        0.006428	    -0.000200775	     0.000260948
             378	        0.004688	    -0.000187841	     0.000260578
             379	        0.010724	     -0.00015905	     0.000261476
             380	          -6e-05	    -0.000158789	     0.000260788
             381	        0.000376	    -0.000157386	     0.000260108
             382	        0.001872	    -0.000152073	     0.000259481
             383	        0.009576	    -0.000126674	     0.000260044
             384	        0.003756	    -0.000116563	     0.000259563
             385	       -0.004276	    -0.000127366	     0.000259114
             386	         0.00678	    -0.000109472	      0.00025906
             387	        0.010832	     -8.1199e-05	     0.000259928
             388	       -0.005444	    -9.50206e-05	     0.000259626
             389	       -0.002276	    -0.000100627	     0.000259019
             390	       -0.000576	    -0.000101846	     0.000258357
             391	       -0.006552	    -0.000118343	     0.000258223
             392	        0.004796	    -0.000105806	     0.000257868
             393	         0.00648	    -8.90483e-05	     0.000257756
             394	       -0.002352	    -9.47919e-05	     0.000257166
             395	         -0.0003	    -9.53114e-05	     0.000256515
             396	        0.008684	    -7.31414e-05	     0.000256824
             397	        -0.00018	    -7.34106e-05	     0.000256177
             398	          0.0073	    -5.48844e-05	     0.000256202
             399	        0.008372	    -3.37644e-05	     0.000256429
             400	       -0.004492	      -4.491e-05	      0.00025603
             401	       -0.000444	    -4.59052e-05	     0.000255394
             402	       -0.004188	     -5.6209e-05	     0.000254966
             403	       -0.013848	    -9.04318e-05	      0.00025662
             404	         0.00044	    -8.91188e-05	     0.000255988
             405	       -0.007444	    -0.000107279	     0.000255999
             406	       -0.004372	    -0.000117783	     0.000255584
             407	          0.0061	    -0.000102506	     0.000255413
             408	        0.003856	    -9.28039e-05	     0.000254971
             409	        0.001904	    -8.79218e-05	     0.000254394
             410	         0.00334	     -7.9561e-05	     0.000253911
             411	         0.00622	    -6.42336e-05	     0.000253755
             412	        0.000336	    -6.32621e-05	     0.000253141
             413	        0.002436	    -5.72107e-05	     0.000252601
             414	         0.00294	     -4.9971e-05	     0.000252094
             415	       -0.007356	    -6.75759e-05	     0.000252101
             416	       -0.010156	    -9.18269e-05	     0.000252658
             417	       -0.003192	    -9.92614e-05	     0.000252162
             418	        0.003296	    -9.11388e-05	     0.000251689
             419	       -0.004292	    -0.000101165	     0.000251288
             420	        0.003156	    -9.34095e-05	      0.00025081
             421	         0.00244	    -8.73919e-05	     0.000250286
             422	        0.002892	    -8.03318e-05	     0.000249793
             423	       -0.002412	     -8.5844e-05	     0.000249263
             424	       -0.002676	    -9.19528e-05	      0.00024875
             425	       -0.003584	    -0.000100169	       0.0002483
             426	        0.006352	    -8.50235e-05	     0.000248179
             427	        0.003744	    -7.60562e-05	      0.00024776
             428	       -0.004368	    -8.60841e-05	     0.000247384
             429	        0.005632	    -7.27552e-05	     0.000247166
             430	       -0.002032	    -7.73116e-05	     0.000246633
             431	       -0.005292	    -8.94107e-05	     0.000246357
             432	         -0.0035	    -9.73056e-05	     0.000245914
             433	        0.005184	    -8.51085e-05	     0.000245648
             434	        0.005292	    -7.27189e-05	     0.000245394
             435	        0.001824	    -6.83586e-05	     0.000244869
             436	        -0.00442	    -7.83394e-05	      0.00024451
             437	       -0.004448	    -8.83387e-05	     0.000244155
             438	       -0.003288	    -9.56438e-05	     0.000243707
             439	        0.007576	    -7.81686e-05	     0.000243778
             440	       -0.007936	    -9.60273e-05	     0.000243877
             441	         0.00838	    -7.68073e-05	      0.00024408
             442	       -0.009952	    -9.91493e-05	     0.000244548
             443	        -0.00496	    -0.000110122	     0.000244242
             444	          0.0032	    -0.000102667	     0.000243806
             445	        0.000416	    -0.000101501	     0.000243261
             446	       -0.000112	    -0.000101525	     0.000242715
             447	        0.001124	     -9.8783e-05	     0.000242188
             448	        0.005868	    -8.54643e-05	     0.000242013
             449	        0.005528	    -7.29621e-05	     0.000241797
             450	        0.002132	    -6.80622e-05	     0.000241309
             451	        -1.6e-05	    -6.79468e-05	     0.000240774
             452	       -0.000904	    -6.97965e-05	     0.000240249
             453	       -0.006052	    -8.30022e-05	     0.000240081
             454	        0.000568	    -8.15683e-05	     0.000239556
             455	         0.00106	    -7.90593e-05	     0.000239043
             456	        0.008272	    -6.07456e-05	     0.000239219
             457	         -0.0032	    -6.76149e-05	     0.000238795
             458	        0.006952	    -5.22882e-05	     0.000238765
             459	        0.004024	    -4.34074e-05	     0.000238409
             460	         7.2e-05	    -4.31565e-05	     0.000237891
             461	        0.002612	     -3.7397e-05	     0.000237445
             462	        0.002072	    -3.28312e-05	     0.000236975
             463	       -0.000472	    -3.37797e-05	     0.000236465
             464	        0.002848	     -2.7569e-05	     0.000236037
             465	        0.006032	    -1.45376e-05	     0.000235889
             466	        0.002024	    -1.01631e-05	     0.000235423
             467	       -0.002156	     -1.4758e-05	     0.000234964
             468	        0.008064	     2.50427e-06	     0.000235095
             469	       -0.003184	    -4.28998e-06	     0.000234692
             470	        0.002664	     1.38723e-06	     0.000234261
             471	        0.001724	     5.04459e-06	     0.000233792
             472	        0.002304	     9.91525e-06	     0.000233348
             473	       -0.008968	    -9.06554e-06	     0.000233625
             474	         2.8e-05	    -8.98734e-06	     0.000233132
             475	        -0.00036	    -9.72632e-06	     0.000232643
             476	        0.007664	     6.39496e-06	     0.000232712
             477	        0.003436	     1.35849e-05	     0.000232335
             478	        0.002076	     1.78996e-05	     0.000231889
             479	        0.010788	     4.03841e-05	     0.000232492
             480	         0.00714	      5.5175e-05	     0.000232478
             481	       -0.001376	     5.21996e-05	     0.000232014
             482	       -0.002308	     4.73029e-05	     0.000231584
             483	          0.0002	      4.7619e-05	     0.000231105
             484	        0.000548	     4.86529e-05	      0.00023063
             485	        0.001476	     5.15959e-05	     0.000230173
             486	          -6e-05	     5.13663e-05	     0.000229699
             487	       -0.002276	     4.65873e-05	     0.000229277
             488	       -0.003652	     3.90082e-05	     0.000228933
             489	        0.004416	     4.79591e-05	      0.00022864
             490	          0.0078	     6.37796e-05	      0.00022872
             491	         0.00362	     7.10224e-05	     0.000228369
             492	         0.00366	     7.83171e-05	     0.000228021
             493	       -0.001976	     7.41501e-05	     0.000227596
             494	        0.003872	     8.18381e-05	     0.000227265
             495	        0.003408	     8.85576e-05	     0.000226906
             496	       -0.003712	     8.08952e-05	     0.000226578
             497	        0.001436	     8.36217e-05	     0.000226138
             498	        0.004536	     9.25622e-05	     0.000225861
             499	       -0.000932	      9.0509e-05	     0.000225417
             500	          -0.001	      8.8328e-05	     0.000224977
