#     BLOCK:   ACTUAL_X:     X_AVE:       ERROR:
           1	     124.087	     124.087	           0
           2	     123.527	     123.807	    0.198061
           3	     123.978	     123.864	    0.140002
           4	     123.652	     123.811	    0.114604
           5	     122.069	     123.463	    0.324949
           6	      124.83	     123.691	    0.341445
           7	      123.33	     123.639	    0.296534
           8	     124.921	     123.799	     0.29968
           9	     123.257	     123.739	    0.272369
          10	     124.879	     123.853	    0.267913
          11	     124.921	      123.95	    0.260567
          12	     122.624	      123.84	    0.261242
          13	      123.72	      123.83	     0.24131
          14	     119.339	      123.51	     0.38181
          15	     122.114	     123.417	    0.367521
          16	     124.672	     123.495	    0.352826
          17	     123.556	     123.499	     0.33209
          18	     124.557	     123.557	    0.318803
          19	     123.765	     123.568	    0.302211
          20	     124.753	     123.628	    0.292852
          21	      124.58	     123.673	    0.282398
          22	     124.839	     123.726	     0.27449
          23	     123.174	     123.702	    0.263604
          24	     124.105	     123.719	    0.253156
          25	     124.155	     123.736	     0.24363
          26	     124.824	     123.778	    0.237824
          27	     124.862	     123.818	    0.232379
          28	     123.734	     123.815	    0.224099
          29	     124.528	      123.84	    0.217714
          30	     124.875	     123.874	    0.213176
          31	     120.698	     123.772	     0.22961
          32	      124.74	     123.802	    0.224419
          33	     118.371	     123.637	    0.271327
          34	     124.002	     123.648	    0.263558
          35	     124.048	      123.66	    0.256275
          36	     124.286	     123.677	    0.249747
          37	     120.976	     123.604	    0.253445
          38	     124.893	     123.638	    0.249036
          39	     124.935	     123.671	    0.244862
          40	     124.664	     123.696	    0.239997
          41	      124.41	     123.713	    0.234774
          42	     124.242	     123.726	    0.229522
          43	     123.501	     123.721	    0.224244
          44	     123.155	     123.708	    0.219516
          45	      124.32	     123.722	    0.215059
          46	      124.37	     123.736	    0.210846
          47	     123.945	      123.74	    0.206406
          48	     122.717	     123.719	    0.203205
          49	     124.763	      123.74	    0.200173
          50	     124.224	      123.75	    0.196404
          51	     120.071	     123.678	    0.205375
          52	     124.429	     123.692	    0.201933
          53	     123.118	     123.681	    0.198414
          54	     123.403	     123.676	    0.194806
          55	      121.65	     123.639	    0.194716
          56	     124.832	     123.661	    0.192401
          57	     124.838	     123.681	     0.19013
          58	     124.621	     123.697	    0.187541
          59	     124.745	     123.715	    0.185201
          60	     124.507	     123.728	    0.182584
          61	     118.576	     123.644	    0.198165
          62	     123.316	     123.639	    0.195039
          63	     124.678	     123.655	     0.19264
          64	     123.891	     123.659	    0.189665
          65	     124.598	     123.673	    0.187297
          66	     123.477	      123.67	    0.184483
          67	     124.395	     123.681	    0.182046
          68	     124.321	      123.69	    0.179612
          69	      124.89	     123.708	    0.177849
          70	     124.363	     123.717	    0.175554
          71	     124.674	     123.731	    0.173597
          72	     122.897	     123.719	    0.171572
          73	     124.799	     123.734	    0.169858
          74	     124.881	     123.749	    0.168269
          75	     124.755	     123.763	    0.166559
          76	     123.287	     123.757	    0.164485
          77	     121.594	     123.728	     0.16473
          78	     124.598	      123.74	    0.162995
          79	     124.232	     123.746	    0.161051
          80	     124.208	     123.752	    0.159141
          81	     124.929	     123.766	    0.157839
          82	     122.996	     123.757	    0.156194
          83	      123.27	     123.751	    0.154422
          84	     123.086	     123.743	    0.152786
          85	     123.801	     123.744	     0.15099
          86	     124.143	     123.748	    0.149306
          87	     124.345	     123.755	    0.147747
          88	     124.596	     123.765	    0.146377
          89	     120.995	     123.734	    0.148004
          90	     123.115	     123.727	    0.146519
          91	     124.954	      123.74	    0.145528
          92	     124.695	     123.751	    0.144315
          93	     124.564	     123.759	    0.143028
          94	     123.925	     123.761	    0.141518
          95	     117.671	     123.697	    0.153863
          96	     124.198	     123.702	    0.152349
          97	     124.552	     123.711	     0.15103
          98	     124.218	     123.716	    0.149577
          99	     124.778	     123.727	    0.148451
         100	     123.472	     123.724	    0.146988
