#     BLOCK:   ACTUAL_TE:    TE_AVE:      ERROR:
               1	       -0.920736	       -0.920736	               0
               2	       -0.929544	        -0.92514	       0.0031141
               3	       -0.929952	       -0.926744	      0.00245464
               4	       -0.920872	       -0.925276	      0.00223729
               5	       -0.922608	       -0.924742	      0.00185237
               6	        -0.92668	       -0.925065	      0.00157154
               7	       -0.923512	       -0.924843	      0.00136261
               8	       -0.923472	       -0.924672	      0.00120302
               9	       -0.924848	       -0.924692	      0.00106951
              10	        -0.92112	       -0.924334	      0.00102045
              11	       -0.923008	       -0.924214	     0.000934782
              12	        -0.93276	       -0.924926	      0.00109507
              13	       -0.934432	       -0.925657	        0.001231
              14	        -0.92708	       -0.925759	      0.00114726
              15	       -0.922984	       -0.925574	      0.00108559
              16	       -0.922296	       -0.925369	      0.00103689
              17	       -0.919272	        -0.92501	      0.00103607
              18	       -0.924248	       -0.924968	     0.000979371
              19	       -0.927088	        -0.92508	      0.00093416
              20	       -0.937472	       -0.925699	      0.00107345
              21	         -0.9284	       -0.925828	      0.00103001
              22	       -0.923128	       -0.925705	     0.000990478
              23	        -0.92556	       -0.925699	     0.000947434
              24	       -0.926016	       -0.925712	     0.000908049
              25	         -0.9302	       -0.925892	     0.000889296
              26	       -0.937496	       -0.926338	     0.000960587
              27	         -0.9216	       -0.926162	     0.000940901
              28	        -0.91704	       -0.925837	     0.000962051
              29	       -0.930696	       -0.926004	     0.000943357
              30	       -0.931304	       -0.926181	     0.000928306
              31	       -0.924152	       -0.926115	     0.000900665
              32	       -0.931256	       -0.926276	      0.00088673
              33	       -0.929072	       -0.926361	     0.000863898
              34	       -0.933832	        -0.92658	     0.000865985
              35	       -0.918328	       -0.926345	     0.000872752
              36	       -0.928208	       -0.926396	     0.000850042
              37	       -0.926168	        -0.92639	      0.00082709
              38	       -0.928488	       -0.926445	     0.000807165
              39	           -0.93	       -0.926537	     0.000791597
              40	       -0.926928	       -0.926546	     0.000771868
              41	       -0.924576	       -0.926498	     0.000754537
              42	       -0.932856	        -0.92665	     0.000751602
              43	       -0.922656	       -0.926557	     0.000739839
              44	        -0.93396	       -0.926725	      0.00074191
              45	       -0.926368	       -0.926717	     0.000725466
              46	       -0.932464	       -0.926842	     0.000720371
              47	       -0.919312	       -0.926682	     0.000722641
              48	       -0.930208	       -0.926755	      0.00071131
              49	       -0.927832	       -0.926777	     0.000697133
              50	        -0.93488	       -0.926939	     0.000701773
              51	        -0.92484	       -0.926898	     0.000689219
              52	       -0.919552	       -0.926757	     0.000690292
              53	       -0.927768	       -0.926776	     0.000677531
              54	       -0.933104	       -0.926893	     0.000675042
              55	        -0.92484	       -0.926856	       0.0006638
              56	        -0.92244	       -0.926777	     0.000656613
              57	       -0.925432	       -0.926753	     0.000645518
              58	       -0.927592	       -0.926768	      0.00063455
              59	        -0.92508	       -0.926739	     0.000624439
              60	       -0.927664	       -0.926755	     0.000614222
              61	       -0.922736	       -0.926689	     0.000607676
              62	       -0.921624	       -0.926607	      0.00060334
              63	        -0.92852	       -0.926637	     0.000594527
              64	       -0.923808	       -0.926593	     0.000586879
              65	        -0.93592	       -0.926737	     0.000595133
              66	       -0.922192	       -0.926668	     0.000590086
              67	        -0.92804	       -0.926688	     0.000581634
              68	       -0.932056	       -0.926767	     0.000578412
              69	       -0.926952	        -0.92677	     0.000570035
              70	        -0.93312	       -0.926861	     0.000569064
              71	       -0.935144	       -0.926977	     0.000572884
              72	       -0.923048	       -0.926923	      0.00056752
              73	        -0.91968	       -0.926824	     0.000568353
              74	       -0.934744	       -0.926931	     0.000570662
              75	        -0.92168	       -0.926861	     0.000567331
              76	       -0.917072	       -0.926732	       0.0005743
              77	        -0.91792	       -0.926617	     0.000578131
              78	       -0.927392	       -0.926627	     0.000570804
              79	       -0.925488	       -0.926613	     0.000563761
              80	       -0.931232	       -0.926671	     0.000559663
              81	       -0.925744	       -0.926659	      0.00055287
              82	        -0.93628	       -0.926776	     0.000558439
              83	       -0.935768	       -0.926885	      0.00056212
              84	        -0.92448	       -0.926856	     0.000556157
              85	       -0.925216	       -0.926837	     0.000549948
              86	       -0.917376	       -0.926727	     0.000554447
              87	       -0.927024	        -0.92673	     0.000548085
              88	        -0.91612	        -0.92661	      0.00055496
              89	       -0.913656	       -0.926464	      0.00056749
              90	       -0.927976	       -0.926481	     0.000561433
              91	       -0.923544	       -0.926449	      0.00055619
              92	       -0.937728	       -0.926571	     0.000563495
              93	       -0.934984	       -0.926662	      0.00056465
              94	        -0.92556	        -0.92665	     0.000558765
              95	       -0.936776	       -0.926757	     0.000562958
              96	        -0.92736	       -0.926763	     0.000557129
              97	       -0.934344	       -0.926841	      0.00055684
              98	       -0.929312	       -0.926866	     0.000551729
              99	       -0.932512	       -0.926923	     0.000549095
             100	         -0.9218	       -0.926872	     0.000545989
             101	       -0.928368	       -0.926887	     0.000540784
             102	       -0.925488	       -0.926873	     0.000535656
             103	        -0.91404	       -0.926749	     0.000544753
             104	       -0.939544	       -0.926872	     0.000553234
             105	       -0.930912	        -0.92691	     0.000549302
             106	       -0.928936	       -0.926929	     0.000544452
             107	       -0.927312	       -0.926933	     0.000539376
             108	       -0.922752	       -0.926894	     0.000535769
             109	        -0.92176	       -0.926847	      0.00053292
             110	       -0.921904	       -0.926802	     0.000529966
             111	          -0.917	       -0.926714	     0.000532498
             112	       -0.927968	       -0.926725	     0.000527861
             113	       -0.937408	       -0.926819	     0.000531589
             114	       -0.933336	       -0.926877	      0.00052999
             115	       -0.916832	       -0.926789	      0.00053253
             116	       -0.931632	       -0.926831	     0.000529573
             117	       -0.933568	       -0.926889	     0.000528168
             118	       -0.928616	       -0.926903	     0.000523895
             119	       -0.936008	        -0.92698	      0.00052505
             120	        -0.93452	       -0.927043	     0.000524421
             121	       -0.921128	       -0.926994	      0.00052236
             122	       -0.932736	       -0.927041	     0.000520194
             123	       -0.938888	       -0.927137	     0.000524807
             124	       -0.925656	       -0.927125	      0.00052071
             125	       -0.929912	       -0.927147	     0.000517022
             126	       -0.922136	       -0.927108	     0.000514446
             127	       -0.928288	       -0.927117	     0.000510479
             128	       -0.925944	       -0.927108	     0.000506573
             129	       -0.928016	       -0.927115	     0.000502695
             130	       -0.928768	       -0.927128	     0.000498989
             131	       -0.927928	       -0.927134	     0.000495217
             132	       -0.927568	       -0.927137	     0.000491477
             133	       -0.935128	       -0.927197	      0.00049144
             134	       -0.924872	        -0.92718	     0.000488079
             135	       -0.924768	       -0.927162	      0.00048479
             136	        -0.92628	       -0.927155	     0.000481269
             137	       -0.922416	       -0.927121	     0.000478998
             138	       -0.926672	       -0.927118	     0.000475538
             139	       -0.926864	       -0.927116	      0.00047212
             140	       -0.922296	       -0.927081	     0.000470002
             141	       -0.926944	        -0.92708	     0.000466669
             142	       -0.929224	       -0.927095	     0.000463627
             143	       -0.921928	       -0.927059	     0.000461791
             144	       -0.924328	        -0.92704	     0.000458973
             145	       -0.916208	       -0.926966	     0.000461848
             146	       -0.917816	       -0.926903	     0.000462917
             147	       -0.935816	       -0.926964	     0.000463721
             148	       -0.919784	       -0.926915	     0.000463119
             149	       -0.918056	       -0.926856	     0.000463811
             150	         -0.9242	       -0.926838	     0.000461057
             151	       -0.925352	       -0.926828	     0.000458109
             152	       -0.930288	       -0.926851	      0.00045566
             153	        -0.94088	       -0.926942	     0.000461816
             154	       -0.942056	       -0.927041	     0.000469129
             155	       -0.923304	       -0.927017	     0.000466721
             156	       -0.936288	       -0.927076	     0.000467498
             157	        -0.93244	        -0.92711	     0.000465767
             158	       -0.928168	       -0.927117	     0.000462867
             159	       -0.918728	       -0.927064	     0.000462953
             160	       -0.916256	       -0.926997	     0.000464962
             161	       -0.918728	       -0.926945	     0.000464902
             162	       -0.915224	       -0.926873	     0.000467628
             163	       -0.923848	       -0.926854	     0.000465127
             164	       -0.925312	       -0.926845	     0.000462386
             165	       -0.924496	       -0.926831	     0.000459803
             166	        -0.93324	       -0.926869	     0.000458651
             167	       -0.925904	       -0.926863	     0.000455941
             168	       -0.932624	       -0.926898	     0.000454515
             169	       -0.921648	       -0.926867	     0.000452886
             170	       -0.937368	       -0.926928	     0.000454415
             171	        -0.93492	       -0.926975	     0.000454154
             172	       -0.916056	       -0.926912	     0.000455929
             173	       -0.917856	       -0.926859	     0.000456289
             174	       -0.926176	       -0.926855	     0.000453683
             175	       -0.927288	       -0.926858	     0.000451098
             176	       -0.937024	       -0.926916	     0.000452218
             177	       -0.919808	       -0.926875	     0.000451442
             178	       -0.921272	       -0.926844	     0.000450002
             179	       -0.921736	       -0.926815	     0.000448392
             180	        -0.92776	       -0.926821	     0.000445932
             181	       -0.917528	       -0.926769	     0.000446414
             182	       -0.929672	       -0.926785	     0.000444246
             183	       -0.933568	       -0.926822	     0.000443362
             184	       -0.930832	       -0.926844	     0.000441487
             185	        -0.93468	       -0.926887	     0.000441128
             186	         -0.9346	       -0.926928	     0.000440701
             187	       -0.927184	       -0.926929	     0.000438347
             188	         -0.9266	       -0.926928	     0.000436019
             189	       -0.918944	       -0.926885	     0.000435753
             190	       -0.930568	       -0.926905	      0.00043389
             191	       -0.919488	       -0.926866	     0.000433353
             192	       -0.933352	         -0.9269	      0.00043241
             193	       -0.936432	       -0.926949	     0.000432982
             194	       -0.923816	       -0.926933	     0.000431051
             195	       -0.934408	       -0.926971	     0.000430541
             196	          -0.936	       -0.927017	     0.000430802
             197	       -0.927432	       -0.927019	      0.00042862
             198	       -0.927456	       -0.927022	     0.000426461
             199	       -0.923376	       -0.927003	     0.000424712
             200	        -0.93552	       -0.927046	     0.000424717
             201	       -0.929416	       -0.927058	     0.000422768
             202	       -0.928736	       -0.927066	     0.000420757
             203	         -0.9198	        -0.92703	     0.000420204
             204	       -0.926512	       -0.927028	     0.000418152
             205	       -0.936336	       -0.927073	      0.00041857
             206	        -0.92144	       -0.927046	      0.00041743
             207	       -0.923032	       -0.927026	     0.000415864
             208	       -0.928688	       -0.927034	     0.000413941
             209	       -0.925104	       -0.927025	     0.000412064
             210	       -0.917528	        -0.92698	     0.000412576
             211	       -0.913888	       -0.926918	      0.00041526
             212	        -0.92248	       -0.926897	     0.000413828
             213	       -0.923008	       -0.926879	     0.000412288
             214	       -0.927528	       -0.926882	     0.000410372
             215	       -0.924072	       -0.926869	     0.000408672
             216	       -0.919088	       -0.926833	     0.000408364
             217	        -0.93628	       -0.926876	     0.000408797
             218	       -0.919808	       -0.926844	     0.000408205
             219	       -0.923344	       -0.926828	     0.000406654
             220	       -0.928144	       -0.926834	     0.000404849
             221	       -0.922472	       -0.926814	     0.000403498
             222	       -0.927624	       -0.926818	     0.000401697
             223	       -0.928024	       -0.926823	     0.000399932
             224	       -0.923472	       -0.926808	     0.000398427
             225	       -0.934496	       -0.926842	     0.000398118
             226	         -0.9208	       -0.926816	     0.000397253
             227	       -0.926448	       -0.926814	     0.000395507
             228	        -0.92804	       -0.926819	     0.000393808
             229	        -0.91616	       -0.926773	      0.00039483
             230	       -0.928496	        -0.92678	     0.000393184
             231	       -0.927432	       -0.926783	     0.000391493
             232	       -0.935608	       -0.926821	     0.000391649
             233	         -0.9272	       -0.926823	     0.000389971
             234	       -0.935912	       -0.926862	     0.000390234
             235	        -0.93456	       -0.926894	     0.000389946
             236	       -0.922912	       -0.926877	     0.000388659
             237	       -0.934768	       -0.926911	     0.000388442
             238	       -0.932888	       -0.926936	     0.000387621
             239	       -0.930408	        -0.92695	     0.000386272
             240	        -0.92028	       -0.926923	     0.000385661
             241	       -0.935264	       -0.926957	     0.000385611
             242	       -0.917136	       -0.926917	     0.000386147
             243	       -0.926432	       -0.926915	     0.000384563
             244	       -0.923192	       -0.926899	     0.000383289
             245	       -0.926368	       -0.926897	     0.000381731
             246	        -0.91788	       -0.926861	     0.000381935
             247	       -0.919312	        -0.92683	      0.00038161
             248	       -0.932232	       -0.926852	     0.000380692
             249	       -0.926656	       -0.926851	     0.000379164
             250	       -0.919088	        -0.92682	     0.000378917
             251	       -0.928168	       -0.926825	     0.000377445
             252	       -0.915888	       -0.926782	     0.000378434
             253	       -0.924456	       -0.926773	      0.00037705
             254	        -0.92668	       -0.926772	     0.000375566
             255	       -0.918312	       -0.926739	     0.000375556
             256	       -0.928392	       -0.926746	     0.000374144
             257	       -0.924768	       -0.926738	     0.000372768
             258	       -0.916528	       -0.926698	     0.000373417
             259	       -0.923152	       -0.926685	     0.000372227
             260	       -0.907152	        -0.92661	       0.0003783
             261	       -0.926592	       -0.926609	     0.000376851
             262	       -0.922728	       -0.926595	     0.000375703
             263	       -0.928208	       -0.926601	     0.000374325
             264	       -0.926984	       -0.926602	      0.00037291
             265	       -0.924968	       -0.926596	     0.000371554
             266	       -0.916632	       -0.926559	      0.00037204
             267	       -0.933632	       -0.926585	     0.000371589
             268	       -0.932384	       -0.926607	     0.000370832
             269	       -0.920416	       -0.926584	     0.000370167
             270	       -0.933744	        -0.92661	     0.000369744
             271	       -0.933728	       -0.926636	     0.000369312
             272	       -0.923104	       -0.926624	     0.000368182
             273	       -0.921424	       -0.926604	     0.000367326
             274	       -0.934184	       -0.926632	     0.000367025
             275	        -0.92536	       -0.926627	      0.00036572
             276	       -0.930224	       -0.926641	     0.000364627
             277	       -0.936384	       -0.926676	     0.000365003
             278	       -0.928464	       -0.926682	     0.000363747
             279	       -0.928112	       -0.926687	     0.000362479
             280	        -0.91928	       -0.926661	     0.000362149
             281	       -0.928944	       -0.926669	     0.000360951
             282	       -0.932536	        -0.92669	      0.00036027
             283	       -0.928016	       -0.926694	     0.000359028
             284	       -0.937904	       -0.926734	     0.000359927
             285	       -0.931368	        -0.92675	     0.000359031
             286	        -0.91936	       -0.926724	     0.000358704
             287	       -0.932424	       -0.926744	     0.000358004
             288	        -0.92432	       -0.926736	      0.00035686
             289	       -0.945592	       -0.926801	      0.00036154
             290	       -0.926792	       -0.926801	     0.000360294
             291	       -0.926888	       -0.926801	     0.000359056
             292	        -0.93028	       -0.926813	     0.000358024
             293	        -0.92388	       -0.926803	     0.000356942
             294	       -0.930736	       -0.926817	     0.000355978
             295	       -0.916144	        -0.92678	     0.000356605
             296	       -0.939104	       -0.926822	     0.000357822
             297	       -0.914864	       -0.926782	     0.000358876
             298	       -0.920816	       -0.926762	     0.000358229
             299	       -0.932664	       -0.926781	     0.000357575
             300	        -0.93028	       -0.926793	     0.000356573
             301	       -0.917064	       -0.926761	      0.00035685
             302	       -0.915576	       -0.926724	     0.000357585
             303	       -0.930328	       -0.926736	     0.000356603
             304	        -0.93304	       -0.926756	     0.000356032
             305	        -0.92848	       -0.926762	      0.00035491
             306	       -0.917728	       -0.926733	     0.000354976
             307	       -0.932448	       -0.926751	     0.000354307
             308	       -0.924904	       -0.926745	     0.000353208
             309	       -0.926408	       -0.926744	     0.000352067
             310	       -0.924448	       -0.926737	     0.000351009
             311	       -0.916168	       -0.926703	     0.000351521
             312	       -0.931632	       -0.926718	     0.000350749
             313	       -0.932104	       -0.926736	     0.000350051
             314	       -0.926624	       -0.926735	     0.000348936
             315	       -0.931608	       -0.926751	     0.000348171
             316	        -0.93224	       -0.926768	     0.000347502
             317	       -0.931656	       -0.926784	     0.000346748
             318	       -0.925464	       -0.926779	     0.000345682
             319	       -0.929088	       -0.926787	     0.000344674
             320	       -0.919216	       -0.926763	     0.000344408
             321	       -0.928176	       -0.926767	     0.000343364
             322	       -0.935432	       -0.926794	      0.00034335
             323	       -0.915224	       -0.926758	      0.00034415
             324	        -0.92184	       -0.926743	     0.000343423
             325	       -0.929672	       -0.926752	     0.000342484
             326	        -0.92428	       -0.926745	     0.000341518
             327	       -0.931888	        -0.92676	     0.000340835
             328	         -0.9318	       -0.926776	     0.000340142
             329	        -0.93144	        -0.92679	     0.000339404
             330	       -0.924616	       -0.926783	     0.000338439
             331	        -0.92872	       -0.926789	     0.000337467
             332	       -0.936088	       -0.926817	     0.000337611
             333	         -0.9364	       -0.926846	     0.000337822
             334	       -0.928008	        -0.92685	     0.000336828
             335	       -0.921456	       -0.926833	     0.000336207
             336	       -0.921072	       -0.926816	     0.000335643
             337	       -0.924272	       -0.926809	     0.000334732
             338	       -0.923016	       -0.926798	      0.00033393
             339	       -0.933072	       -0.926816	     0.000333458
             340	       -0.933064	       -0.926834	     0.000332983
             341	        -0.93896	        -0.92687	       0.0003339
             342	       -0.914592	       -0.926834	     0.000334848
             343	       -0.922264	       -0.926821	     0.000334136
             344	       -0.929024	       -0.926827	     0.000333227
             345	       -0.924808	       -0.926821	     0.000332312
             346	       -0.920456	       -0.926803	      0.00033186
             347	       -0.929888	       -0.926812	     0.000331023
             348	       -0.930768	       -0.926823	     0.000330267
             349	        -0.93208	       -0.926838	     0.000329664
             350	       -0.933624	       -0.926858	     0.000329292
             351	       -0.928176	       -0.926861	     0.000328375
             352	       -0.917592	       -0.926835	     0.000328496
             353	       -0.935576	        -0.92686	     0.000328498
             354	        -0.92376	       -0.926851	     0.000327686
             355	       -0.922352	       -0.926838	     0.000327008
             356	       -0.919704	       -0.926818	     0.000326703
             357	        -0.92524	       -0.926814	     0.000325818
             358	       -0.924704	       -0.926808	     0.000324961
             359	       -0.924864	       -0.926803	     0.000324101
             360	       -0.924896	       -0.926797	     0.000323244
             361	        -0.92572	       -0.926794	     0.000322363
             362	       -0.933776	       -0.926814	     0.000322048
             363	       -0.923256	       -0.926804	      0.00032131
             364	       -0.928472	       -0.926808	      0.00032046
             365	       -0.918512	       -0.926786	     0.000320387
             366	       -0.929792	       -0.926794	     0.000319617
             367	        -0.93076	       -0.926805	     0.000318929
             368	        -0.92644	       -0.926804	     0.000318064
             369	         -0.9282	       -0.926807	     0.000317225
             370	       -0.940832	       -0.926845	     0.000318624
             371	       -0.920104	       -0.926827	     0.000318283
             372	        -0.92816	       -0.926831	     0.000317447
             373	       -0.918832	       -0.926809	      0.00031732
             374	        -0.91532	       -0.926779	     0.000317955
             375	       -0.926864	       -0.926779	     0.000317107
             376	       -0.929504	       -0.926786	     0.000316346
             377	       -0.918528	       -0.926764	     0.000316265
             378	       -0.919712	       -0.926746	     0.000315978
             379	       -0.922048	       -0.926733	     0.000315387
             380	         -0.9296	       -0.926741	     0.000314647
             381	        -0.92204	       -0.926728	     0.000314063
             382	       -0.932672	       -0.926744	     0.000313626
             383	        -0.91984	       -0.926726	     0.000313325
             384	        -0.92532	       -0.926722	      0.00031253
             385	       -0.942272	       -0.926763	     0.000314318
             386	       -0.926992	       -0.926763	     0.000313504
             387	       -0.919152	       -0.926744	      0.00031331
             388	       -0.921208	       -0.926729	     0.000312827
             389	       -0.924448	       -0.926723	     0.000312078
             390	        -0.93176	       -0.926736	     0.000311545
             391	       -0.920112	       -0.926719	     0.000311208
             392	        -0.93056	       -0.926729	     0.000310569
             393	       -0.938544	       -0.926759	      0.00031123
             394	        -0.92328	        -0.92675	     0.000310565
             395	       -0.933248	       -0.926767	     0.000310215
             396	       -0.917032	       -0.926742	     0.000310404
             397	       -0.920552	       -0.926727	     0.000310013
             398	       -0.931832	       -0.926739	       0.0003095
             399	       -0.924144	       -0.926733	     0.000308792
             400	       -0.924064	       -0.926726	     0.000308092
             401	       -0.919592	       -0.926709	     0.000307837
             402	        -0.92084	       -0.926694	     0.000307417
             403	       -0.931624	       -0.926706	     0.000306898
             404	       -0.927384	       -0.926708	     0.000306143
             405	       -0.926488	       -0.926707	     0.000305387
             406	       -0.928176	       -0.926711	     0.000304657
             407	       -0.924624	       -0.926706	     0.000303951
             408	        -0.92532	       -0.926702	     0.000303225
             409	       -0.922912	       -0.926693	     0.000302625
             410	       -0.926104	       -0.926692	     0.000301891
             411	       -0.927664	       -0.926694	     0.000301166
             412	        -0.93836	       -0.926722	     0.000301763
             413	       -0.935976	       -0.926745	     0.000301863
             414	       -0.937312	        -0.92677	     0.000302211
             415	        -0.93492	        -0.92679	      0.00030212
             416	       -0.929904	       -0.926797	     0.000301486
             417	       -0.922144	       -0.926786	      0.00030097
             418	       -0.920688	       -0.926772	     0.000300603
             419	       -0.922072	        -0.92676	     0.000300095
             420	        -0.93008	       -0.926768	     0.000299485
             421	       -0.923384	        -0.92676	     0.000298881
             422	       -0.928608	       -0.926765	     0.000298205
             423	       -0.925192	       -0.926761	     0.000297523
             424	       -0.928128	       -0.926764	     0.000296839
             425	       -0.926696	       -0.926764	      0.00029614
             426	        -0.93064	       -0.926773	     0.000295585
             427	       -0.918072	       -0.926753	     0.000295594
             428	       -0.928688	       -0.926757	     0.000294938
             429	        -0.92388	       -0.926751	     0.000294327
             430	       -0.926416	        -0.92675	     0.000293644
             431	       -0.935872	       -0.926771	     0.000293724
             432	       -0.920464	       -0.926756	     0.000293407
             433	       -0.914328	       -0.926728	      0.00029413
             434	       -0.921368	       -0.926715	     0.000293711
             435	       -0.926968	       -0.926716	     0.000293037
             436	       -0.937888	       -0.926742	     0.000293483
             437	       -0.917016	       -0.926719	     0.000293654
             438	       -0.919168	       -0.926702	     0.000293489
             439	         -0.9266	       -0.926702	      0.00029282
             440	       -0.934392	       -0.926719	     0.000292676
             441	       -0.924064	       -0.926713	     0.000292074
             442	         -0.9252	        -0.92671	     0.000291434
             443	       -0.928256	       -0.926713	     0.000290797
             444	       -0.931552	       -0.926724	     0.000290346
             445	          -0.923	       -0.926716	     0.000289814
             446	       -0.916728	       -0.926693	     0.000290028
             447	       -0.928792	       -0.926698	     0.000289417
             448	       -0.926416	       -0.926698	     0.000288772
             449	       -0.924472	       -0.926693	     0.000288171
             450	       -0.924792	       -0.926688	     0.000287562
             451	       -0.920512	       -0.926675	      0.00028725
             452	         -0.9276	       -0.926677	     0.000286622
             453	        -0.92124	       -0.926665	      0.00028624
             454	       -0.930144	       -0.926672	     0.000285712
             455	       -0.922704	       -0.926664	     0.000285218
             456	       -0.925552	       -0.926661	     0.000284603
             457	       -0.922736	       -0.926653	     0.000284109
             458	       -0.923072	       -0.926645	     0.000283597
             459	       -0.941272	       -0.926677	     0.000284764
             460	       -0.928336	        -0.92668	     0.000284167
             461	       -0.918776	       -0.926663	     0.000284068
             462	       -0.930312	       -0.926671	     0.000283563
             463	       -0.920936	       -0.926659	     0.000283221
             464	       -0.938152	       -0.926683	     0.000283691
             465	       -0.931832	       -0.926694	     0.000283297
             466	       -0.936144	       -0.926715	     0.000283414
             467	       -0.921792	       -0.926704	     0.000283003
             468	       -0.940296	       -0.926733	     0.000283885
             469	       -0.930368	       -0.926741	     0.000283385
             470	       -0.926088	        -0.92674	     0.000282786
             471	       -0.920536	       -0.926726	     0.000282492
             472	         -0.9272	       -0.926727	     0.000281895
             473	       -0.925048	       -0.926724	     0.000281322
             474	       -0.920816	       -0.926711	     0.000281004
             475	       -0.928856	       -0.926716	     0.000280449
             476	       -0.917032	       -0.926696	     0.000280596
             477	       -0.935824	       -0.926715	      0.00028066
             478	        -0.93072	       -0.926723	     0.000280198
             479	       -0.919536	       -0.926708	     0.000280014
             480	       -0.925832	       -0.926706	     0.000279437
             481	       -0.927104	       -0.926707	     0.000278857
             482	       -0.922224	       -0.926698	     0.000278434
             483	       -0.921296	       -0.926687	     0.000278082
             484	       -0.919392	       -0.926672	     0.000277915
             485	       -0.926912	       -0.926672	     0.000277343
             486	       -0.925224	       -0.926669	     0.000276788
             487	        -0.92352	       -0.926663	     0.000276295
             488	       -0.930504	        -0.92667	     0.000275841
             489	       -0.927976	       -0.926673	      0.00027529
             490	       -0.934744	        -0.92669	     0.000275221
             491	       -0.924472	       -0.926685	     0.000274697
             492	        -0.91164	       -0.926655	     0.000275836
             493	       -0.921256	       -0.926644	     0.000275493
             494	       -0.917024	       -0.926624	     0.000275623
             495	        -0.92076	       -0.926612	     0.000275321
             496	       -0.915208	       -0.926589	     0.000275724
             497	       -0.925296	       -0.926587	     0.000275182
             498	         -0.9268	       -0.926587	     0.000274629
             499	       -0.928352	       -0.926591	     0.000274102
             500	       -0.936552	       -0.926611	     0.000274277
