#     BLOCK:   ACTUAL_M:     M_AVE:       ERROR:
           1	     0.00256	     0.00256	           0
           2	    -0.00384	    -0.00064	  0.00226274
           3	     0.00244	 0.000386667	  0.00172576
           4	     0.00024	     0.00035	  0.00129471
           5	     0.02128	    0.004536	   0.0038847
           6	      0.0032	  0.00431333	  0.00324363
           7	    -0.01452	  0.00162286	  0.00373288
           8	      -0.006	     0.00067	   0.0033857
           9	     0.00856	  0.00154667	  0.00312094
          10	     0.00292	    0.001684	  0.00281187
          11	     -0.0028	  0.00127636	  0.00258562
          12	     0.01648	  0.00254333	  0.00266253
          13	     0.00476	  0.00271385	  0.00246318
          14	    -0.00616	     0.00208	  0.00236738
          15	    -0.01208	    0.001136	  0.00239037
          16	     -0.0158	    7.75e-05	  0.00246422
          17	     0.00808	 0.000548235	   0.0023638
          18	    -0.01652	     -0.0004	  0.00241519
          19	    -0.01888	 -0.00137263	  0.00247619
          20	      0.0032	   -0.001144	  0.00236291
          21	    -0.00384	 -0.00127238	  0.00225387
          22	     -0.0094	 -0.00164182	  0.00218149
          23	      0.0258	-0.000448696	  0.00239076
          24	     -0.0014	-0.000488333	  0.00229147
          25	     -0.0192	  -0.0012368	  0.00231883
          26	    -0.01324	 -0.00169846	  0.00227514
          27	     0.00356	  -0.0015037	  0.00219919
          28	     0.02448	-0.000575714	  0.00230815
          29	    -0.00056	-0.000575172	  0.00222856
          30	     0.00936	   -0.000244	  0.00217874
          31	      -0.026	 -0.00107484	  0.00226134
          32	    -0.00168	 -0.00109375	  0.00219075
          33	    -0.00968	 -0.00135394	  0.00213976
          34	     0.02036	-0.000715294	  0.00217004
          35	     -0.0182	 -0.00121486	  0.00216478
          36	      0.0124	-0.000836667	  0.00213742
          37	    -0.00268	-0.000886486	  0.00208024
          38	     0.00216	-0.000806316	  0.00202704
          39	     0.00284	-0.000712821	  0.00197722
          40	     0.01096	   -0.000421	   0.0019492
          41	    -0.01976	-0.000892683	   0.0019579
          42	      0.0138	-0.000542857	  0.00194228
          43	    -0.01792	-0.000946977	   0.0019387
          44	     0.00832	-0.000736364	  0.00190604
          45	     0.00956	-0.000507556	  0.00187737
          46	     0.00944	-0.000291304	  0.00184897
          47	    -0.00248	-0.000337872	  0.00181022
          48	    -0.01708	-0.000686667	   0.0018058
          49	     0.01704	-0.000324898	  0.00180482
          50	     0.01952	     7.2e-05	  0.00181184
          51	      0.0112	 0.000290196	   0.0017894
          52	    -0.01224	 4.92308e-05	  0.00177114
          53	     -0.0012	 2.56604e-05	  0.00173788
          54	    -0.00456	-5.92593e-05	  0.00170777
          55	    -0.00848	-0.000212364	  0.00168357
          56	     0.00988	-3.21429e-05	  0.00166312
          57	     0.00536	 6.24561e-05	  0.00163663
          58	    -0.00128	 3.93103e-05	  0.00160858
          59	    -0.03412	-0.000539661	  0.00168228
          60	    -0.00336	-0.000586667	   0.0016549
          61	     0.00296	-0.000528525	  0.00162879
          62	     0.01032	-0.000353548	  0.00161189
          63	       4e-05	-0.000347302	  0.00158632
          64	    -0.00044	 -0.00034875	  0.00156154
          65	     -0.0108	-0.000509538	  0.00154577
          66	    -0.00892	 -0.00063697	  0.00152759
          67	    -0.01744	-0.000887761	  0.00152524
          68	    -0.00628	-0.000967059	  0.00150487
          69	     0.02888	-0.000534493	  0.00154398
          70	     0.02552	-0.000162286	  0.00156614
          71	     0.02064	 0.000130704	  0.00157125
          72	     0.00448	 0.000191111	  0.00155059
          73	     -0.0056	 0.000111781	  0.00153138
          74	     0.00384	 0.000162162	  0.00151151
          75	    -0.01388	-2.50667e-05	  0.00150291
          76	      0.0054	 4.63158e-05	  0.00148483
          77	     0.00116	 6.07792e-05	  0.00146561
          78	     0.02208	 0.000343077	  0.00147376
          79	    -0.01368	  0.00016557	  0.00146576
          80	      0.0092	   0.0002785	  0.00145178
          81	    -0.00356	 0.000231111	  0.00143463
          82	    -0.00624	 0.000152195	   0.0014193
          83	       0.018	 0.000367229	   0.0014184
          84	     0.01236	     0.00051	  0.00140868
          85	     0.00464	 0.000558588	  0.00139294
          86	     0.01116	  0.00068186	  0.00138219
          87	     0.01428	 0.000838161	  0.00137511
          88	    -0.02184	 0.000580455	  0.00138342
          89	     0.00052	 0.000579775	  0.00136788
          90	     0.00852	    0.000668	  0.00135552
          91	      -0.024	 0.000396923	  0.00136746
          92	      0.0054	 0.000451304	  0.00135368
          93	    -0.00388	 0.000404731	  0.00133993
          94	     0.00684	 0.000473191	  0.00132742
          95	    -0.02132	 0.000243789	  0.00133312
          96	     0.00428	 0.000285833	   0.0013199
          97	     0.00316	 0.000315464	  0.00130662
          98	      0.0074	 0.000387755	  0.00129529
          99	     0.01632	 0.000548687	  0.00129216
         100	    -0.02692	    0.000274	  0.00130811
