#     BLOCK:   ACTUAL_CV:    CV_AVE:      ERROR:
               1	        0.204777	        0.204777	               0
               2	        0.230572	        0.217675	      0.00911987
               3	        0.224773	        0.220041	      0.00637947
               4	        0.227133	        0.221814	      0.00502497
               5	        0.228828	        0.223217	      0.00421124
               6	        0.214843	        0.221821	      0.00373349
               7	        0.211646	        0.220368	       0.0034716
               8	        0.229453	        0.221503	      0.00321805
               9	        0.245372	        0.224155	      0.00379925
              10	        0.221869	        0.223927	       0.0034262
              11	        0.237971	        0.225203	      0.00334415
              12	        0.237971	        0.226267	      0.00323028
              13	        0.221893	        0.225931	      0.00299927
              14	        0.205709	        0.224486	      0.00311347
              15	         0.22942	        0.224815	      0.00292322
              16	        0.227569	        0.224987	      0.00274558
              17	        0.227499	        0.225135	      0.00258805
              18	        0.196242	         0.22353	      0.00289965
              19	        0.215598	        0.223112	      0.00277693
              20	        0.210797	        0.222497	       0.0027055
              21	        0.218764	        0.222319	       0.0025825
              22	        0.221517	        0.222283	      0.00246537
              23	        0.218875	        0.222134	      0.00236263
              24	        0.225357	        0.222269	        0.002268
              25	        0.220394	        0.222194	      0.00217852
              26	        0.211643	        0.221788	      0.00213219
              27	        0.235806	        0.222307	      0.00211548
              28	         0.22418	        0.222374	      0.00204099
              29	         0.22205	        0.222363	      0.00197064
              30	        0.208801	        0.221911	      0.00195612
              31	        0.198818	        0.221166	      0.00202991
              32	        0.221926	         0.22119	      0.00196661
              33	        0.207102	        0.220763	       0.0019528
              34	        0.220959	        0.220768	      0.00189537
              35	        0.217163	        0.220665	      0.00184402
              36	        0.220759	        0.220668	       0.0017928
              37	        0.216478	        0.220555	      0.00174792
              38	        0.209608	        0.220267	      0.00172549
              39	        0.212499	        0.220067	      0.00169271
              40	        0.216936	        0.219989	       0.0016522
              41	        0.233782	        0.220326	       0.0016458
              42	        0.232256	         0.22061	      0.00163094
              43	         0.20592	        0.220268	      0.00162839
              44	        0.231884	        0.220532	      0.00161264
              45	        0.239906	        0.220963	      0.00163326
              46	        0.202259	        0.220556	      0.00164759
              47	        0.225053	        0.220652	      0.00161531
              48	        0.229417	        0.220834	      0.00159195
              49	        0.225689	        0.220933	      0.00156254
              50	        0.213714	        0.220789	      0.00153794
              51	        0.209517	        0.220568	      0.00152359
              52	        0.216661	        0.220493	      0.00149614
              53	        0.229809	        0.220669	       0.0014782
              54	        0.228998	        0.220823	      0.00145885
              55	        0.220675	         0.22082	      0.00143233
              56	        0.233366	        0.221044	      0.00142417
              57	        0.210057	        0.220851	      0.00141217
              58	        0.220222	        0.220841	      0.00138786
              59	        0.212987	        0.220707	       0.0013707
              60	        0.222271	        0.220733	      0.00134811
              61	        0.219318	         0.22071	      0.00132621
              62	        0.224177	        0.220766	      0.00130599
              63	        0.202537	        0.220477	      0.00131693
              64	        0.224224	        0.220535	      0.00129765
              65	        0.221045	        0.220543	      0.00127771
              66	        0.222716	        0.220576	      0.00125878
              67	        0.216423	        0.220514	      0.00124151
              68	        0.223508	        0.220558	      0.00122404
              69	        0.227542	        0.220659	      0.00121048
              70	        0.194368	        0.220284	       0.0012501
              71	         0.21677	        0.220234	      0.00123347
              72	        0.207857	        0.220062	      0.00122826
              73	        0.218566	        0.220042	       0.0012116
              74	        0.213222	         0.21995	      0.00119873
              75	         0.19831	        0.219661	      0.00121698
              76	        0.203096	        0.219443	      0.00122033
              77	        0.227998	        0.219554	      0.00120953
              78	        0.236279	        0.219769	      0.00121288
              79	        0.208417	        0.219625	      0.00120601
              80	        0.207784	        0.219477	      0.00119998
              81	        0.216358	        0.219439	      0.00118578
              82	        0.219044	        0.219434	      0.00117133
              83	        0.236585	         0.21964	      0.00117531
              84	        0.210259	        0.219529	      0.00116661
              85	         0.24153	        0.219788	      0.00118125
              86	        0.217288	        0.219758	      0.00116787
              87	         0.23246	        0.219904	      0.00116354
              88	        0.206925	        0.219757	      0.00115963
              89	        0.211298	        0.219662	      0.00115049
              90	        0.238315	        0.219869	      0.00115622
              91	        0.218023	        0.219849	      0.00114369
              92	        0.212882	        0.219773	      0.00113376
              93	        0.235174	        0.219939	       0.0011336
              94	        0.215456	        0.219891	      0.00112255
              95	        0.216675	        0.219857	      0.00111124
              96	        0.213444	         0.21979	      0.00110167
              97	        0.220311	        0.219796	      0.00109033
              98	        0.199792	        0.219592	      0.00109814
              99	        0.222488	        0.219621	      0.00108744
             100	        0.219925	        0.219624	      0.00107657
             101	        0.206622	        0.219495	      0.00107358
             102	        0.210283	        0.219405	      0.00106685
             103	        0.215272	        0.219365	      0.00105724
             104	         0.21568	        0.219329	      0.00104767
             105	        0.219808	        0.219334	       0.0010377
             106	        0.198896	        0.219141	      0.00104567
             107	        0.238341	        0.219321	      0.00105118
             108	         0.21105	        0.219244	      0.00104423
             109	        0.223934	        0.219287	      0.00103554
             110	        0.202763	        0.219137	      0.00103696
             111	        0.222755	        0.219169	      0.00102813
             112	        0.213278	        0.219117	       0.0010203
             113	        0.214229	        0.219074	      0.00101219
             114	        0.215362	        0.219041	      0.00100383
             115	        0.233497	        0.219167	      0.00100294
             116	        0.226001	        0.219226	     0.000996026
             117	        0.219623	        0.219229	     0.000987519
             118	        0.221349	        0.219247	     0.000979313
             119	        0.224032	        0.219287	     0.000971909
             120	        0.200449	         0.21913	     0.000976405
             121	        0.240823	        0.219309	     0.000984658
             122	        0.221172	        0.219325	     0.000976705
             123	        0.216959	        0.219305	     0.000968954
             124	         0.21701	        0.219287	     0.000961316
             125	        0.217362	        0.219272	     0.000953749
             126	        0.218788	        0.219268	     0.000946187
             127	        0.226237	        0.219323	     0.000940327
             128	        0.234589	        0.219442	     0.000940514
             129	        0.226912	          0.2195	     0.000935004
             130	        0.240416	        0.219661	     0.000941553
             131	        0.215997	        0.219633	     0.000934781
             132	        0.210769	        0.219566	     0.000930108
             133	        0.209137	        0.219487	     0.000926414
             134	        0.213814	        0.219445	     0.000920467
             135	        0.211448	        0.219386	     0.000915553
             136	        0.211788	         0.21933	     0.000910524
             137	        0.227655	         0.21939	     0.000905903
             138	        0.192991	        0.219199	     0.000919315
             139	        0.206674	        0.219109	     0.000917107
             140	        0.228398	        0.219175	     0.000912953
             141	        0.232815	        0.219272	     0.000911589
             142	        0.227612	        0.219331	     0.000907059
             143	        0.212378	        0.219282	     0.000902018
             144	        0.216075	         0.21926	     0.000896029
             145	        0.209319	        0.219191	     0.000892469
             146	        0.211524	        0.219139	       0.0008879
             147	        0.204888	        0.219042	     0.000887136
             148	        0.211372	         0.21899	     0.000882654
             149	        0.233841	         0.21909	     0.000882339
             150	        0.212408	        0.219045	     0.000877581
             151	         0.22171	        0.219063	     0.000871946
             152	        0.235776	        0.219173	     0.000873115
             153	        0.230792	        0.219249	     0.000870705
             154	        0.217438	        0.219237	      0.00086513
             155	        0.230572	         0.21931	     0.000862634
             156	        0.225041	        0.219347	     0.000857886
             157	        0.223854	        0.219376	     0.000852902
             158	        0.208244	        0.219305	     0.000850409
             159	        0.215514	        0.219281	     0.000845395
             160	         0.21624	        0.219262	     0.000840325
             161	        0.235009	         0.21936	     0.000840778
             162	        0.220083	        0.219365	     0.000835599
             163	        0.234999	        0.219461	      0.00083596
             164	        0.226521	        0.219504	      0.00083197
             165	        0.228115	        0.219556	     0.000828563
             166	        0.202943	        0.219456	     0.000829594
             167	        0.210817	        0.219404	     0.000826237
             168	        0.222268	        0.219421	     0.000821495
             169	        0.218954	        0.219418	     0.000816639
             170	        0.217518	        0.219407	     0.000811911
             171	         0.22049	        0.219413	     0.000807188
             172	        0.234013	        0.219498	     0.000806946
             173	        0.213148	        0.219462	     0.000803116
             174	        0.221865	        0.219475	     0.000798619
             175	        0.205762	        0.219397	     0.000797891
             176	        0.231082	        0.219463	     0.000796115
             177	        0.198858	        0.219347	     0.000800084
             178	        0.228969	        0.219401	     0.000797413
             179	        0.227716	        0.219448	      0.00079431
             180	        0.208305	        0.219386	     0.000792305
             181	        0.215826	        0.219366	     0.000788172
             182	        0.225034	        0.219397	     0.000784456
             183	        0.189743	        0.219235	     0.000796731
             184	        0.220465	        0.219242	     0.000792429
             185	        0.218289	        0.219237	     0.000788162
             186	        0.222649	        0.219255	     0.000784138
             187	        0.218543	        0.219251	     0.000779954
             188	        0.224721	         0.21928	     0.000776348
             189	        0.214628	        0.219256	      0.00077263
             190	        0.222432	        0.219272	     0.000768744
             191	        0.226908	        0.219312	     0.000765758
             192	        0.210375	        0.219266	     0.000763184
             193	         0.21953	        0.219267	      0.00075923
             194	        0.219437	        0.219268	     0.000755317
             195	         0.22354	         0.21929	     0.000751762
             196	        0.215791	        0.219272	     0.000748138
             197	        0.225278	        0.219303	     0.000744961
             198	         0.21755	        0.219294	     0.000741251
             199	        0.233562	        0.219365	     0.000740986
             200	         0.20757	        0.219306	     0.000739625
