#     BLOCK:   ACTUAL_CV:    CV_AVE:      ERROR:
           1	    0.235382	    0.235382	           0
           2	    0.225528	    0.230455	  0.00348383
           3	    0.233899	    0.231603	  0.00250456
           4	    0.242193	     0.23425	  0.00296393
           5	    0.246837	    0.236768	  0.00326987
           6	    0.248605	    0.238741	  0.00326625
           7	     0.21836	    0.235829	  0.00388637
           8	    0.252723	    0.237941	  0.00393268
           9	    0.258584	    0.240235	  0.00411053
          10	    0.232077	    0.239419	  0.00377955
          11	    0.246774	    0.240088	  0.00349461
          12	    0.258244	    0.241601	  0.00351571
          13	    0.262665	    0.243221	  0.00359934
          14	    0.228051	    0.242137	  0.00350155
          15	    0.242676	    0.242173	   0.0032683
          16	    0.249873	    0.242654	  0.00309926
          17	    0.238708	    0.242422	  0.00292563
          18	    0.228953	    0.241674	  0.00285719
          19	    0.247589	    0.241985	  0.00272372
          20	    0.257306	    0.242751	   0.0026931
          21	    0.222537	    0.241789	  0.00273148
          22	    0.240249	    0.241719	  0.00260822
          23	    0.249053	    0.242038	  0.00251423
          24	    0.240106	    0.241957	  0.00241076
          25	    0.245619	    0.242104	  0.00231877
          26	    0.247939	    0.242328	  0.00224043
          27	    0.251226	    0.242658	  0.00218155
          28	    0.256755	    0.243161	  0.00216096
          29	    0.242623	    0.243143	  0.00208652
          30	    0.230238	    0.242712	  0.00206083
          31	    0.213497	     0.24177	  0.00219931
          32	    0.250521	    0.242043	  0.00214751
          33	    0.231079	    0.241711	  0.00210798
          34	    0.235749	    0.241536	  0.00205326
          35	    0.227875	    0.241146	  0.00203136
          36	    0.249909	    0.241389	  0.00198947
          37	    0.233533	    0.241177	    0.001947
          38	    0.233404	    0.240972	  0.00190647
          39	    0.247767	    0.241146	  0.00186553
          40	    0.245767	    0.241262	  0.00182247
          41	    0.260948	    0.241742	  0.00184018
          42	    0.250212	    0.241944	  0.00180738
          43	    0.257484	    0.242305	  0.00180112
          44	    0.250707	    0.242496	  0.00177028
          45	    0.243619	    0.242521	  0.00173112
          46	    0.238225	    0.242428	    0.001696
          47	    0.242962	    0.242439	  0.00165995
          48	    0.265524	     0.24292	  0.00169361
          49	     0.22265	    0.242506	  0.00170882
          50	    0.228443	    0.242225	  0.00169764
          51	      0.2561	    0.242497	  0.00168601
          52	    0.251989	     0.24268	  0.00166343
          53	    0.258257	    0.242973	  0.00165781
          54	    0.246725	    0.243043	  0.00162856
          55	    0.227493	     0.24276	  0.00162331
          56	    0.243859	     0.24278	  0.00159444
          57	    0.234841	     0.24264	  0.00157254
          58	    0.241339	    0.242618	  0.00154559
          59	    0.237278	    0.242528	  0.00152204
          60	    0.234157	    0.242388	  0.00150305
          61	    0.262701	    0.242721	  0.00151485
          62	    0.241331	    0.242699	  0.00149058
          63	    0.224388	    0.242408	  0.00149499
          64	    0.245723	     0.24246	  0.00147253
          65	    0.244575	    0.242492	  0.00145023
          66	    0.243788	    0.242512	  0.00142839
          67	    0.246953	    0.242578	  0.00140861
          68	    0.256119	    0.242777	   0.0014019
          69	    0.251098	    0.242898	  0.00138676
          70	    0.248338	    0.242976	  0.00136913
          71	    0.236821	    0.242889	  0.00135258
          72	    0.246097	    0.242934	  0.00133453
          73	    0.240309	    0.242898	  0.00131673
          74	    0.233849	    0.242775	  0.00130461
          75	    0.225105	     0.24254	  0.00130831
          76	    0.237754	    0.242477	  0.00129261
          77	    0.260979	    0.242717	  0.00129797
          78	    0.252373	    0.242841	  0.00128722
          79	     0.23628	    0.242758	   0.0012736
          80	    0.214645	    0.242406	  0.00130526
          81	     0.24088	    0.242388	  0.00128928
          82	    0.253602	    0.242524	  0.00128079
          83	    0.251727	    0.242635	  0.00127015
          84	    0.229123	    0.242474	  0.00126517
          85	     0.25755	    0.242652	  0.00126266
          86	    0.245764	    0.242688	   0.0012485
          87	     0.23975	    0.242654	   0.0012346
          88	    0.226157	    0.242467	  0.00123472
          89	    0.216929	     0.24218	  0.00125375
          90	    0.251852	    0.242287	  0.00124441
          91	    0.241638	     0.24228	  0.00123076
          92	    0.259826	    0.242471	  0.00123207
          93	    0.247067	     0.24252	  0.00121981
          94	    0.239795	    0.242491	  0.00120718
          95	     0.24791	    0.242548	  0.00119582
          96	    0.253256	     0.24266	  0.00118855
          97	    0.245267	    0.242687	   0.0011766
          98	    0.224024	    0.242496	  0.00117991
          99	    0.240186	    0.242473	  0.00116822
         100	    0.232667	    0.242375	  0.00116065
