#     BLOCK:   ACTUAL_TE:    TE_AVE:      ERROR:
               1	       -0.345821	       -0.345821	               0
               2	       -0.350362	       -0.348092	       0.0016057
               3	       -0.344451	       -0.346878	      0.00145862
               4	       -0.348926	        -0.34739	      0.00118043
               5	       -0.348246	       -0.347561	     0.000956684
               6	       -0.345778	       -0.347264	     0.000842167
               7	       -0.349204	       -0.347541	     0.000766097
               8	       -0.349039	       -0.347729	     0.000692839
               9	       -0.341092	       -0.346991	     0.000928766
              10	       -0.348406	       -0.347133	     0.000846592
              11	       -0.335362	       -0.346062	      0.00127801
              12	        -0.34559	       -0.346023	      0.00117212
              13	       -0.344352	       -0.345895	      0.00108898
              14	       -0.347019	       -0.345975	      0.00101416
              15	       -0.345956	       -0.345974	     0.000946547
              16	       -0.345691	       -0.345956	     0.000887552
              17	       -0.341596	       -0.345699	      0.00087161
              18	       -0.343746	       -0.345591	     0.000829914
              19	       -0.345722	       -0.345598	     0.000786263
              20	        -0.33793	       -0.345214	     0.000835218
              21	       -0.348425	       -0.345367	     0.000809315
              22	       -0.354664	        -0.34579	      0.00087593
              23	       -0.348014	       -0.345887	     0.000843165
              24	       -0.344374	       -0.345824	     0.000810384
              25	       -0.347362	       -0.345885	     0.000780303
              26	       -0.347766	       -0.345957	     0.000753639
              27	       -0.347703	       -0.346022	     0.000728494
              28	        -0.33853	       -0.345755	     0.000750004
              29	        -0.33783	       -0.345481	     0.000772315
              30	       -0.343987	       -0.345432	     0.000748176
              31	         -0.3377	       -0.345182	     0.000764481
              32	       -0.344798	        -0.34517	     0.000740685
              33	       -0.335356	       -0.344873	     0.000775651
              34	        -0.33747	       -0.344655	     0.000782796
              35	       -0.340664	       -0.344541	     0.000768691
              36	       -0.342342	        -0.34448	     0.000749762
              37	       -0.340284	       -0.344366	     0.000738024
              38	       -0.344416	       -0.344368	     0.000718604
              39	       -0.345621	         -0.3444	     0.000700896
              40	       -0.338619	       -0.344255	     0.000698114
              41	       -0.345084	       -0.344276	     0.000681379
              42	       -0.344558	       -0.344282	     0.000665189
              43	        -0.33944	        -0.34417	     0.000659182
              44	       -0.347863	       -0.344254	     0.000649524
              45	       -0.340858	       -0.344178	     0.000639459
              46	       -0.342281	       -0.344137	     0.000626887
              47	       -0.339226	       -0.344032	     0.000622194
              48	       -0.348742	       -0.344131	     0.000616921
              49	       -0.334403	       -0.343932	     0.000635469
              50	       -0.339386	       -0.343841	     0.000629229
              51	       -0.357344	       -0.344106	     0.000670283
              52	        -0.33959	       -0.344019	     0.000662996
              53	       -0.333511	       -0.343821	     0.000679484
              54	       -0.348293	       -0.343904	     0.000671929
              55	        -0.34153	        -0.34386	     0.000661097
              56	       -0.338301	       -0.343761	     0.000656704
              57	         -0.3456	       -0.343793	     0.000645975
              58	       -0.340018	       -0.343728	     0.000638109
              59	       -0.347711	       -0.343796	     0.000630854
              60	        -0.35066	        -0.34391	     0.000630628
              61	       -0.355535	       -0.344101	     0.000648446
              62	       -0.351596	       -0.344222	     0.000649158
              63	       -0.347947	       -0.344281	     0.000641542
              64	       -0.346168	        -0.34431	     0.000632195
              65	       -0.347951	       -0.344366	     0.000624946
              66	       -0.347574	       -0.344415	     0.000617364
              67	       -0.349954	       -0.344498	     0.000613661
              68	       -0.354608	       -0.344646	     0.000622388
              69	        -0.35305	       -0.344768	      0.00062517
              70	       -0.353429	       -0.344892	     0.000628362
              71	       -0.345232	       -0.344897	      0.00061953
              72	       -0.346542	       -0.344919	     0.000611347
              73	       -0.344581	       -0.344915	      0.00060299
              74	        -0.34916	       -0.344972	     0.000597565
              75	       -0.356783	        -0.34513	     0.000609995
              76	       -0.342732	       -0.345098	     0.000602784
              77	       -0.348534	       -0.345143	     0.000596605
              78	        -0.34469	       -0.345137	     0.000588984
              79	         -0.3574	       -0.345292	     0.000601637
              80	       -0.343468	       -0.345269	     0.000594548
              81	       -0.347877	       -0.345302	     0.000588079
              82	        -0.35314	       -0.345397	     0.000588625
              83	       -0.350082	       -0.345454	     0.000584233
              84	        -0.35052	       -0.345514	     0.000580383
              85	       -0.342481	       -0.345478	     0.000574651
              86	       -0.342934	       -0.345449	      0.00056873
              87	       -0.344465	       -0.345437	     0.000562305
              88	       -0.348869	       -0.345476	     0.000557266
              89	        -0.35225	       -0.345552	     0.000556177
              90	       -0.354659	       -0.345654	     0.000559126
              91	       -0.346649	       -0.345665	     0.000553089
              92	       -0.341465	       -0.345619	     0.000548957
              93	       -0.344858	       -0.345611	     0.000543115
              94	        -0.34465	       -0.345601	     0.000537434
              95	        -0.33674	       -0.345507	     0.000539809
              96	       -0.344094	       -0.345493	     0.000534386
              97	       -0.342183	       -0.345458	     0.000529965
              98	       -0.350766	       -0.345513	     0.000527318
              99	       -0.340326	        -0.34546	     0.000524588
             100	       -0.346552	       -0.345471	     0.000519456
             101	       -0.346705	       -0.345483	     0.000514456
             102	       -0.345533	       -0.345484	     0.000509413
             103	       -0.341043	       -0.345441	     0.000506288
             104	       -0.349012	       -0.345475	     0.000502583
             105	        -0.34658	       -0.345486	     0.000497907
             106	       -0.347193	       -0.345502	      0.00049347
             107	       -0.350596	       -0.345549	     0.000491149
             108	       -0.347798	        -0.34557	     0.000487043
             109	       -0.340293	       -0.345522	     0.000484975
             110	       -0.349386	       -0.345557	     0.000481837
             111	        -0.34403	       -0.345543	     0.000477693
             112	       -0.336137	       -0.345459	     0.000480754
             113	       -0.340319	       -0.345414	     0.000478646
             114	       -0.342419	       -0.345387	     0.000475168
             115	       -0.346853	         -0.3454	     0.000471207
             116	       -0.346107	       -0.345406	     0.000467184
             117	       -0.338792	        -0.34535	     0.000466599
             118	       -0.351432	       -0.345401	     0.000465483
             119	       -0.353042	       -0.345465	     0.000465978
             120	       -0.349243	       -0.345497	     0.000463157
             121	       -0.344025	       -0.345485	     0.000459489
             122	       -0.344215	       -0.345474	     0.000455841
             123	       -0.346318	       -0.345481	     0.000452187
             124	       -0.344663	       -0.345475	     0.000448588
             125	       -0.340333	       -0.345433	     0.000446881
             126	       -0.342195	       -0.345408	     0.000444073
             127	       -0.349481	        -0.34544	     0.000441733
             128	        -0.34627	       -0.345446	     0.000438329
             129	       -0.346213	       -0.345452	     0.000434972
             130	       -0.339295	       -0.345405	     0.000434197
             131	       -0.337184	       -0.345342	     0.000435394
             132	       -0.351278	       -0.345387	     0.000434411
             133	       -0.349494	       -0.345418	     0.000432241
             134	       -0.346274	       -0.345424	     0.000429062
             135	       -0.345607	       -0.345426	     0.000425886
             136	        -0.34415	       -0.345416	     0.000422858
             137	       -0.349387	       -0.345445	     0.000420764
             138	       -0.338546	       -0.345395	     0.000420675
             139	       -0.346974	       -0.345407	     0.000417801
             140	       -0.353568	       -0.345465	     0.000418864
             141	        -0.34522	       -0.345463	     0.000415897
             142	       -0.346133	       -0.345468	     0.000412995
             143	       -0.339463	       -0.345426	     0.000412236
             144	       -0.340518	       -0.345392	      0.00041078
             145	       -0.355072	       -0.345459	     0.000413337
             146	       -0.343497	       -0.345445	     0.000410724
             147	       -0.339766	       -0.345407	     0.000409743
             148	       -0.341589	       -0.345381	     0.000407786
             149	       -0.348669	       -0.345403	     0.000405646
             150	       -0.352074	       -0.345447	     0.000405372
             151	       -0.343567	       -0.345435	     0.000402878
             152	       -0.349718	       -0.345463	     0.000401212
             153	       -0.344014	       -0.345454	     0.000398701
             154	       -0.342703	       -0.345436	     0.000396512
             155	       -0.346961	       -0.345446	     0.000394076
             156	       -0.343894	       -0.345436	     0.000391676
             157	        -0.34301	        -0.34542	     0.000389485
             158	       -0.355073	       -0.345481	     0.000391782
             159	       -0.346502	       -0.345488	     0.000389371
             160	        -0.35434	       -0.345543	     0.000390848
             161	       -0.352082	       -0.345584	     0.000390526
             162	       -0.342093	       -0.345562	     0.000388709
             163	       -0.352639	       -0.345605	     0.000388742
             164	       -0.354918	       -0.345662	     0.000390497
             165	       -0.353294	       -0.345708	      0.00039086
             166	       -0.345602	       -0.345708	     0.000388506
             167	       -0.347882	       -0.345721	     0.000386398
             168	       -0.357874	       -0.345793	     0.000390811
             169	         -0.3438	       -0.345781	     0.000388677
             170	       -0.350859	       -0.345811	     0.000387536
             171	       -0.348891	       -0.345829	     0.000385688
             172	       -0.344574	       -0.345822	     0.000383515
             173	       -0.352529	       -0.345861	     0.000383253
             174	       -0.346008	       -0.345862	     0.000381051
             175	       -0.344661	       -0.345855	     0.000378935
             176	       -0.336608	       -0.345802	     0.000380407
             177	       -0.344599	       -0.345795	     0.000378318
             178	       -0.341805	       -0.345773	     0.000376857
             179	       -0.351444	       -0.345805	     0.000376081
             180	       -0.349795	       -0.345827	     0.000374644
             181	       -0.335092	       -0.345768	      0.00037724
             182	       -0.350192	       -0.345792	     0.000375949
             183	       -0.341543	       -0.345769	     0.000374611
             184	       -0.345404	       -0.345767	     0.000372581
             185	        -0.33816	       -0.345726	     0.000372828
             186	       -0.352545	       -0.345762	     0.000372622
             187	       -0.345336	        -0.34576	     0.000370637
             188	       -0.349422	       -0.345779	     0.000369177
             189	       -0.335703	       -0.345726	     0.000371053
             190	       -0.343442	       -0.345714	     0.000369295
             191	       -0.343148	       -0.345701	     0.000367605
             192	       -0.338326	       -0.345662	     0.000367692
             193	       -0.342093	       -0.345644	     0.000366251
             194	       -0.342311	       -0.345627	     0.000364766
             195	       -0.347163	       -0.345634	     0.000362981
             196	       -0.346019	       -0.345636	     0.000361134
             197	       -0.339621	       -0.345606	     0.000360589
             198	       -0.339975	       -0.345577	     0.000359888
             199	       -0.344216	       -0.345571	     0.000358144
             200	       -0.349138	       -0.345588	     0.000356798
