#     BLOCK:   ACTUAL_X:     X_AVE:       ERROR:
           1	     3.75485	     3.75485	           0
           2	     3.67327	     3.71406	   0.0288414
           3	     3.05733	     3.49515	     0.17977
           4	     2.88624	     3.34292	    0.188569
           5	     3.76091	     3.42652	    0.168369
           6	     3.55648	     3.44818	    0.141694
           7	     3.13376	     3.40326	    0.128374
           8	     3.07552	      3.3623	    0.118685
           9	      3.7497	     3.40534	    0.113034
          10	     4.61933	     3.52674	    0.153666
          11	     4.02491	     3.57203	    0.146217
          12	     4.02436	     3.60972	    0.138806
          13	     3.39982	     3.59358	    0.129065
          14	     3.54976	     3.59045	    0.119884
          15	     3.23273	      3.5666	    0.114239
          16	     3.68867	     3.57423	    0.107353
          17	     3.41648	     3.56495	    0.101439
          18	     3.91679	     3.58449	   0.0976684
          19	     3.47539	     3.57875	   0.0926966
          20	     3.62533	     3.58108	    0.088091
          21	      3.4543	     3.57504	   0.0841028
          22	     3.35806	     3.56518	   0.0808562
          23	     3.57479	      3.5656	   0.0773418
          24	     3.27248	     3.55339	   0.0750773
          25	      3.9343	     3.56862	   0.0736041
          26	      3.9377	     3.58282	    0.072129
          27	      3.1717	     3.56759	   0.0710466
          28	     3.25127	     3.55629	   0.0694016
          29	      4.3003	     3.58195	   0.0715935
          30	     3.97224	     3.59496	   0.0703792
          31	     2.82673	     3.57018	   0.0723405
          32	      3.7803	     3.57674	   0.0703772
          33	      3.9117	     3.58689	   0.0689726
          34	     4.06982	      3.6011	   0.0683909
          35	     3.73958	     3.60505	   0.0665512
          36	     3.30655	     3.59676	   0.0652171
          37	     3.40188	      3.5915	   0.0636668
          38	     4.19176	     3.60729	   0.0639209
          39	     3.37055	     3.60122	   0.0625695
          40	     3.35048	     3.59495	   0.0613185
          41	     3.31055	     3.58802	    0.060214
          42	      3.4923	     3.58574	   0.0588234
          43	     3.53818	     3.58463	   0.0574658
          44	       3.356	     3.57944	   0.0563942
          45	     3.76212	     3.58349	    0.055287
          46	     3.12333	     3.57349	   0.0549826
          47	     3.59091	     3.57386	    0.053814
          48	       4.092	     3.58466	   0.0537647
          49	      3.0403	     3.57355	   0.0538029
          50	     2.95321	     3.56114	   0.0541384
          51	     3.59927	     3.56189	    0.053082
          52	     3.27612	     3.55639	   0.0523449
          53	     3.59158	     3.55706	   0.0513615
          54	     3.70224	     3.55975	   0.0504807
          55	      3.5223	     3.55906	   0.0495674
          56	     4.05121	     3.56785	   0.0494553
          57	     3.08958	     3.55946	   0.0492943
          58	     4.40485	     3.57404	   0.0505534
          59	     3.50509	     3.57287	   0.0497101
          60	      3.5937	     3.57322	   0.0488828
          61	     3.66588	     3.57474	    0.048105
          62	      3.1917	     3.56856	   0.0477242
          63	     3.41218	     3.56608	   0.0470312
          64	     3.34727	     3.56266	   0.0464204
          65	     3.52139	     3.56202	   0.0457106
          66	     3.26715	     3.55755	   0.0452358
          67	     3.80097	     3.56119	   0.0447063
          68	     3.67273	     3.56283	   0.0440789
          69	     3.53582	     3.56244	   0.0434419
          70	     3.78788	     3.56566	   0.0429405
          71	     4.51212	     3.57899	   0.0443566
          72	     3.54345	     3.57849	   0.0437433
          73	     3.62897	     3.57918	   0.0431495
          74	     2.91442	      3.5702	   0.0434915
          75	     3.48182	     3.56902	   0.0429276
          76	     3.37145	     3.56642	   0.0424414
          77	     2.93394	     3.55821	   0.0426777
          78	      3.3143	     3.55508	   0.0422449
          79	     3.68273	      3.5567	    0.041741
          80	     3.48721	     3.55583	   0.0412283
          81	     3.64788	     3.55697	    0.040735
          82	     2.98067	     3.54994	     0.04084
          83	     3.58612	     3.55037	   0.0403503
          84	     3.90479	     3.55459	   0.0400899
          85	     3.80976	      3.5576	   0.0397305
          86	     3.51909	     3.55715	    0.039271
          87	     4.22145	     3.56478	    0.039555
          88	     4.03733	     3.57015	   0.0394683
          89	     3.08848	     3.56474	   0.0393942
          90	     3.14855	     3.56012	   0.0392269
          91	     4.02806	     3.56526	   0.0391315
          92	     3.07036	     3.55988	   0.0390741
          93	     3.40582	     3.55822	   0.0386891
          94	     3.06139	     3.55294	   0.0386368
          95	     3.21642	      3.5494	   0.0383922
          96	     3.26836	     3.54647	   0.0381037
          97	     2.91655	     3.53997	   0.0382603
          98	     3.71994	     3.54181	   0.0379139
          99	     3.36285	        3.54	    0.037574
         100	     3.29879	     3.53759	   0.0372756
