#     BLOCK:   ACTUAL_M:     M_AVE:       ERROR:
               1	        -0.01876	        -0.01876	               0
               2	        -0.00884	         -0.0138	      0.00350725
               3	         0.00248	     -0.00837333	      0.00500994
               4	        -0.00408	         -0.0073	      0.00387072
               5	        -0.01944	       -0.009728	      0.00378219
               6	          0.0134	     -0.00587333	      0.00472399
               7	          0.0016	     -0.00480571	      0.00416803
               8	        -0.00368	       -0.004665	       0.0036494
               9	         0.00592	     -0.00348889	      0.00342819
              10	        -0.00864	       -0.004004	      0.00312383
              11	         0.01012	        -0.00272	      0.00309249
              12	        -0.01332	     -0.00360333	      0.00295825
              13	        -0.00376	     -0.00361538	      0.00273072
              14	         -0.0102	     -0.00408571	      0.00257585
              15	        -0.01724	     -0.00496267	      0.00254904
              16	         0.03712	      -0.0023325	      0.00349231
              17	           0.017	     -0.00119529	      0.00346709
              18	         0.02544	     0.000284444	      0.00357633
              19	        -0.00644	    -6.94737e-05	      0.00340557
              20	         0.00956	        0.000412	      0.00326915
              21	        -0.00828	    -1.90476e-06	      0.00313957
              22	         0.01996	     0.000905455	      0.00312523
              23	         0.01464	      0.00150261	      0.00304587
              24	         0.02584	      0.00251667	      0.00308314
              25	         0.00492	       0.0026128	      0.00296132
              26	        -0.00692	      0.00224615	      0.00287003
              27	        -0.01188	      0.00172296	      0.00281101
              28	         0.00412	      0.00180857	      0.00271192
              29	        -0.00888	         0.00144	      0.00264334
              30	        -0.01308	        0.000956	      0.00259916
              31	        -0.00184	     0.000865806	      0.00251688
              32	        -0.01616	      0.00033375	      0.00249383
              33	        -0.02204	    -0.000344242	      0.00250873
              34	            0.03	     0.000548235	      0.00258883
              35	        -0.00764	     0.000314286	      0.00252541
              36	        -0.01292	    -5.33333e-05	      0.00248187
              37	        -0.00912	    -0.000298378	      0.00242686
              38	        -0.02236	    -0.000878947	      0.00243145
              39	         0.00668	    -0.000685128	      0.00237682
              40	         0.02592	          -2e-05	      0.00240866
              41	         0.01492	      0.00034439	      0.00237732
              42	          0.0162	     0.000721905	       0.0023505
              43	         -0.0054	     0.000579535	      0.00230014
              44	            0.01	     0.000793636	      0.00225781
              45	         0.02412	        0.001312	      0.00226636
              46	        -0.01236	      0.00101478	       0.0022365
              47	         0.02056	      0.00143064	      0.00222724
              48	        -0.02648	     0.000849167	      0.00225546
              49	         0.01064	      0.00104898	      0.00221827
              50	        -0.00816	       0.0008648	      0.00218153
              51	         -0.0016	     0.000816471	      0.00213929
              52	         0.00608	     0.000917692	      0.00210055
              53	         -0.0076	     0.000756981	      0.00206705
              54	         0.00912	     0.000911852	      0.00203457
              55	        -0.01164	     0.000683636	      0.00201033
              56	         0.00296	     0.000724286	      0.00197485
              57	        -0.02008	     0.000359298	      0.00197364
              58	         0.00832	     0.000496552	      0.00194438
              59	         0.00664	     0.000600678	      0.00191421
              60	         0.00352	     0.000649333	      0.00188292
              61	        -0.00844	     0.000500328	      0.00185794
              62	        -0.01168	     0.000303871	      0.00183833
              63	         -0.0124	     0.000102222	      0.00182018
              64	           8e-05	     0.000101875	      0.00179174
              65	         0.00336	        0.000152	      0.00176487
              66	         -0.0076	     3.45455e-05	      0.00174204
              67	        -0.00784	    -8.29851e-05	         0.00172
              68	         -0.0074	    -0.000190588	      0.00169807
              69	         0.01248	    -6.95652e-06	      0.00168336
              70	        -0.01364	    -0.000201714	      0.00167054
              71	         0.00172	    -0.000174648	      0.00164723
              72	         0.01104	    -1.88889e-05	       0.0016317
              73	         0.01912	     0.000243288	      0.00163027
              74	         0.01636	     0.000461081	      0.00162272
              75	        -0.00812	     0.000346667	      0.00160512
              76	        -0.02772	    -2.26316e-05	      0.00162592
              77	          -0.015	    -0.000217143	       0.0016164
              78	         0.00668	    -0.000128718	      0.00159809
              79	        -0.00696	     -0.00021519	       0.0015802
              80	         0.00124	       -0.000197	      0.00156056
              81	         0.00752	    -0.000101728	       0.0015442
              82	          0.0064	     -2.2439e-05	       0.0015274
              83	         0.00968	     9.44578e-05	      0.00151346
              84	        -0.02436	    -0.000196667	      0.00152319
              85	         0.02824	     0.000137882	      0.00154157
              86	        -0.00368	     9.34884e-05	      0.00152428
              87	        -0.00828	    -2.75862e-06	       0.0015098
              88	        -0.00496	    -5.90909e-05	      0.00149369
              89	         0.00064	     -5.1236e-05	      0.00147693
              90	        -0.00888	    -0.000149333	      0.00146377
              91	         0.00416	    -0.000101978	      0.00144845
              92	         0.04016	     0.000335652	      0.00149736
              93	           0.022	     0.000568602	      0.00149927
              94	         0.00948	     0.000663404	      0.00148632
              95	        -0.00684	     0.000584421	      0.00147277
              96	         0.01744	         0.00076	      0.00146786
              97	         0.00428	     0.000796289	      0.00145317
              98	         0.00536	     0.000842857	      0.00143909
              99	        -0.00792	     0.000754343	      0.00142727
             100	         -0.0056	       0.0006908	      0.00141441
             101	        -0.00044	     0.000679604	      0.00140045
             102	         0.00248	     0.000697255	      0.00138684
             103	        -0.00792	     0.000613592	      0.00137589
             104	         -0.0264	     0.000353846	      0.00138696
             105	        -0.01108	     0.000244952	      0.00137802
             106	        -0.00124	     0.000230943	      0.00136509
             107	         0.00056	     0.000234019	      0.00135234
             108	         0.00352	     0.000264444	      0.00134016
             109	          0.0048	     0.000306055	      0.00132851
             110	         0.00628	     0.000360364	      0.00131754
             111	           0.009	     0.000438198	      0.00130797
             112	        -0.00968	     0.000347857	      0.00129941
             113	        -0.02048	      0.00016354	      0.00130092
             114	         0.00408	     0.000197895	      0.00128996
             115	          0.0068	     0.000255304	      0.00128002
             116	        -0.00952	     0.000171034	      0.00127175
             117	         0.02352	     0.000370598	      0.00127645
             118	           0.001	     0.000375932	      0.00126564
             119	         0.01404	     0.000490756	       0.0012602
             120	        -0.01684	     0.000346333	      0.00125795
             121	        -0.00168	     0.000329587	      0.00124766
             122	        -0.02436	     0.000127213	      0.00125374
             123	        -0.00584	     7.86992e-05	      0.00124449
             124	        -0.01156	    -1.51613e-05	      0.00123799
             125	        -0.00468	      -5.248e-05	      0.00122864
             126	          -0.003	     -7.5873e-05	      0.00121912
             127	         -0.0032	    -0.000100472	      0.00120977
             128	        -0.00412	    -0.000131875	      0.00120072
             129	         0.00044	    -0.000127442	      0.00119142
             130	         0.01936	     2.24615e-05	      0.00119165
             131	        -0.01208	    -6.99237e-05	      0.00118613
             132	          0.0038	    -4.06061e-05	      0.00117751
             133	        -0.00408	    -7.09774e-05	      0.00116904
             134	        -0.01736	         -0.0002	      0.00116742
             135	         -0.0028	    -0.000219259	      0.00115893
             136	        -0.00632	    -0.000264118	      0.00115128
             137	         0.01856	    -0.000126715	      0.00115104
             138	          -0.007	    -0.000176522	      0.00114378
             139	         0.01708	    -5.23741e-05	      0.00114227
             140	        -0.01332	    -0.000147143	      0.00113803
             141	        -0.02696	    -0.000337305	      0.00114574
             142	         0.00524	    -0.000298028	      0.00113834
             143	         0.02364	    -0.000130629	      0.00114263
             144	         0.00988	    -6.11111e-05	       0.0011368
             145	        -0.02792	    -0.000253241	      0.00114508
             146	          -4e-05	    -0.000251781	      0.00113724
             147	         0.01784	    -0.000128707	      0.00113615
             148	         0.01088	    -5.43243e-05	       0.0011309
             149	         0.00928	     8.32215e-06	      0.00112504
             150	         0.00384	     3.38667e-05	      0.00111783
             151	          0.0032	     5.48344e-05	      0.00111063
             152	         0.02428	     0.000214211	       0.0011147
             153	         0.00892	     0.000271111	      0.00110886
             154	        -0.00332	     0.000247792	      0.00110191
             155	         -0.0142	     0.000154581	      0.00109874
             156	        -0.01272	     7.20513e-05	      0.00109479
             157	           8e-05	     7.21019e-05	      0.00108781
             158	        -0.00968	     1.03797e-05	      0.00108268
             159	         0.00536	     4.40252e-05	      0.00107639
             160	        -0.03592	     -0.00018075	      0.00109288
             161	         0.00068	    -0.000175404	      0.00108611
             162	         0.00024	     -0.00017284	      0.00107941
             163	        -0.01072	    -0.000237546	      0.00107472
             164	         0.02208	    -0.000101463	      0.00107675
             165	         0.00428	    -7.49091e-05	      0.00107055
             166	         0.00752	    -2.91566e-05	      0.00106508
             167	        -0.01544	    -0.000121437	      0.00106269
             168	        -0.02056	    -0.000243095	      0.00106331
             169	        -0.00552	     -0.00027432	      0.00105747
             170	         -0.0058	    -0.000306824	      0.00105175
             171	         0.02192	    -0.000176842	       0.0010536
             172	          0.0198	    -6.06977e-05	      0.00105386
             173	        -0.00552	    -9.22543e-05	      0.00104824
             174	        -0.02172	    -0.000216552	      0.00104956
             175	         0.00576	      -0.0001824	      0.00104412
             176	         0.00448	    -0.000155909	      0.00103852
             177	          0.0142	    -7.48023e-05	      0.00103582
             178	        -0.02532	    -0.000216629	      0.00103966
             179	         0.02348	    -8.42458e-05	      0.00104225
             180	          0.0072	    -4.37778e-05	      0.00103724
             181	           8e-05	    -4.30939e-05	      0.00103151
             182	        -0.00908	    -9.27473e-05	      0.00102704
             183	          0.0108	     -3.3224e-05	      0.00102315
             184	         0.02536	     0.000104783	      0.00102685
             185	           0.013	     0.000174486	      0.00102367
             186	        -0.01864	     7.33333e-05	      0.00102315
             187	        -0.00416	     5.06952e-05	      0.00101793
             188	        -0.01848	    -4.78723e-05	      0.00101727
             189	        -0.00864	    -9.33333e-05	      0.00101291
             190	        -0.01216	    -0.000156842	      0.00100956
             191	        -0.00188	    -0.000165864	      0.00100432
             192	        -0.01356	    -0.000235625	      0.00100151
             193	        -0.01008	    -0.000286632	     0.000997618
             194	        -0.01228	    -0.000348454	     0.000994389
             195	          0.0154	    -0.000267692	     0.000992564
             196	         0.00044	    -0.000264082	     0.000987506
             197	         0.01772	    -0.000172792	     0.000986704
             198	         0.01396	    -0.000101414	     0.000984299
             199	          0.0118	     -4.1608e-05	     0.000981168
             200	        -0.00128	       -4.78e-05	     0.000976282
