#     BLOCK:   ACTUAL_CV:    CV_AVE:      ERROR:
               1	        0.129391	        0.129391	               0
               2	        0.127115	        0.128253	     0.000804782
               3	        0.117387	        0.124631	      0.00300575
               4	        0.137277	        0.127792	       0.0035465
               5	         0.12079	        0.126392	      0.00310144
               6	        0.125584	        0.126257	      0.00258745
               7	        0.122951	        0.125785	      0.00226052
               8	        0.131089	        0.126448	       0.0020729
               9	        0.116085	        0.125296	      0.00213859
              10	        0.113846	        0.124151	      0.00221013
              11	        0.115882	          0.1234	      0.00213325
              12	        0.123294	        0.123391	       0.0019555
              13	         0.12718	        0.123682	      0.00182667
              14	        0.118522	        0.123314	      0.00173298
              15	        0.123388	        0.123319	      0.00161746
              16	        0.123966	        0.123359	      0.00151687
              17	        0.126517	        0.123545	      0.00143897
              18	        0.119262	        0.123307	      0.00137855
              19	        0.124141	        0.123351	       0.0013067
              20	        0.130466	        0.123707	      0.00128888
              21	        0.118681	        0.123467	      0.00124953
              22	        0.122916	        0.123442	      0.00119298
              23	        0.121855	        0.123373	      0.00114311
              24	        0.133878	        0.123811	       0.0011763
              25	         0.12821	        0.123987	      0.00114234
              26	        0.128565	        0.124163	      0.00111189
              27	        0.127235	        0.124277	      0.00107652
              28	         0.12514	        0.124308	      0.00103851
              29	        0.126077	        0.124369	      0.00100449
              30	        0.111732	        0.123947	      0.00105563
              31	        0.121601	        0.123872	      0.00102429
              32	        0.121343	        0.123793	     0.000995323
              33	        0.121686	        0.123729	     0.000967207
              34	          0.1149	        0.123469	      0.00097299
              35	        0.128986	        0.123627	     0.000957874
              36	        0.131085	        0.123834	     0.000953409
              37	        0.128043	        0.123948	     0.000934404
              38	        0.123789	        0.123944	     0.000909823
              39	          0.1229	        0.123917	     0.000886888
              40	        0.119131	        0.123797	     0.000872749
              41	        0.118223	        0.123661	     0.000861985
              42	        0.136984	        0.123978	     0.000897932
              43	        0.118182	        0.123844	     0.000887111
              44	        0.124955	        0.123869	     0.000867309
              45	        0.122878	        0.123847	     0.000848315
              46	        0.118852	        0.123738	     0.000836795
              47	        0.120651	        0.123673	     0.000821566
              48	        0.125209	        0.123705	     0.000805073
              49	        0.130445	        0.123842	     0.000800309
              50	        0.125493	        0.123875	     0.000784984
              51	        0.116216	        0.123725	     0.000783828
              52	        0.126101	        0.123771	     0.000770085
              53	        0.127998	         0.12385	     0.000759674
              54	         0.12264	        0.123828	     0.000745937
              55	        0.122812	         0.12381	     0.000732603
              56	        0.122693	         0.12379	     0.000719792
              57	        0.118261	        0.123693	     0.000713668
              58	        0.123564	         0.12369	     0.000701367
              59	        0.113863	        0.123524	     0.000708984
              60	        0.116895	        0.123413	     0.000705723
              61	        0.125553	        0.123448	     0.000695026
              62	        0.118063	        0.123362	     0.000689222
              63	        0.115977	        0.123244	     0.000688178
              64	        0.123415	        0.123247	      0.00067743
              65	         0.12769	        0.123315	     0.000670448
              66	        0.113423	        0.123166	     0.000676836
              67	        0.127926	        0.123237	     0.000670453
              68	        0.130989	        0.123351	     0.000670216
              69	        0.126143	        0.123391	     0.000661724
              70	          0.1139	        0.123255	     0.000666016
              71	        0.119606	        0.123204	     0.000658617
              72	        0.126595	        0.123251	     0.000651151
              73	          0.1241	        0.123263	     0.000642335
              74	        0.113824	        0.123135	     0.000646194
              75	         0.11967	        0.123089	     0.000639228
              76	        0.123736	        0.123098	     0.000630874
              77	        0.123058	        0.123097	     0.000622681
              78	        0.121942	        0.123082	     0.000614874
              79	        0.125738	        0.123116	     0.000608009
              80	         0.11356	        0.122996	     0.000612031
              81	        0.127204	        0.123048	     0.000606675
              82	        0.126362	        0.123089	     0.000600621
              83	        0.131065	        0.123185	     0.000601022
              84	        0.132896	          0.1233	     0.000604884
              85	        0.125925	        0.123331	     0.000598555
              86	        0.116759	        0.123255	     0.000596454
              87	        0.122212	        0.123243	     0.000589718
              88	        0.122193	        0.123231	     0.000583138
              89	        0.127761	        0.123282	     0.000578803
              90	        0.120638	        0.123252	     0.000573116
              91	        0.122253	        0.123242	     0.000566924
              92	        0.129807	        0.123313	     0.000565235
              93	        0.128606	         0.12337	     0.000562016
              94	        0.122204	        0.123357	     0.000556174
              95	        0.126516	        0.123391	     0.000551313
              96	        0.122908	        0.123386	     0.000545593
              97	         0.12804	        0.123434	     0.000542074
              98	        0.127485	        0.123475	     0.000538117
              99	        0.127787	        0.123519	     0.000534442
             100	        0.125612	        0.123539	     0.000529507
             101	        0.129737	        0.123601	     0.000527808
             102	        0.126147	        0.123626	     0.000523223
             103	         0.12551	        0.123644	     0.000518463
             104	         0.12684	        0.123675	     0.000514388
             105	        0.126314	          0.1237	     0.000510103
             106	        0.116078	        0.123628	     0.000510333
             107	        0.127979	        0.123669	     0.000507181
             108	        0.126041	        0.123691	      0.00050296
             109	        0.121928	        0.123674	     0.000498606
             110	        0.124637	        0.123683	      0.00049415
             111	        0.114333	        0.123599	     0.000496825
             112	        0.130127	        0.123657	     0.000495797
             113	        0.123149	        0.123653	      0.00049143
             114	        0.121668	        0.123635	     0.000487427
             115	        0.115666	        0.123566	     0.000488089
             116	        0.130963	         0.12363	      0.00048803
             117	         0.12296	        0.123624	     0.000483892
             118	        0.119868	        0.123592	     0.000480837
             119	        0.115331	        0.123523	     0.000481782
             120	        0.115593	        0.123457	     0.000482278
             121	        0.124949	        0.123469	     0.000478449
             122	        0.129181	        0.123516	     0.000476813
             123	        0.115913	        0.123454	     0.000476926
             124	        0.125386	         0.12347	     0.000473335
             125	        0.117656	        0.123423	     0.000471827
             126	        0.127597	        0.123456	     0.000469244
             127	        0.125143	         0.12347	     0.000465737
             128	         0.12573	        0.123487	     0.000462433
             129	        0.119901	        0.123459	     0.000459683
             130	        0.136799	        0.123562	     0.000467459
             131	        0.128401	        0.123599	     0.000465348
             132	        0.112151	        0.123512	     0.000469835
             133	        0.123882	        0.123515	      0.00046631
             134	        0.131724	        0.123576	     0.000466837
             135	        0.123359	        0.123575	     0.000463382
             136	         0.12027	         0.12355	     0.000460611
             137	        0.122509	        0.123543	     0.000457312
             138	        0.127276	         0.12357	     0.000454798
             139	        0.130603	         0.12362	     0.000454331
             140	        0.131949	         0.12368	     0.000454964
             141	        0.124603	        0.123687	     0.000451784
             142	        0.125627	          0.1237	     0.000448809
             143	        0.132329	        0.123761	     0.000449709
             144	        0.119909	        0.123734	     0.000447381
             145	        0.121442	        0.123718	     0.000444574
             146	        0.121748	        0.123704	     0.000441734
             147	        0.115809	        0.123651	     0.000441983
             148	        0.122656	        0.123644	     0.000439047
             149	        0.122867	        0.123639	     0.000436132
             150	        0.116234	        0.123589	     0.000436009
             151	        0.120698	         0.12357	     0.000433542
             152	        0.133696	        0.123637	     0.000435777
             153	        0.115854	        0.123586	     0.000435888
             154	        0.126924	        0.123608	     0.000433596
             155	        0.111745	        0.123531	     0.000437501
             156	        0.141105	        0.123644	     0.000448965
             157	        0.131059	        0.123691	     0.000448583
             158	        0.122997	        0.123687	     0.000445765
             159	        0.125095	        0.123696	     0.000443049
             160	        0.128788	        0.123727	     0.000441422
             161	        0.132172	         0.12378	     0.000441786
             162	        0.133076	        0.123837	      0.00044277
             163	         0.13068	        0.123879	     0.000442039
             164	        0.126788	        0.123897	     0.000439699
             165	        0.124413	          0.1239	     0.000437045
             166	        0.120088	        0.123877	     0.000435016
             167	        0.114374	         0.12382	     0.000436117
             168	        0.126805	        0.123838	     0.000433883
             169	        0.137507	        0.123919	     0.000438789
             170	        0.118594	        0.123887	     0.000437324
             171	        0.128866	        0.123917	     0.000435735
             172	        0.120659	        0.123898	     0.000433613
             173	        0.124077	        0.123899	     0.000431107
             174	        0.123735	        0.123898	     0.000428631
             175	        0.119017	         0.12387	     0.000427088
             176	        0.119013	        0.123842	     0.000425552
             177	        0.120326	        0.123822	     0.000423611
             178	        0.119358	        0.123797	     0.000421973
             179	        0.117001	        0.123759	     0.000421321
             180	        0.128468	        0.123786	     0.000419791
             181	         0.12077	        0.123769	     0.000417802
             182	        0.121227	        0.123755	      0.00041574
             183	        0.113196	        0.123697	     0.000417453
             184	        0.129677	         0.12373	     0.000416448
             185	        0.127193	        0.123748	     0.000414617
             186	        0.126833	        0.123765	      0.00041272
             187	        0.124632	         0.12377	     0.000410539
             188	         0.11698	        0.123734	     0.000409941
             189	        0.119141	        0.123709	     0.000408491
             190	        0.118589	        0.123682	     0.000407229
             191	        0.130984	         0.12372	     0.000406887
             192	        0.118255	        0.123692	     0.000405763
             193	        0.124055	        0.123694	     0.000403665
             194	        0.124162	        0.123696	     0.000401591
             195	        0.128555	        0.123721	     0.000400304
             196	        0.126124	        0.123733	     0.000398449
             197	        0.133407	        0.123783	     0.000399441
             198	        0.126117	        0.123794	     0.000397597
             199	        0.127965	        0.123815	     0.000396151
             200	        0.112715	         0.12376	      0.00039804
