#     BLOCK:   ACTUAL_M:     M_AVE:       ERROR:
           1	      0.0528	      0.0528	           0
           2	    -0.00224	     0.02528	   0.0194596
           3	     0.04788	   0.0328133	   0.0143574
           4	     0.04204	     0.03512	   0.0109518
           5	      0.0194	    0.031976	  0.00920163
           6	     0.04092	   0.0334667	  0.00778783
           7	     0.04764	   0.0354914	   0.0069335
           8	     0.03524	     0.03546	  0.00606689
           9	     0.03608	   0.0355289	  0.00539318
          10	     0.00264	     0.03224	  0.00577019
          11	     0.03712	   0.0326836	  0.00526265
          12	     0.05232	     0.03432	  0.00507213
          13	     0.04852	   0.0354123	  0.00479814
          14	     0.05064	      0.0365	  0.00457704
          15	     0.00688	   0.0345253	  0.00467852
          16	     0.02144	   0.0337075	  0.00445702
          17	     0.02872	   0.0334141	  0.00420448
          18	       0.059	   0.0348356	  0.00420432
          19	     0.00884	   0.0334674	  0.00419976
          20	     0.03192	     0.03339	  0.00399049
          21	      0.0354	   0.0334857	  0.00380161
          22	     0.02968	   0.0333127	  0.00363275
          23	     0.01496	   0.0325148	  0.00356136
          24	     0.02044	   0.0320117	  0.00344832
          25	      0.0292	   0.0318992	  0.00331222
          26	     0.01888	   0.0313985	  0.00322246
          27	     0.00532	   0.0304326	  0.00324463
          28	     0.03184	   0.0304829	  0.00312914
          29	     0.03344	   0.0305848	   0.0030229
          30	       0.019	   0.0301987	   0.0029467
          31	     0.04604	   0.0307097	  0.00289561
          32	     0.01168	    0.030115	  0.00286554
          33	     0.01868	   0.0297685	  0.00279958
          34	     0.01284	   0.0292706	  0.00276116
          35	     0.04652	   0.0297634	   0.0027259
          36	     0.04356	   0.0301467	  0.00267698
          37	     0.04804	   0.0306303	  0.00264795
          38	     0.04168	   0.0309211	  0.00259419
          39	     0.04444	   0.0312677	  0.00255072
          40	     0.05964	    0.031977	   0.0025837
          41	      0.0436	   0.0322605	  0.00253618
          42	     0.01984	   0.0319648	  0.00249298
          43	     0.04172	   0.0321916	   0.0024453
          44	      0.0568	   0.0327509	  0.00245285
          45	     0.04076	   0.0329289	  0.00240479
          46	     0.02984	   0.0328617	  0.00235345
          47	      0.0148	   0.0324774	  0.00233454
          48	     0.04312	   0.0326992	  0.00229641
          49	     0.02412	   0.0325241	  0.00225621
          50	     0.03312	    0.032536	  0.00221112
          51	     0.04196	   0.0327208	  0.00217547
          52	     0.01672	   0.0324131	  0.00215529
          53	     0.01744	   0.0321306	  0.00213306
          54	     0.03568	   0.0321963	  0.00209457
          55	     0.05492	   0.0326095	  0.00209684
          56	      0.0442	   0.0328164	  0.00206958
          57	     0.02432	   0.0326674	  0.00203864
          58	      0.0548	    0.033049	  0.00203889
          59	     0.02428	   0.0329003	  0.00200974
          60	     0.06208	   0.0333867	  0.00203424
          61	     0.03976	   0.0334911	  0.00200357
          62	    -0.00068	     0.03294	  0.00204566
          63	     0.02012	   0.0327365	  0.00202328
          64	     0.05772	   0.0331269	  0.00202898
          65	       0.005	   0.0326942	  0.00204338
          66	      0.0012	    0.032217	  0.00206739
          67	     0.00128	   0.0317552	  0.00208746
          68	      0.0306	   0.0317382	  0.00205683
          69	      0.0396	   0.0318522	  0.00203018
          70	     0.06272	   0.0322931	  0.00204851
          71	     0.03356	    0.032311	  0.00201973
          72	     0.06724	   0.0327961	  0.00204911
          73	     0.00296	   0.0323874	   0.0020614
          74	      0.0656	   0.0328362	  0.00208183
          75	     0.01512	      0.0326	  0.00206743
          76	     0.04448	   0.0327563	  0.00204613
          77	     0.02432	   0.0326468	  0.00202249
          78	     0.02728	   0.0325779	  0.00199773
          79	    -0.00616	   0.0320876	  0.00203173
          80	      0.0226	    0.031969	  0.00200979
          81	       0.058	   0.0322904	  0.00201051
          82	     0.02088	   0.0321512	   0.0019908
          83	     0.02464	   0.0320607	  0.00196887
          84	     0.06152	   0.0324114	  0.00197642
          85	     0.03092	   0.0323939	  0.00195324
          86	     0.00136	    0.032033	  0.00196358
          87	     0.03304	   0.0320446	  0.00194105
          88	      0.0518	   0.0322691	  0.00193193
          89	     0.05036	   0.0324724	  0.00192088
          90	    -0.00296	   0.0320787	  0.00193947
          91	      0.0438	   0.0322075	  0.00192243
          92	      0.0048	   0.0319096	  0.00192447
          93	     0.03196	   0.0319101	  0.00190378
          94	     0.03416	    0.031934	  0.00188368
          95	     0.02932	   0.0319065	  0.00186405
          96	     0.03376	   0.0319258	  0.00184473
          97	     0.04556	   0.0320664	  0.00183106
          98	     0.02352	   0.0319792	  0.00181445
          99	     0.04748	   0.0321358	  0.00180287
         100	      0.0362	   0.0321764	   0.0017853
