#     BLOCK:  ACTUAL_PE:     PE_AVE:      ERROR:
           1    -5.32968    -5.32968           0
           2    -5.04122    -5.18545    0.101987
           3    -5.04492    -5.13861   0.0780104
           4    -5.06302    -5.11971   0.0607537
           5    -5.02596    -5.10096   0.0514152
           6    -5.03479    -5.08993    0.044013
           7    -5.01138    -5.07871   0.0391299
           8     -5.0725    -5.07793   0.0342463
           9    -5.05862    -5.07579   0.0305084
          10    -5.06163    -5.07437   0.0274904
          11    -5.02918    -5.07026   0.0252964
          12    -5.08334    -5.07135   0.0232118
          13    -5.13141    -5.07597   0.0218811
          14    -4.99309    -5.07005   0.0211038
          15    -5.00005    -5.06539   0.0202062
          16    -5.02722      -5.063   0.0190836
          17    -5.03065     -5.0611   0.0180557
          18    -5.01767    -5.05868    0.017213
          19    -5.04802    -5.05812   0.0163162
          20    -5.00575     -5.0555   0.0157092
          21    -4.97306    -5.05158   0.0154439
          22    -5.06656    -5.05226   0.0147569
          23     -5.0084    -5.05035   0.0142379
          24    -5.09307    -5.05213   0.0137555
          25     -4.9714     -5.0489   0.0135791
          26    -5.07532    -5.04992   0.0130948
          27    -5.07127    -5.05071   0.0126336
          28    -5.12426    -5.05334   0.0124525
          29    -5.09963    -5.05493    0.012125
          30    -5.05181    -5.05483   0.0117213
          31    -5.06254    -5.05508   0.0113458
          32    -5.09363    -5.05628   0.0110551
          33    -5.02719     -5.0554   0.0107552
          34    -4.98368    -5.05329   0.0106437
          35    -5.08772    -5.05428   0.0103849
          36    -4.98668     -5.0524   0.0102648
          37     -5.0104    -5.05126     0.01005
          38    -5.01204    -5.05023  0.00983835
          39    -5.04535    -5.05011  0.00958688
          40     -5.0331    -5.04968  0.00935663
          41    -4.96663    -5.04766  0.00934509
          42     -5.0715    -5.04822  0.00913982
          43    -5.02503    -5.04768  0.00894316
          44    -4.97846    -5.04611  0.00887721
          45    -5.06732    -5.04658  0.00869243
          46    -5.06195    -5.04692  0.00850989
          47    -5.03905    -5.04675  0.00833047
          48    -4.97931    -5.04534  0.00827454
          49    -5.02004    -5.04483  0.00812177
          50    -5.01195    -5.04417  0.00798592
          51    -5.01008     -5.0435  0.00785725
          52    -4.99971    -5.04266  0.00775116
          53     -5.0291     -5.0424  0.00760913
          54    -5.01752    -5.04194  0.00748216
          55    -4.99775    -5.04114  0.00738914
          56    -5.06325    -5.04153  0.00726774
          57    -5.03562    -5.04143  0.00714098
          58    -4.94804    -5.03982   0.0071971
          59    -4.97905    -5.03879  0.00714843
          60    -5.01091    -5.03832  0.00704438
          61    -5.04239    -5.03839  0.00692921
          62    -5.09452     -5.0393  0.00687634
          63    -5.02699     -5.0391  0.00676997
          64    -5.03393    -5.03902  0.00666467
          65    -5.02682    -5.03883  0.00656478
          66    -5.08797    -5.03958   0.0065074
          67    -5.05174    -5.03976  0.00641281
          68    -5.05367    -5.03996  0.00632176
          69    -4.94454    -5.03858  0.00637961
          70    -5.03937    -5.03859  0.00628848
          71    -5.05727    -5.03886  0.00620541
          72    -5.02545    -5.03867  0.00612202
          73    -5.03505    -5.03862  0.00603836
          74    -5.05544    -5.03885  0.00596104
          75    -5.06381    -5.03918  0.00589085
          76    -5.03134    -5.03908  0.00581424
          77    -5.03086    -5.03897  0.00573971
          78    -5.03324     -5.0389  0.00566659
          79    -5.01101    -5.03854  0.00560585
          80    -4.97493    -5.03775  0.00559188
          81    -5.02018    -5.03753  0.00552705
          82     -5.0537    -5.03773  0.00546316
          83    -5.03837    -5.03774  0.00539734
          84    -4.97813    -5.03703  0.00537953
          85    -5.04891    -5.03717  0.00531806
          86    -5.01298    -5.03689  0.00526365
          87    -5.09375    -5.03754  0.00524357
          88    -5.07389    -5.03795  0.00520024
          89    -5.05699    -5.03817  0.00514621
          90    -5.08652     -5.0387    0.005117
          91    -5.11755    -5.03957   0.0051336
          92    -5.00346    -5.03918  0.00509278
          93    -4.98094    -5.03855  0.00507637
          94    -5.04726    -5.03864  0.00502321
          95    -4.99629     -5.0382  0.00499008
          96    -4.98182    -5.03761  0.00497253
          97    -5.07938    -5.03804  0.00493988
          98    -5.01814    -5.03784  0.00489364
          99     -5.0469    -5.03793  0.00484507
         100    -5.01287    -5.03768  0.00480309
         101    -4.98698    -5.03718  0.00478169
         102    -5.01693    -5.03698  0.00473893
         103     -5.0065    -5.03668  0.00470215
         104    -5.04402    -5.03675  0.00465747
         105    -5.03688    -5.03675  0.00461311
         106    -5.01437    -5.03654  0.00457442
         107     -5.0223    -5.03641  0.00453361
         108    -5.10359    -5.03703  0.00453411
         109    -5.08361    -5.03746  0.00451261
         110    -4.99894    -5.03711  0.00448515
         111    -5.06073    -5.03732  0.00444979
         112     -5.0285    -5.03724  0.00441075
         113     -5.0032    -5.03694    0.004382
         114    -5.06957    -5.03723  0.00435289
         115    -5.04073    -5.03726  0.00431515
         116     -5.0779    -5.03761  0.00429215
         117    -4.96775    -5.03701  0.00429679
         118     -4.9849    -5.03657  0.00428302
         119    -5.08816      -5.037  0.00426891
         120    -5.03498    -5.03699  0.00423337
         121    -5.05874    -5.03717   0.0042022
         122    -5.01825    -5.03701  0.00417062
         123    -5.04693    -5.03709  0.00413749
         124    -5.11513    -5.03772  0.00415171
         125    -5.05092    -5.03783  0.00411984
         126    -5.01313    -5.03763   0.0040918
         127    -5.03643    -5.03762  0.00405959
         128    -5.06693    -5.03785  0.00403433
         129    -5.04149    -5.03788  0.00400315
         130    -5.00062    -5.03759   0.0039826
         131     -5.0399    -5.03761  0.00395224
         132     -5.0293    -5.03755   0.0039228
         133    -5.00906    -5.03733  0.00389915
         134     -5.0024    -5.03707  0.00387876
         135    -5.05099    -5.03718  0.00385139
         136    -5.02782    -5.03711  0.00382369
         137    -5.04887    -5.03719  0.00379674
         138    -5.05082    -5.03729  0.00377051
         139    -5.01727    -5.03715  0.00374614
         140    -5.03584    -5.03714  0.00371939
         141     -5.0961    -5.03756  0.00371645
         142    -5.10779    -5.03805  0.00372305
         143     -5.0775    -5.03833  0.00370722
         144     -5.0015    -5.03807  0.00369029
         145     -5.0406    -5.03809  0.00366488
         146    -5.08395     -5.0384  0.00365322
         147    -5.01662    -5.03825  0.00363137
         148    -5.02055    -5.03813   0.0036088
         149    -5.06573    -5.03832  0.00358933
         150    -5.00279    -5.03808  0.00357321
         151    -4.96484     -5.0376  0.00358232
         152    -5.07991    -5.03788  0.00356955
         153    -5.00976    -5.03769  0.00355095
         154    -5.01994    -5.03758  0.00352976
         155    -4.97162    -5.03715  0.00353254
         156      -5.015    -5.03701  0.00351275
         157    -5.04928    -5.03709  0.00349125
         158    -4.96142    -5.03661  0.00350185
         159    -5.01309    -5.03646  0.00348294
         160    -5.00558    -5.03627  0.00346652
         161    -5.05547    -5.03639  0.00344704
         162     -5.0876     -5.0367  0.00344023
         163    -5.06825     -5.0369  0.00342456
         164    -5.05073    -5.03698  0.00340472
         165    -5.01581    -5.03685   0.0033865
         166     -4.9989    -5.03662  0.00337381
         167     -5.0008    -5.03641  0.00336042
         168    -5.05972    -5.03655  0.00334328
         169      -5.049    -5.03662  0.00332431
         170    -5.00982    -5.03646  0.00330849
         171    -4.99766    -5.03624  0.00329691
         172    -5.02484    -5.03617  0.00327841
         173    -4.96185    -5.03574  0.00328749
         174     -4.9432    -5.03521  0.00331133
         175    -4.94512    -5.03469  0.00333218
         176    -4.98328     -5.0344  0.00332603
         177    -5.12977    -5.03494   0.0033506
         178    -5.04539      -5.035  0.00333229
         179    -5.04512    -5.03506  0.00331415
         180    -5.04941    -5.03514   0.0032967
         181    -5.06628    -5.03531  0.00328297
         182    -5.04592    -5.03537  0.00326545
         183    -5.02055    -5.03529  0.00324861
         184    -5.05306    -5.03538  0.00323239
         185    -5.06745    -5.03556  0.00321956
         186    -4.99354    -5.03533  0.00321017
         187    -5.02982     -5.0353  0.00319314
         188    -5.03305    -5.03529  0.00317618
         189    -5.07163    -5.03548  0.00316519
         190    -5.05582    -5.03559  0.00315034
         191    -5.07117    -5.03577  0.00313935
         192    -5.05952     -5.0359  0.00312543
         193    -5.06879    -5.03607  0.00311388
         194    -5.00576    -5.03591  0.00310175
         195    -4.95158    -5.03548  0.00311585
         196    -5.04747    -5.03554  0.00310055
         197    -5.03377    -5.03553  0.00308482
         198    -5.00244    -5.03536  0.00307377
         199    -5.02114    -5.03529  0.00305915
         200    -5.02702    -5.03525  0.00304414
         201    -5.02815    -5.03522   0.0030292
         202    -5.01228     -5.0351  0.00301633
         203     -5.0003    -5.03493  0.00300634
         204    -5.03638    -5.03494  0.00299161
         205     -5.1172    -5.03534  0.00300381
         206    -5.09049    -5.03561  0.00300113
         207    -5.00865    -5.03548  0.00298946
         208    -5.00295    -5.03532  0.00297917
         209     -5.0613    -5.03545  0.00296751
         210     -5.0342    -5.03544  0.00295339
         211    -5.03249    -5.03543  0.00293942
         212    -5.02484    -5.03538  0.00292598
         213    -4.93294    -5.03489   0.0029515
         214    -4.99501    -5.03471  0.00294359
         215    -5.03434    -5.03471   0.0029299
         216     -5.0505    -5.03478  0.00291724
         217    -5.04257    -5.03482  0.00290402
         218    -5.07281    -5.03499  0.00289593
         219    -5.02042    -5.03492  0.00288347
         220    -5.11878     -5.0353  0.00289544
         221    -5.05479    -5.03539  0.00288368
         222    -5.05667    -5.03549  0.00287229
         223    -5.02027    -5.03542  0.00286022
         224     -4.9921    -5.03523  0.00285398
         225    -4.95058    -5.03485  0.00286598
         226    -4.98829    -5.03464   0.0028607
         227    -5.00498    -5.03451  0.00285108
         228    -5.03317    -5.03451  0.00283858
         229    -5.02258    -5.03446  0.00282666
         230    -5.05769    -5.03456  0.00281617
         231    -5.05717    -5.03465  0.00280568
         232    -5.11124    -5.03498  0.00281294
         233    -5.09241    -5.03523  0.00281165
         234    -5.05609    -5.03532  0.00280104
         235    -4.98113    -5.03509   0.0027986
         236    -5.03185    -5.03508  0.00278677
         237    -5.04101     -5.0351  0.00277513
         238    -5.04788    -5.03515  0.00276399
         239    -5.05402    -5.03523  0.00275355
         240    -5.07356    -5.03539   0.0027467
         241    -5.02145    -5.03534  0.00273591
         242    -5.01946    -5.03527  0.00272539
         243    -5.05509    -5.03535   0.0027154
         244    -5.03403    -5.03535  0.00270428
         245    -5.12946    -5.03573  0.00272039
         246    -5.06197    -5.03584  0.00271142
         247     -5.0194    -5.03577  0.00270126
         248    -5.04813    -5.03582  0.00269083
         249    -5.04641    -5.03586  0.00268036
         250    -5.00195    -5.03573  0.00267306
         251    -5.02174    -5.03567    0.002663
         252    -5.06851     -5.0358  0.00265561
         253    -5.07607    -5.03596  0.00264988
         254    -5.08967    -5.03617  0.00264787
         255    -5.02008    -5.03611  0.00263824
         256    -5.00671    -5.03599  0.00263044
         257    -5.04342    -5.03602  0.00262036
         258    -5.05763    -5.03611  0.00261154
         259    -5.07267    -5.03625  0.00260527
         260     -4.9952    -5.03609  0.00260003
         261    -5.02912    -5.03606   0.0025902
         262    -5.06279    -5.03617  0.00258233
         263     -4.9991    -5.03602  0.00257635
         264    -5.04934    -5.03608  0.00256708
         265    -5.06217    -5.03617  0.00255929
         266    -4.96113    -5.03589  0.00256517
         267    -4.99173    -5.03573  0.00256089
         268    -5.03593    -5.03573  0.00255133
         269    -4.99907    -5.03559  0.00254548
         270    -5.02192    -5.03554  0.00253656
         271    -5.10413    -5.03579   0.0025398
         272    -5.07281    -5.03593   0.0025341
         273    -5.07534    -5.03607  0.00252893
         274    -5.04839    -5.03612   0.0025201
         275    -5.11025    -5.03639  0.00252531
         276     -5.0377    -5.03639  0.00251617
         277     -5.0669     -5.0365  0.00250949
         278    -5.04423    -5.03653  0.00250062
         279    -5.08362     -5.0367  0.00249734
         280    -5.00162    -5.03657  0.00249157
         281    -5.07288     -5.0367  0.00248605
         282    -5.06218    -5.03679  0.00247887
         283    -5.05684    -5.03686  0.00247112
         284    -5.03755    -5.03687  0.00246242
         285     -5.0474     -5.0369  0.00245406
         286    -4.99668    -5.03676  0.00244951
         287     -4.9467    -5.03645  0.00246099
         288    -5.00124    -5.03633  0.00245548
         289     -5.0788    -5.03647  0.00245138
         290    -5.02999    -5.03645  0.00244303
         291    -5.06775    -5.03656    0.002437
         292     -5.1107    -5.03681  0.00244185
         293    -5.06585    -5.03691  0.00243552
         294    -5.01539    -5.03684  0.00242834
         295     -5.0621    -5.03692  0.00242162
         296    -5.06161    -5.03701  0.00241487
         297    -5.01911    -5.03695  0.00240749
         298    -5.04407    -5.03697  0.00239953
         299    -5.02097    -5.03692   0.0023921
         300    -5.10387    -5.03714  0.00239452
         301     -5.0536     -5.0372  0.00238719
         302    -5.05634    -5.03726  0.00238012
         303    -4.96267    -5.03701  0.00238496
         304    -4.98592    -5.03685  0.00238304
         305    -4.98829    -5.03669  0.00238053
         306    -5.05211    -5.03674  0.00237329
         307    -5.04946    -5.03678  0.00236592
         308    -4.97568    -5.03658  0.00236654
         309    -5.03085    -5.03656  0.00235895
         310    -5.04767     -5.0366  0.00235162
         311    -4.98597    -5.03643  0.00234968
         312    -4.98283    -5.03626  0.00234842
         313    -5.01393    -5.03619    0.002342
         314    -4.99267    -5.03605  0.00233864
         315    -5.04897    -5.03609  0.00233158
         316    -5.09215    -5.03627  0.00233094
         317    -4.99968    -5.03616  0.00232644
         318    -5.02843    -5.03613  0.00231925
         319    -5.00791    -5.03604  0.00231367
         320    -5.02204      -5.036  0.00230685
         321    -5.03719      -5.036  0.00229967
         322    -5.04634    -5.03603  0.00229275
         323    -5.01515    -5.03597  0.00228656
         324    -5.01881    -5.03592  0.00228012
         325    -5.01503    -5.03585  0.00227401
         326    -5.02791    -5.03583  0.00226716
         327    -5.05053    -5.03587  0.00226068
         328    -5.00572    -5.03578  0.00225565
         329    -4.97002    -5.03558  0.00225764
         330    -4.96166    -5.03536  0.00226188
         331    -5.01379    -5.03529  0.00225599
         332    -5.02895    -5.03527  0.00224927
         333    -5.03629    -5.03528  0.00224252
         334    -5.06505    -5.03537  0.00223758
         335    -5.03022    -5.03535  0.00223095
         336    -5.07158    -5.03546  0.00222691
         337    -5.09772    -5.03564  0.00222796
         338    -5.05488     -5.0357  0.00222209
         339    -5.03312    -5.03569  0.00221555
         340    -4.98805    -5.03555  0.00221346
         341    -5.10681    -5.03576  0.00221681
         342    -5.06965    -5.03586  0.00221255
         343    -5.02058    -5.03582  0.00220654
         344    -5.02769    -5.03579  0.00220026
         345    -4.99359    -5.03567  0.00219728
         346     -5.0785    -5.03579  0.00219441
         347    -4.98308    -5.03564  0.00219334
         348    -5.05922    -5.03571  0.00218808
         349    -5.04231    -5.03573  0.00218189
         350    -5.07599    -5.03584  0.00217869
         351    -5.01056    -5.03577  0.00217367
         352    -5.01507    -5.03571  0.00216829
         353    -5.03833    -5.03572  0.00216216
         354    -5.03286    -5.03571  0.00215607
         355    -5.11253    -5.03593  0.00216083
         356    -5.00177    -5.03583  0.00215689
         357    -5.01252    -5.03577  0.00215184
         358    -4.98921    -5.03564  0.00214975
         359    -5.03568    -5.03564  0.00214376
         360    -4.98904    -5.03551  0.00214171
         361    -4.99011    -5.03538  0.00213947
         362    -5.01502    -5.03533   0.0021343
         363     -5.0217    -5.03529  0.00212875
         364    -5.03905     -5.0353  0.00212292
         365    -5.12175    -5.03554  0.00213028
         366    -5.04108    -5.03555  0.00212451
         367    -5.00433    -5.03547  0.00212043
         368    -5.06756    -5.03555  0.00211646
         369    -5.04091    -5.03557  0.00211077
         370    -5.05787    -5.03563  0.00210593
         371    -5.04896    -5.03566  0.00210056
         372    -5.01345     -5.0356  0.00209576
         373     -4.9929    -5.03549  0.00209327
         374    -5.07359    -5.03559  0.00209015
         375    -5.10836    -5.03578  0.00209356
         376     -5.0918    -5.03593  0.00209329
         377    -5.08079    -5.03605  0.00209111
         378    -5.00262    -5.03596  0.00208745
         379    -5.05455    -5.03601  0.00208252
         380    -5.04143    -5.03603  0.00207709
         381     -5.0773    -5.03614  0.00207446
         382    -5.09497    -5.03629  0.00207474
         383    -4.99184    -5.03617  0.00207256
         384    -4.97759    -5.03602  0.00207277
         385    -5.06957    -5.03611  0.00206922
         386    -5.05378    -5.03615  0.00206437
         387    -4.94676    -5.03592  0.00207192
         388    -5.04293    -5.03594  0.00206665
         389    -5.02999    -5.03593   0.0020614
         390    -5.03186    -5.03592  0.00205614
         391    -5.02943     -5.0359  0.00205095
         392    -5.01949    -5.03586  0.00204614
         393    -5.08302    -5.03598  0.00204445
         394    -5.07865    -5.03609  0.00204213
         395    -5.06814    -5.03617  0.00203857
         396    -5.08131    -5.03628  0.00203661
         397    -4.96654     -5.0361  0.00203904
         398    -5.12902    -5.03634  0.00204724
         399    -5.00471    -5.03626  0.00204364
         400    -5.00733    -5.03619  0.00203981
         401    -5.06391    -5.03626   0.0020359
         402    -5.07692    -5.03636  0.00203334
         403    -5.01416     -5.0363  0.00202904
         404    -5.03486     -5.0363  0.00202403
         405    -5.02985    -5.03628  0.00201909
         406    -5.01774    -5.03624  0.00201463
         407    -5.09238    -5.03637   0.0020144
         408    -5.00664     -5.0363  0.00201078
         409    -5.10764    -5.03648  0.00201341
         410    -4.99005    -5.03636  0.00201168
         411    -5.09202     -5.0365  0.00201134
         412    -5.03966    -5.03651  0.00200648
         413    -5.03883    -5.03651  0.00200162
         414    -5.07069    -5.03659  0.00199849
         415    -5.07173    -5.03668  0.00199547
         416    -5.06074    -5.03674  0.00199151
         417    -5.01284    -5.03668  0.00198756
         418    -5.04981    -5.03671  0.00198305
         419     -5.0429    -5.03673  0.00197837
         420    -5.04763    -5.03675  0.00197383
         421     -5.1125    -5.03693  0.00197733
         422    -5.11187    -5.03711   0.0019806
         423    -5.03915    -5.03711  0.00197592
         424    -4.98963      -5.037  0.00197443
         425    -5.05021    -5.03703  0.00197003
         426    -5.00544    -5.03696   0.0019668
         427    -5.01985    -5.03692  0.00196261
         428    -5.07691    -5.03701  0.00196024
         429    -5.00652    -5.03694  0.00195696
         430    -5.05862    -5.03699  0.00195306
         431    -5.03429    -5.03699  0.00194854
         432    -5.02754    -5.03696  0.00194415
         433    -5.03588    -5.03696  0.00193966
         434    -5.04712    -5.03698  0.00193534
         435    -5.00917    -5.03692  0.00193194
         436    -5.05296    -5.03696  0.00192786
         437    -4.98106    -5.03683  0.00192769
         438    -4.97161    -5.03668  0.00192903
         439    -5.06465    -5.03674  0.00192569
         440    -4.99837    -5.03666  0.00192329
         441    -5.01638    -5.03661  0.00191947
         442    -5.07192    -5.03669  0.00191679
         443     -5.0708    -5.03677  0.00191401
         444    -5.06303    -5.03683  0.00191061
         445    -5.07161    -5.03691  0.00190792
         446    -5.01963    -5.03687  0.00190403
         447    -5.02887    -5.03685  0.00189986
         448    -5.02242    -5.03682  0.00189589
         449    -5.06195    -5.03687   0.0018925
         450    -5.05543    -5.03691  0.00188874
         451    -4.99184    -5.03681  0.00188719
         452    -4.99691    -5.03673  0.00188508
         453    -5.01618    -5.03668  0.00188147
         454    -5.02443    -5.03665  0.00187752
         455    -5.02484    -5.03663  0.00187357
         456    -5.06418    -5.03669  0.00187043
         457    -5.05677    -5.03673  0.00186686
         458    -5.04581    -5.03675  0.00186289
         459    -5.06139     -5.0368   0.0018596
         460    -5.03193    -5.03679  0.00185559
         461    -5.11609    -5.03697  0.00185952
         462     -5.0678    -5.03703  0.00185669
         463    -5.04498    -5.03705  0.00185276
         464    -5.02761    -5.03703  0.00184888
         465    -5.02774    -5.03701  0.00184501
         466    -5.06022    -5.03706  0.00184172
         467     -5.0233    -5.03703  0.00183802
         468    -4.96381    -5.03687  0.00184074
         469    -5.06057    -5.03692   0.0018375
         470    -5.06886    -5.03699  0.00183485
         471    -4.97438    -5.03686  0.00183576
         472    -5.05738     -5.0369  0.00183239
         473    -5.04343    -5.03692  0.00182857
         474    -5.06901    -5.03698  0.00182596
         475    -4.99795     -5.0369  0.00182397
         476    -5.03698     -5.0369  0.00182014
         477    -5.06496    -5.03696  0.00181727
         478    -5.07279    -5.03704  0.00181501
         479    -5.03784    -5.03704  0.00181123
         480    -5.04966    -5.03706  0.00180764
         481    -5.04939    -5.03709  0.00180407
         482    -5.03289    -5.03708  0.00180034
         483    -5.07173    -5.03715  0.00179805
         484    -5.00712    -5.03709   0.0017954
         485    -5.02239    -5.03706  0.00179196
         486    -4.98409    -5.03695  0.00179158
         487    -4.99322    -5.03686  0.00179015
         488    -5.08265    -5.03696  0.00178894
         489    -5.04418    -5.03697  0.00178534
         490    -5.08403    -5.03707  0.00178428
         491    -5.03977    -5.03707  0.00178065
         492    -5.03437    -5.03707  0.00177704
         493    -5.07211    -5.03714  0.00177486
         494    -5.00205    -5.03707  0.00177269
         495    -5.01871    -5.03703  0.00176949
         496    -5.00397    -5.03696  0.00176718
         497    -4.96697    -5.03682  0.00176923
         498    -5.03884    -5.03683  0.00176568
         499    -4.99531    -5.03674   0.0017641
         500    -5.02803    -5.03673  0.00176066
         501    -5.05716    -5.03677  0.00175762
         502     -5.0392    -5.03677  0.00175412
         503    -5.05024     -5.0368  0.00175084
         504    -5.07346    -5.03687  0.00174888
         505    -4.96643    -5.03673  0.00175097
         506    -4.97458    -5.03661  0.00175181
         507    -5.08614    -5.03671  0.00175108
         508    -5.03558     -5.0367  0.00174763
         509    -5.07425    -5.03678  0.00174575
         510    -5.05138    -5.03681  0.00174257
         511    -5.04455    -5.03682  0.00173922
         512    -5.00383    -5.03676  0.00173702
         513    -5.06379    -5.03681  0.00173443
         514    -5.04164    -5.03682  0.00173108
         515     -5.0361    -5.03682  0.00172772
         516     -5.1255    -5.03699   0.0017329
         517    -5.13059    -5.03717  0.00173898
         518    -5.03928    -5.03717  0.00173563
         519    -5.05023     -5.0372  0.00173247
         520    -5.01416    -5.03716   0.0017297
         521    -5.02861    -5.03714  0.00172646
         522    -4.96926    -5.03701  0.00172804
         523    -5.02104    -5.03698  0.00172501
         524    -4.98139    -5.03687  0.00172498
         525    -5.01361    -5.03683  0.00172226
         526    -5.02074     -5.0368  0.00171926
         527    -5.03745     -5.0368  0.00171599
         528     -5.0656    -5.03685  0.00171361
         529    -5.07316    -5.03692  0.00171174
         530    -4.94985    -5.03676  0.00171638
         531    -5.05384    -5.03679  0.00171345
         532    -5.05514    -5.03682  0.00171058
         533    -5.04342    -5.03684  0.00170741
         534    -5.09626    -5.03695  0.00170784
         535    -5.03423    -5.03694  0.00170465
         536    -5.05612    -5.03698  0.00170185
         537    -5.10855    -5.03711  0.00170389
         538    -5.05146    -5.03714  0.00170093
         539    -5.07087     -5.0372  0.00169893
         540    -5.02081    -5.03717  0.00169605
         541    -5.09573    -5.03728  0.00169637
         542    -5.12981    -5.03745   0.0017018
         543    -5.03397    -5.03744  0.00169868
         544    -4.99899    -5.03737  0.00169703
         545     -5.0387    -5.03737  0.00169392
         546    -4.99753     -5.0373  0.00169239
         547    -5.02837    -5.03729  0.00168937
         548    -5.01237    -5.03724   0.0016869
         549    -5.04005    -5.03725  0.00168384
         550    -5.01702    -5.03721  0.00168118
         551     -5.0466    -5.03723  0.00167821
         552    -5.05946    -5.03727  0.00167565
         553    -5.03502    -5.03726  0.00167263
         554    -5.08086    -5.03734  0.00167146
         555    -5.02676    -5.03732  0.00166856
         556    -5.01559    -5.03728  0.00166601
         557    -4.97844    -5.03718  0.00166637
         558     -4.9956     -5.0371  0.00166505
         559    -5.03472     -5.0371  0.00166207
         560    -5.00633    -5.03704  0.00166001
         561    -5.01714    -5.03701  0.00165743
         562     -4.9449    -5.03684  0.00166257
         563     -5.0173    -5.03681  0.00165998
         564    -5.07778    -5.03688  0.00165862
         565    -5.02208    -5.03686  0.00165589
         566     -5.0448    -5.03687  0.00165303
         567    -5.05271     -5.0369  0.00165035
         568    -5.02505    -5.03688  0.00164758
         569    -5.04885     -5.0369  0.00164481
         570    -5.10447    -5.03702   0.0016462
         571    -4.98975    -5.03693  0.00164539
         572    -5.02215    -5.03691  0.00164272
         573    -5.01784    -5.03687  0.00164019
         574    -5.03025    -5.03686  0.00163737
         575    -5.06321    -5.03691  0.00163517
         576     -5.0032    -5.03685  0.00163337
         577    -5.10701    -5.03697  0.00163506
         578    -5.04377    -5.03698  0.00163227
         579    -4.99664    -5.03691  0.00163094
         580    -5.00404    -5.03686  0.00162912
         581    -5.06585    -5.03691  0.00162708
         582    -5.02317    -5.03688  0.00162445
         583     -5.0391    -5.03689  0.00162167
         584    -4.99831    -5.03682  0.00162024
         585    -5.04482    -5.03683  0.00161752
         586     -5.0741     -5.0369  0.00161601
         587     -5.0973      -5.037  0.00161653
         588    -5.07034    -5.03706  0.00161478
         589    -5.02902    -5.03704   0.0016121
         590    -5.02002    -5.03702  0.00160962
         591    -5.04505    -5.03703  0.00160695
         592    -5.03331    -5.03702  0.00160425
         593    -5.00442    -5.03697  0.00160249
         594    -5.01247    -5.03693  0.00160032
         595    -5.07023    -5.03698  0.00159861
         596    -5.09976    -5.03709   0.0015994
         597    -5.04466     -5.0371  0.00159677
         598    -4.97676      -5.037  0.00159728
         599    -4.97912     -5.0369  0.00159753
         600    -5.13505    -5.03707  0.00160322
         601    -5.06767    -5.03712  0.00160137
         602    -4.99665    -5.03705  0.00160012
         603     -5.0758    -5.03711  0.00159875
         604    -5.02916     -5.0371  0.00159616
         605    -5.06793    -5.03715  0.00159433
         606    -5.03751    -5.03715   0.0015917
         607    -5.03406    -5.03715  0.00158909
         608    -5.09746    -5.03725  0.00158957
         609    -5.03468    -5.03724  0.00158696
         610    -5.02216    -5.03722  0.00158455
         611    -4.99234    -5.03714  0.00158366
         612     -5.0199    -5.03712  0.00158133
         613    -4.98175    -5.03703  0.00158132
         614    -5.08245     -5.0371  0.00158048
         615    -5.03404    -5.03709  0.00157792
         616    -5.03321    -5.03709  0.00157537
         617    -5.02278    -5.03707  0.00157298
         618    -5.00998    -5.03702  0.00157105
         619    -5.04098    -5.03703  0.00156852
         620    -5.06017    -5.03707  0.00156644
         621     -4.9547    -5.03693  0.00156952
         622    -5.03347    -5.03693  0.00156701
         623    -5.02158     -5.0369  0.00156469
         624    -5.06902    -5.03695  0.00156302
         625    -5.03171    -5.03695  0.00156055
         626    -5.06623    -5.03699  0.00155875
         627     -5.0276    -5.03698  0.00155634
         628    -4.98811     -5.0369  0.00155581
         629    -5.04845    -5.03692  0.00155344
         630    -5.04703    -5.03693  0.00155106
         631    -5.05397    -5.03696  0.00154884
         632    -5.03699    -5.03696  0.00154638
         633    -5.06494    -5.03701  0.00154457
         634    -5.03115      -5.037  0.00154216
         635    -5.01286    -5.03696   0.0015402
         636    -5.06921    -5.03701  0.00153862
         637    -5.06227    -5.03705  0.00153671
         638    -4.96318    -5.03693  0.00153866
         639    -5.03555    -5.03693  0.00153625
         640    -5.05689    -5.03696  0.00153417
         641    -5.03851    -5.03696  0.00153178
         642    -5.03662    -5.03696  0.00152939
         643    -5.05704    -5.03699  0.00152733
         644    -5.00423    -5.03694  0.00152581
         645     -5.0092     -5.0369  0.00152405
         646    -5.01382    -5.03687  0.00152211
         647    -4.95623    -5.03674  0.00152485
         648    -5.03648    -5.03674   0.0015225
         649    -5.06548    -5.03678  0.00152079
         650    -5.08846    -5.03686  0.00152053
         651    -4.93954    -5.03671  0.00152553
         652    -5.02817     -5.0367  0.00152324
         653    -4.98978    -5.03663  0.00152261
         654    -5.00325    -5.03658  0.00152113
         655    -5.00187    -5.03653  0.00151973
         656    -5.06728    -5.03657  0.00151814
         657    -5.06136    -5.03661   0.0015163
         658    -5.06159    -5.03665  0.00151447
         659    -5.01985    -5.03662  0.00151238
         660     -5.0255    -5.03661  0.00151019
         661    -4.94869    -5.03647  0.00151375
         662    -5.02757    -5.03646  0.00151152
         663    -5.07195    -5.03651  0.00151019
         664    -5.08828    -5.03659  0.00150993
         665    -5.02153    -5.03657  0.00150782
         666    -5.06259    -5.03661  0.00150607
         667    -5.03863    -5.03661  0.00150381
         668    -5.06162    -5.03665  0.00150203
         669    -5.04813    -5.03666  0.00149988
         670    -5.06441    -5.03671  0.00149821
         671     -5.0878    -5.03678  0.00149791
         672    -5.06359    -5.03682  0.00149622
         673    -5.03159    -5.03681  0.00149401
         674    -5.14974    -5.03698  0.00150116
         675    -5.00679    -5.03694   0.0014996
         676    -5.05622    -5.03697  0.00149766
         677    -5.02939    -5.03695  0.00149549
         678     -4.9671    -5.03685  0.00149683
         679    -5.04281    -5.03686  0.00149465
         680    -5.05821    -5.03689  0.00149278
         681    -5.04441     -5.0369  0.00149063
         682    -5.11353    -5.03702  0.00149267
         683    -5.00718    -5.03697  0.00149112
         684    -5.04169    -5.03698  0.00148896
         685    -5.12289     -5.0371  0.00149206
         686    -5.05805    -5.03713   0.0014902
         687    -5.03072    -5.03712  0.00148806
         688    -5.03626    -5.03712  0.00148589
         689    -5.05026    -5.03714  0.00148386
         690    -4.98317    -5.03706  0.00148377
         691    -4.98284    -5.03699   0.0014837
         692    -4.99134    -5.03692  0.00148302
         693    -5.06339    -5.03696  0.00148137
         694    -5.07101    -5.03701  0.00148005
         695     -5.0551    -5.03703  0.00147815
         696    -4.99115    -5.03697  0.00147749
         697    -5.06062      -5.037  0.00147576
         698    -5.04523    -5.03701  0.00147369
         699    -5.01461    -5.03698  0.00147193
         700    -5.10015    -5.03707   0.0014726
         701    -5.01528    -5.03704  0.00147082
         702    -5.06106    -5.03707  0.00146913
         703    -4.98715      -5.037  0.00146875
         704    -5.04782    -5.03702  0.00146675
         705    -5.07385    -5.03707   0.0014656
         706    -5.07473    -5.03712  0.00146449
         707    -5.02143     -5.0371  0.00146259
         708    -5.05371    -5.03713  0.00146071
         709    -5.04012    -5.03713  0.00145865
         710    -5.02521    -5.03711   0.0014567
         711    -5.10042     -5.0372  0.00145737
         712    -5.05081    -5.03722  0.00145545
         713    -5.07354    -5.03727   0.0014543
         714     -5.0628    -5.03731   0.0014527
         715    -5.00919    -5.03727   0.0014512
         716    -5.01905    -5.03724  0.00144939
         717    -5.07305    -5.03729  0.00144823
         718    -5.04722    -5.03731  0.00144628
         719    -5.04475    -5.03732  0.00144431
         720    -5.05299    -5.03734  0.00144247
         721    -5.05873    -5.03737  0.00144077
         722    -5.07041    -5.03741   0.0014395
         723     -4.9546     -5.0373  0.00144206
         724     -5.0556    -5.03733  0.00144029
         725    -5.10751    -5.03742  0.00144155
         726    -4.99997    -5.03737  0.00144049
         727    -5.09901    -5.03746    0.001441
         728    -5.07657    -5.03751  0.00144002
         729     -4.9789    -5.03743  0.00144029
         730    -4.98996    -5.03736  0.00143978
         731     -5.0091    -5.03732  0.00143833
         732    -5.01916     -5.0373  0.00143658
         733    -5.06865    -5.03734  0.00143526
         734    -5.01922    -5.03732  0.00143352
         735     -5.0543    -5.03734  0.00143175
         736    -5.09772    -5.03742  0.00143215
         737    -5.09455     -5.0375  0.00143231
         738    -5.03371     -5.0375  0.00143038
         739    -5.03576    -5.03749  0.00142844
         740    -5.03255    -5.03749  0.00142653
         741    -5.04756     -5.0375  0.00142467
         742    -5.13352    -5.03763  0.00142861
         743    -5.06199    -5.03766  0.00142707
         744    -5.03893    -5.03766  0.00142515
         745    -5.03751    -5.03766  0.00142324
         746    -5.10649    -5.03776  0.00142432
         747    -5.00984    -5.03772   0.0014229
         748     -5.0365    -5.03772    0.001421
         749    -4.95395    -5.03761   0.0014235
         750    -5.01864    -5.03758  0.00142182
         751    -5.02225    -5.03756  0.00142008
         752    -5.07847    -5.03761  0.00141923
         753    -4.97368    -5.03753  0.00141988
         754    -5.01503     -5.0375  0.00141831
         755    -4.98596    -5.03743  0.00141807
         756    -5.04142    -5.03744  0.00141621
         757     -5.0539    -5.03746   0.0014145
         758    -4.98013    -5.03738  0.00141466
         759    -5.03045    -5.03737  0.00141282
         760    -5.05423     -5.0374  0.00141114
         761    -5.10143    -5.03748  0.00141179
         762    -5.02344    -5.03746  0.00141006
         763    -5.01229    -5.03743   0.0014086
         764    -5.11995    -5.03754  0.00141089
         765    -5.04434    -5.03755  0.00140907
         766    -5.07452    -5.03759  0.00140806
         767    -4.99734    -5.03754   0.0014072
         768     -4.9916    -5.03748  0.00140664
         769       -5.03    -5.03747  0.00140485
         770    -5.03315    -5.03747  0.00140303
         771    -5.05822    -5.03749  0.00140147
         772    -5.08834    -5.03756   0.0014012
         773    -5.05637    -5.03758   0.0013996
         774     -5.0107    -5.03755  0.00139822
         775    -4.98538    -5.03748  0.00139804
         776    -5.02453    -5.03746  0.00139634
         777    -5.05538    -5.03749  0.00139473
         778    -5.05498    -5.03751  0.00139312
         779    -5.09839    -5.03759  0.00139352
         780    -5.02807    -5.03758  0.00139179
         781    -5.12284    -5.03768  0.00139428
         782    -5.01806    -5.03766  0.00139272
         783    -5.02287    -5.03764  0.00139107
         784    -5.02208    -5.03762  0.00138944
         785    -5.02123     -5.0376  0.00138783
         786    -5.02597    -5.03759  0.00138614
         787    -5.08318    -5.03764  0.00138559
         788    -5.00311     -5.0376  0.00138452
         789    -5.04383    -5.03761  0.00138279
         790    -5.07146    -5.03765   0.0013817
         791    -5.10124    -5.03773  0.00138229
         792    -5.03205    -5.03772  0.00138057
         793    -5.02289     -5.0377  0.00137895
         794    -4.98535    -5.03764  0.00137879
         795    -4.98463    -5.03757  0.00137867
         796    -5.02242    -5.03755  0.00137707
         797    -5.01031    -5.03752  0.00137576
         798    -5.02856    -5.03751  0.00137409
         799    -5.02184    -5.03749  0.00137251
         800    -5.00236    -5.03744  0.00137149
         801    -5.04078    -5.03745  0.00136979
         802    -4.99429    -5.03739  0.00136914
         803    -5.03817     -5.0374  0.00136743
         804    -5.01197    -5.03736   0.0013661
         805    -5.08628    -5.03742  0.00136575
         806    -5.05012    -5.03744  0.00136415
         807    -5.09532    -5.03751  0.00136434
         808    -5.04216    -5.03752  0.00136266
         809    -5.02784    -5.03751  0.00136103
         810    -5.01081    -5.03747  0.00135975
         811    -5.04126    -5.03748  0.00135808
         812    -5.06842    -5.03752  0.00135694
         813    -5.07743    -5.03756  0.00135616
         814    -5.01467    -5.03754  0.00135479
         815    -5.02881    -5.03753  0.00135317
         816    -5.00643    -5.03749  0.00135205
         817    -5.16597    -5.03764  0.00135951
         818    -5.00432     -5.0376  0.00135846
         819     -4.9767    -5.03753  0.00135883
         820    -5.00174    -5.03749  0.00135787
         821    -5.04208    -5.03749  0.00135623
         822    -5.11015    -5.03758  0.00135746
         823    -5.05659     -5.0376  0.00135601
         824    -5.02754    -5.03759  0.00135442
         825    -4.98771    -5.03753  0.00135412
         826    -4.98888    -5.03747  0.00135376
         827    -5.03452    -5.03747  0.00135213
         828    -5.06069     -5.0375  0.00135079
         829    -5.04274     -5.0375  0.00134918
         830    -5.04965    -5.03752  0.00134763
         831    -5.04277    -5.03752  0.00134602
         832    -5.08453    -5.03758  0.00134559
         833    -5.03758    -5.03758  0.00134397
         834    -5.04121    -5.03758  0.00134237
         835    -5.03466    -5.03758  0.00134077
         836    -5.01301    -5.03755  0.00133949
         837    -4.97286    -5.03747  0.00134011
         838    -5.06753    -5.03751  0.00133899
         839    -5.02473    -5.03749  0.00133748
         840    -5.05259    -5.03751  0.00133601
         841    -5.03196    -5.03751  0.00133444
         842    -5.05887    -5.03753   0.0013331
         843    -5.02014    -5.03751  0.00133168
         844    -5.03293    -5.03751  0.00133011
         845     -5.0438    -5.03751  0.00132856
         846    -5.09297    -5.03758   0.0013286
         847    -5.04297    -5.03758  0.00132705
         848     -5.0217    -5.03757  0.00132562
         849    -5.02416    -5.03755  0.00132415
         850    -5.07142    -5.03759  0.00132319
         851    -5.06946    -5.03763  0.00132216
         852    -5.06538    -5.03766  0.00132101
         853    -4.99889    -5.03761  0.00132025
         854    -5.06472    -5.03765  0.00131908
         855     -5.0317    -5.03764  0.00131756
         856    -5.04257    -5.03765  0.00131603
         857    -5.00658    -5.03761    0.001315
         858    -5.02998     -5.0376  0.00131349
         859    -4.98463    -5.03754  0.00131341
         860    -5.02056    -5.03752  0.00131203
         861    -5.02046     -5.0375  0.00131066
         862    -5.09651    -5.03757  0.00131092
         863     -5.0709    -5.03761  0.00130997
         864    -5.11313    -5.03769  0.00131137
         865    -5.01297    -5.03766  0.00131017
         866    -5.01902    -5.03764  0.00130883
         867    -5.03398    -5.03764  0.00130733
         868    -5.00809     -5.0376  0.00130626
         869     -5.0533    -5.03762  0.00130489
         870    -5.01394     -5.0376  0.00130367
         871    -5.07629    -5.03764  0.00130293
         872    -5.05587    -5.03766   0.0013016
         873    -4.99773    -5.03762  0.00130092
         874    -5.03776    -5.03762  0.00129943
         875    -5.06875    -5.03765  0.00129843
         876    -5.06089    -5.03768  0.00129722
         877    -5.08504    -5.03773  0.00129686
         878    -5.02565    -5.03772  0.00129546
         879    -5.01118    -5.03769  0.00129434
         880    -5.04753     -5.0377  0.00129291
         881    -4.99771    -5.03765  0.00129224
         882    -4.98936     -5.0376  0.00129194
         883    -4.96528    -5.03752  0.00129307
         884    -5.03794    -5.03752   0.0012916
         885    -5.05189    -5.03753  0.00129025
         886    -5.08007    -5.03758  0.00128968
         887    -5.12995    -5.03769  0.00129243
         888    -5.04992     -5.0377  0.00129105
         889     -5.0494    -5.03771  0.00128966
         890    -5.02501     -5.0377  0.00128829
         891    -5.04512    -5.03771  0.00128687
         892    -5.07336    -5.03775  0.00128605
         893    -5.05237    -5.03776  0.00128471
         894    -5.05265    -5.03778  0.00128338
         895    -5.01299    -5.03775  0.00128225
         896    -5.02191    -5.03773  0.00128094
         897    -4.99272    -5.03768  0.00128049
         898    -5.00482    -5.03765  0.00127959
         899    -4.98251    -5.03759  0.00127964
         900      -5.005    -5.03755  0.00127873
         901    -4.99964    -5.03751    0.001278
         902    -4.96749    -5.03743  0.00127894
         903    -5.03694    -5.03743  0.00127752
         904    -5.01474     -5.0374  0.00127636
         905    -5.02787    -5.03739  0.00127499
         906    -5.03868     -5.0374  0.00127358
         907    -5.05848    -5.03742  0.00127239
         908    -5.12366    -5.03751  0.00127453
         909    -5.00861    -5.03748  0.00127352
         910    -5.06784    -5.03752  0.00127256
         911    -5.04506    -5.03752  0.00127119
         912    -5.00787    -5.03749  0.00127021
         913    -5.03949    -5.03749  0.00126882
         914    -5.01312    -5.03747  0.00126772
         915    -5.08484    -5.03752  0.00126739
         916    -5.07915    -5.03756  0.00126682
         917    -5.06776     -5.0376  0.00126586
         918    -5.08509    -5.03765  0.00126554
         919    -5.03482    -5.03765  0.00126417
         920    -5.06877    -5.03768  0.00126325
         921    -4.99263    -5.03763  0.00126282
         922    -5.09218    -5.03769  0.00126284
         923    -5.02025    -5.03767  0.00126161
         924    -4.99061    -5.03762  0.00126127
         925    -5.04627    -5.03763  0.00125994
         926    -5.06603    -5.03766  0.00125896
         927    -5.01026    -5.03763  0.00125795
         928    -5.00003    -5.03759  0.00125724
         929    -4.98918    -5.03754  0.00125697
         930    -5.03826    -5.03754  0.00125562
         931    -5.01386    -5.03751  0.00125453
         932     -4.9765    -5.03745  0.00125489
         933    -5.04933    -5.03746  0.00125361
         934    -5.02439    -5.03745  0.00125234
         935     -5.0335    -5.03744  0.00125101
         936    -5.06994    -5.03748  0.00125016
         937    -5.01023    -5.03745  0.00124916
         938    -5.07932    -5.03749  0.00124863
         939    -5.07097    -5.03753   0.0012478
         940    -5.01215     -5.0375  0.00124677
         941    -4.99712    -5.03746  0.00124618
         942    -4.99899    -5.03742  0.00124553
         943    -5.02335     -5.0374   0.0012443
         944    -5.04185    -5.03741  0.00124299
         945    -5.02335    -5.03739  0.00124176
         946    -5.01339    -5.03737  0.00124071
         947    -5.04402    -5.03737  0.00123942
         948    -5.04495    -5.03738  0.00123814
         949     -5.0277    -5.03737  0.00123687
         950    -5.00885    -5.03734  0.00123594
         951    -5.05292    -5.03736  0.00123474
         952    -5.04506    -5.03737  0.00123347
         953    -5.00024    -5.03733  0.00123279
         954    -5.00432    -5.03729  0.00123199
         955    -5.02122    -5.03728  0.00123081
         956    -5.04794    -5.03729  0.00122958
         957    -5.02078    -5.03727  0.00122841
         958    -5.10775    -5.03734  0.00122933
         959    -5.05585    -5.03736   0.0012282
         960    -5.02144    -5.03735  0.00122703
         961    -5.02786    -5.03734   0.0012258
         962    -5.09977     -5.0374  0.00122624
         963    -5.05182    -5.03742  0.00122506
         964    -5.03084    -5.03741   0.0012238
         965    -5.02347    -5.03739  0.00122262
         966    -5.06314    -5.03742  0.00122165
         967    -5.03535    -5.03742  0.00122039
         968    -5.03192    -5.03741  0.00121914
         969    -5.08648    -5.03746  0.00121893
         970    -5.03019    -5.03746   0.0012177
         971    -5.02676    -5.03745  0.00121649
         972    -4.97181    -5.03738  0.00121711
         973    -5.04239    -5.03738  0.00121587
         974     -4.9884    -5.03733  0.00121567
         975    -4.99941    -5.03729  0.00121504
         976     -4.9807    -5.03724  0.00121518
         977    -5.04732    -5.03725  0.00121398
         978    -5.02045    -5.03723  0.00121286
         979    -5.00901     -5.0372  0.00121196
         980    -5.07081    -5.03723  0.00121121
         981    -5.04207    -5.03724  0.00120999
         982    -5.06455    -5.03727  0.00120907
         983    -5.03937    -5.03727  0.00120785
         984    -5.07039     -5.0373  0.00120709
         985    -5.08821    -5.03735  0.00120697
         986    -5.05839    -5.03738  0.00120593
         987    -5.03974    -5.03738  0.00120471
         988     -5.0846    -5.03743  0.00120444
         989    -5.04773    -5.03744  0.00120327
         990    -5.01333    -5.03741   0.0012023
         991    -5.02409     -5.0374  0.00120116
         992    -5.01615    -5.03738  0.00120014
         993     -5.1089    -5.03745  0.00120109
         994    -5.05248    -5.03746  0.00119998
         995    -5.03334    -5.03746  0.00119878
         996    -4.97184    -5.03739  0.00119939
         997    -5.04433     -5.0374   0.0011982
         998    -5.02222    -5.03739   0.0011971
         999    -5.07418    -5.03742  0.00119647
        1000    -5.03534    -5.03742  0.00119527
