#     BLOCK:   ACTUAL_TE:    TE_AVE:      ERROR:
               1	       -0.546768	       -0.546768	               0
               2	        -0.54792	       -0.547344	     0.000407294
               3	       -0.546736	       -0.547141	     0.000317979
               4	       -0.543504	       -0.546232	     0.000822824
               5	       -0.544056	       -0.545797	     0.000764738
               6	       -0.549192	       -0.546363	     0.000820345
               7	       -0.548976	       -0.546736	     0.000783512
               8	       -0.546768	        -0.54674	     0.000685583
               9	       -0.546832	        -0.54675	     0.000609483
              10	        -0.55048	       -0.547123	     0.000652757
              11	       -0.545144	       -0.546943	     0.000617716
              12	       -0.545224	         -0.5468	     0.000582618
              13	       -0.549176	       -0.546983	     0.000565743
              14	       -0.546024	       -0.546914	     0.000529461
              15	       -0.546672	       -0.546898	      0.00049441
              16	       -0.545512	       -0.546812	     0.000471039
              17	       -0.545288	       -0.546722	     0.000451775
              18	       -0.546264	       -0.546696	     0.000427392
              19	          -0.547	       -0.546712	     0.000405196
              20	       -0.543368	       -0.546545	      0.00041802
              21	       -0.546616	       -0.546549	     0.000398128
              22	       -0.546648	       -0.546553	     0.000380057
              23	       -0.547784	       -0.546607	     0.000367282
              24	       -0.546168	       -0.546588	     0.000352432
              25	       -0.546968	       -0.546604	     0.000338662
              26	       -0.547928	       -0.546654	     0.000329446
              27	        -0.54424	       -0.546565	     0.000329157
              28	       -0.543864	       -0.546469	     0.000331236
              29	       -0.545464	       -0.546434	      0.00032162
              30	       -0.547496	       -0.546469	     0.000312842
              31	       -0.547744	        -0.54651	      0.00030544
              32	        -0.54752	       -0.546542	      0.00029752
              33	       -0.547168	       -0.546561	     0.000289108
              34	       -0.545272	       -0.546523	      0.00028308
              35	       -0.548384	       -0.546576	     0.000279941
              36	        -0.54592	       -0.546558	     0.000272757
              37	       -0.546008	       -0.546543	      0.00026579
              38	       -0.548728	       -0.546601	     0.000264942
              39	       -0.547136	       -0.546614	     0.000258504
              40	       -0.541104	       -0.546477	     0.000286405
              41	       -0.548032	       -0.546515	     0.000281921
              42	       -0.548152	       -0.546554	     0.000277891
              43	        -0.55188	       -0.546677	      0.00029776
              44	        -0.54424	       -0.546622	       0.0002961
              45	       -0.548352	        -0.54666	     0.000292005
              46	       -0.546072	       -0.546648	     0.000285938
              47	       -0.545312	       -0.546619	     0.000281262
              48	       -0.546432	       -0.546615	      0.00027543
              49	        -0.54784	        -0.54664	      0.00027094
              50	       -0.547784	       -0.546663	     0.000266485
              51	       -0.549032	        -0.54671	     0.000265277
              52	        -0.54772	       -0.546729	     0.000260886
              53	       -0.543536	       -0.546669	     0.000262828
              54	       -0.547216	       -0.546679	     0.000258156
              55	       -0.549552	       -0.546731	     0.000258693
              56	        -0.54448	       -0.546691	     0.000257178
              57	        -0.54956	       -0.546741	     0.000257545
              58	       -0.544384	       -0.546701	     0.000256291
              59	        -0.54532	       -0.546677	     0.000253014
              60	       -0.544864	       -0.546647	     0.000250595
              61	       -0.548104	       -0.546671	     0.000247623
              62	       -0.547648	       -0.546687	      0.00024413
              63	       -0.543704	       -0.546639	     0.000244802
              64	        -0.54548	       -0.546621	     0.000241647
              65	       -0.550056	       -0.546674	     0.000243638
              66	       -0.544528	       -0.546642	     0.000242107
              67	        -0.54168	       -0.546568	     0.000249562
              68	       -0.548496	       -0.546596	     0.000247498
              69	       -0.547712	       -0.546612	     0.000244439
              70	        -0.54552	       -0.546596	     0.000241444
              71	       -0.545632	       -0.546583	     0.000238426
              72	       -0.547848	         -0.5466	     0.000235761
              73	        -0.54364	        -0.54656	     0.000235993
              74	       -0.547912	       -0.546578	      0.00023351
              75	       -0.546944	       -0.546583	     0.000230448
              76	       -0.545104	       -0.546564	     0.000228236
              77	       -0.546552	       -0.546563	     0.000225272
              78	        -0.54696	       -0.546569	     0.000222441
              79	       -0.549464	       -0.546605	     0.000222625
              80	       -0.548752	       -0.546632	     0.000221453
              81	        -0.54592	       -0.546623	     0.000218894
              82	       -0.544896	       -0.546602	     0.000217235
              83	       -0.546296	       -0.546598	     0.000214649
              84	       -0.545472	       -0.546585	     0.000212512
              85	        -0.54376	       -0.546552	     0.000212595
              86	       -0.544128	       -0.546524	     0.000211983
              87	        -0.54876	       -0.546549	     0.000211099
              88	       -0.543384	       -0.546513	     0.000211743
              89	       -0.549128	       -0.546543	     0.000211392
              90	       -0.546208	       -0.546539	     0.000209076
              91	        -0.54676	       -0.546541	     0.000206792
              92	       -0.545816	       -0.546534	     0.000204695
              93	       -0.546712	       -0.546535	     0.000202503
              94	       -0.548104	       -0.546552	     0.000201035
              95	       -0.551448	       -0.546604	     0.000205418
              96	       -0.542448	        -0.54656	     0.000207789
              97	       -0.547432	       -0.546569	     0.000205841
              98	        -0.54832	       -0.546587	     0.000204515
              99	       -0.546544	       -0.546587	     0.000202449
             100	        -0.54764	       -0.546597	     0.000200699
             101	        -0.54936	       -0.546625	     0.000200567
             102	       -0.548296	       -0.546641	     0.000199269
             103	       -0.546104	       -0.546636	     0.000197402
             104	       -0.544656	       -0.546617	      0.00019642
             105	         -0.5472	       -0.546622	     0.000194628
             106	       -0.546576	       -0.546622	     0.000192792
             107	       -0.546176	       -0.546618	     0.000191035
             108	       -0.546536	       -0.546617	     0.000189268
             109	       -0.545184	       -0.546604	     0.000187988
             110	       -0.548376	        -0.54662	     0.000186968
             111	       -0.543336	        -0.54659	      0.00018761
             112	        -0.54452	       -0.546572	     0.000186843
             113	       -0.549536	       -0.546598	     0.000187022
             114	       -0.549336	       -0.546622	     0.000186917
             115	       -0.546728	       -0.546623	     0.000185294
             116	         -0.5464	       -0.546621	     0.000183706
             117	        -0.54648	        -0.54662	      0.00018214
             118	         -0.5468	       -0.546621	     0.000180603
             119	        -0.54356	       -0.546596	     0.000180908
             120	       -0.549456	        -0.54662	     0.000180964
             121	       -0.544696	       -0.546604	     0.000180166
             122	       -0.548504	       -0.546619	     0.000179361
             123	       -0.548384	       -0.546634	     0.000178476
             124	       -0.547992	       -0.546645	     0.000177372
             125	       -0.546744	       -0.546645	     0.000175955
             126	       -0.546344	       -0.546643	     0.000174575
             127	       -0.545704	       -0.546636	     0.000173357
             128	       -0.549216	       -0.546656	      0.00017317
             129	       -0.550104	       -0.546682	     0.000173879
             130	       -0.545072	        -0.54667	     0.000172982
             131	       -0.547744	       -0.546678	     0.000171856
             132	       -0.545744	       -0.546671	     0.000170699
             133	       -0.551672	       -0.546709	     0.000173508
             134	       -0.546072	       -0.546704	     0.000172278
             135	       -0.545448	       -0.546695	     0.000171253
             136	       -0.546336	       -0.546692	     0.000170014
             137	       -0.545056	        -0.54668	     0.000169192
             138	        -0.54688	       -0.546682	     0.000167972
             139	       -0.544824	       -0.546668	     0.000167294
             140	       -0.550992	       -0.546699	     0.000168926
             141	       -0.546128	       -0.546695	     0.000167777
             142	       -0.544456	       -0.546679	     0.000167334
             143	       -0.545816	       -0.546673	     0.000166273
             144	       -0.545392	       -0.546664	     0.000165356
             145	       -0.546528	       -0.546663	     0.000164219
             146	       -0.546568	       -0.546663	     0.000163095
             147	       -0.539312	       -0.546613	     0.000169478
             148	       -0.546104	       -0.546609	     0.000168368
             149	        -0.54536	       -0.546601	     0.000167447
             150	       -0.543216	       -0.546578	     0.000167844
             151	        -0.54896	       -0.546594	     0.000167472
             152	       -0.545304	       -0.546586	     0.000166585
             153	        -0.54668	       -0.546586	     0.000165497
             154	       -0.546592	       -0.546586	     0.000164423
             155	       -0.546664	       -0.546587	     0.000163363
             156	       -0.548736	       -0.546601	     0.000162895
             157	        -0.54064	       -0.546563	     0.000166223
             158	        -0.54908	       -0.546579	     0.000165933
             159	       -0.548296	       -0.546589	     0.000165241
             160	       -0.547072	       -0.546592	     0.000164235
             161	       -0.547728	       -0.546599	     0.000163367
             162	       -0.546984	       -0.546602	     0.000162376
             163	       -0.547704	       -0.546609	      0.00016152
             164	       -0.547144	       -0.546612	     0.000160568
             165	       -0.544104	       -0.546597	     0.000160313
             166	       -0.550584	       -0.546621	     0.000161137
             167	       -0.544072	       -0.546605	     0.000160893
             168	       -0.545168	       -0.546597	     0.000160162
             169	       -0.547304	       -0.546601	     0.000159269
             170	       -0.546904	       -0.546603	     0.000158342
             171	        -0.54428	       -0.546589	     0.000157998
             172	       -0.548848	       -0.546602	     0.000157624
             173	       -0.549656	        -0.54662	     0.000157698
             174	       -0.547656	       -0.546626	     0.000156904
             175	       -0.548784	       -0.546638	     0.000156492
             176	       -0.544048	       -0.546624	     0.000156293
             177	        -0.54772	        -0.54663	     0.000155533
             178	        -0.54592	       -0.546626	      0.00015471
             179	       -0.548296	       -0.546635	     0.000154127
             180	       -0.545248	       -0.546627	     0.000153463
             181	       -0.546624	       -0.546627	     0.000152615
             182	       -0.545696	       -0.546622	     0.000151863
             183	       -0.546512	       -0.546622	     0.000151034
             184	       -0.544184	       -0.546608	     0.000150793
             185	       -0.547736	       -0.546615	     0.000150101
             186	        -0.54516	       -0.546607	     0.000149498
             187	        -0.54204	       -0.546582	      0.00015068
             188	       -0.549696	       -0.546599	     0.000150786
             189	       -0.549976	       -0.546617	     0.000151043
             190	       -0.549504	       -0.546632	      0.00015101
             191	        -0.54696	       -0.546634	     0.000150229
             192	       -0.549104	       -0.546647	     0.000149997
             193	       -0.546648	       -0.546647	      0.00014922
             194	       -0.550208	       -0.546665	     0.000149576
             195	       -0.547056	       -0.546667	     0.000148822
             196	        -0.54584	       -0.546663	     0.000148122
             197	       -0.547784	       -0.546668	      0.00014748
             198	       -0.547104	       -0.546671	     0.000146751
             199	       -0.553752	       -0.546706	     0.000150267
             200	       -0.545904	       -0.546702	     0.000149569
             201	        -0.54412	       -0.546689	     0.000149375
             202	       -0.547064	       -0.546691	     0.000148647
             203	       -0.549336	       -0.546704	     0.000148485
             204	       -0.548392	       -0.546712	     0.000147987
             205	         -0.5454	       -0.546706	     0.000147404
             206	       -0.544936	       -0.546697	     0.000146939
             207	        -0.54416	       -0.546685	     0.000146739
             208	        -0.54732	       -0.546688	     0.000146065
             209	        -0.54836	       -0.546696	     0.000145585
             210	        -0.54836	       -0.546704	     0.000145108
             211	       -0.549752	       -0.546719	     0.000145137
             212	       -0.544176	       -0.546707	     0.000144947
             213	       -0.545968	       -0.546703	     0.000144308
             214	       -0.544344	       -0.546692	     0.000144054
             215	        -0.54724	       -0.546695	     0.000143407
             216	       -0.544576	       -0.546685	     0.000143078
             217	        -0.54904	       -0.546696	      0.00014283
             218	         -0.5494	       -0.546708	     0.000142712
             219	       -0.546072	       -0.546705	      0.00014209
             220	       -0.546528	       -0.546704	     0.000141446
             221	       -0.546264	       -0.546702	      0.00014082
             222	       -0.549096	       -0.546713	     0.000140598
             223	       -0.542896	       -0.546696	     0.000141006
             224	       -0.545488	       -0.546691	     0.000140479
             225	       -0.550336	       -0.546707	     0.000140786
             226	        -0.54768	       -0.546711	     0.000140229
             227	       -0.546648	       -0.546711	     0.000139612
             228	       -0.547216	       -0.546713	     0.000139017
             229	         -0.5446	       -0.546704	     0.000138716
             230	       -0.545264	       -0.546698	     0.000138254
             231	       -0.545272	       -0.546691	     0.000137793
             232	       -0.548248	       -0.546698	     0.000137362
             233	        -0.54688	       -0.546699	     0.000136775
             234	       -0.546424	       -0.546698	     0.000136196
             235	        -0.54876	       -0.546707	     0.000135898
             236	       -0.547096	       -0.546708	     0.000135333
             237	       -0.547192	        -0.54671	     0.000134777
             238	        -0.54436	         -0.5467	     0.000134572
             239	        -0.54704	       -0.546702	     0.000134016
             240	       -0.546056	       -0.546699	     0.000133485
             241	       -0.544376	       -0.546689	     0.000133279
             242	        -0.54588	       -0.546686	      0.00013277
             243	       -0.545616	       -0.546682	     0.000132297
             244	       -0.550768	       -0.546698	      0.00013281
             245	       -0.547256	       -0.546701	     0.000132288
             246	       -0.546096	       -0.546698	     0.000131773
             247	       -0.546656	       -0.546698	     0.000131239
             248	       -0.543136	       -0.546684	     0.000131494
             249	       -0.544344	       -0.546674	     0.000131301
             250	       -0.549192	       -0.546684	     0.000131161
             251	       -0.545152	       -0.546678	     0.000130781
             252	       -0.545704	       -0.546674	     0.000130319
             253	        -0.54568	       -0.546671	     0.000129863
             254	        -0.54372	       -0.546659	      0.00012987
             255	       -0.547768	       -0.546663	     0.000129434
             256	       -0.546408	       -0.546662	     0.000128932
             257	        -0.54496	       -0.546656	       0.0001286
             258	        -0.54436	       -0.546647	     0.000128409
             259	       -0.547464	        -0.54665	     0.000127952
             260	       -0.545904	       -0.546647	     0.000127492
             261	       -0.545928	       -0.546644	     0.000127034
             262	       -0.545904	       -0.546641	      0.00012658
             263	       -0.548672	       -0.546649	     0.000126334
             264	       -0.544976	       -0.546643	     0.000126015
             265	       -0.549632	       -0.546654	     0.000126043
             266	       -0.547424	       -0.546657	     0.000125602
             267	       -0.550816	       -0.546673	     0.000126094
             268	        -0.54748	       -0.546676	      0.00012566
             269	       -0.547832	        -0.54668	     0.000125266
             270	        -0.54924	       -0.546689	      0.00012516
             271	       -0.547928	       -0.546694	     0.000124782
             272	         -0.5464	       -0.546693	     0.000124328
             273	       -0.543512	       -0.546681	     0.000124417
             274	       -0.546304	        -0.54668	     0.000123971
             275	       -0.547744	       -0.546684	      0.00012358
             276	       -0.544392	       -0.546675	     0.000123411
             277	       -0.548712	       -0.546683	     0.000123184
             278	       -0.543944	       -0.546673	     0.000123135
             279	       -0.547968	       -0.546678	     0.000122781
             280	       -0.546488	       -0.546677	     0.000122344
             281	        -0.54724	       -0.546679	     0.000121925
             282	       -0.544048	        -0.54667	     0.000121849
             283	       -0.547808	       -0.546674	     0.000121485
             284	       -0.547128	       -0.546675	     0.000121068
             285	       -0.547368	       -0.546678	     0.000120667
             286	       -0.547928	       -0.546682	     0.000120325
             287	       -0.546584	       -0.546682	     0.000119906
             288	       -0.544272	       -0.546673	     0.000119781
             289	       -0.546216	       -0.546672	     0.000119377
             290	       -0.550408	       -0.546685	     0.000119659
             291	       -0.547552	       -0.546688	     0.000119285
             292	       -0.548752	       -0.546695	     0.000119085
             293	        -0.54632	       -0.546693	     0.000118686
             294	       -0.547984	       -0.546698	     0.000118363
             295	       -0.550296	        -0.54671	     0.000118589
             296	       -0.550256	       -0.546722	     0.000118792
             297	       -0.547136	       -0.546723	       0.0001184
             298	       -0.547104	       -0.546725	      0.00011801
             299	       -0.544568	       -0.546717	     0.000117835
             300	       -0.546376	       -0.546716	     0.000117448
             301	       -0.546424	       -0.546715	     0.000117062
             302	       -0.545928	       -0.546713	     0.000116703
             303	       -0.548496	       -0.546719	     0.000116466
             304	       -0.550952	       -0.546732	     0.000116913
             305	        -0.54496	       -0.546727	     0.000116674
             306	       -0.546432	       -0.546726	     0.000116297
             307	       -0.549056	       -0.546733	     0.000116165
             308	       -0.544784	       -0.546727	      0.00011596
             309	       -0.545752	       -0.546724	     0.000115628
             310	       -0.545536	        -0.54672	     0.000115318
             311	       -0.548736	       -0.546726	      0.00011513
             312	       -0.541408	       -0.546709	     0.000116016
             313	       -0.547056	        -0.54671	      0.00011565
             314	       -0.547632	       -0.546713	     0.000115319
             315	       -0.548592	       -0.546719	     0.000115107
             316	        -0.54764	       -0.546722	      0.00011478
             317	       -0.547952	       -0.546726	     0.000114483
             318	       -0.546128	       -0.546724	     0.000114139
             319	       -0.542712	       -0.546712	     0.000114472
             320	        -0.54584	       -0.546709	     0.000114147
             321	       -0.543544	       -0.546699	     0.000114216
             322	       -0.547664	       -0.546702	     0.000113901
             323	       -0.543088	       -0.546691	     0.000114096
             324	       -0.544736	       -0.546685	     0.000113904
             325	       -0.548368	        -0.54669	     0.000113671
             326	        -0.54944	       -0.546699	     0.000113635
             327	       -0.543632	       -0.546689	     0.000113673
             328	       -0.549144	       -0.546697	     0.000113573
             329	       -0.546632	       -0.546696	     0.000113228
             330	       -0.550424	       -0.546708	     0.000113447
             331	       -0.547464	        -0.54671	     0.000113127
             332	       -0.547888	       -0.546714	     0.000112842
             333	       -0.541296	       -0.546697	      0.00011367
             334	       -0.549304	       -0.546705	     0.000113597
             335	       -0.546264	       -0.546704	     0.000113266
             336	       -0.549488	       -0.546712	     0.000113231
             337	       -0.544648	       -0.546706	     0.000113061
             338	       -0.544608	         -0.5467	     0.000112897
             339	       -0.544536	       -0.546693	     0.000112744
             340	       -0.545344	       -0.546689	     0.000112482
             341	       -0.546752	        -0.54669	     0.000112152
             342	       -0.545352	       -0.546686	     0.000111893
             343	       -0.546616	       -0.546685	     0.000111567
             344	       -0.549832	       -0.546695	     0.000111617
             345	       -0.548112	       -0.546699	     0.000111369
             346	       -0.545584	       -0.546695	     0.000111093
             347	          -0.542	       -0.546682	     0.000111594
             348	       -0.546144	        -0.54668	     0.000111284
             349	        -0.54712	       -0.546682	     0.000110972
             350	       -0.545632	       -0.546679	     0.000110696
             351	       -0.548328	       -0.546683	      0.00011048
             352	       -0.545416	        -0.54668	     0.000110225
             353	       -0.547264	       -0.546681	     0.000109925
             354	       -0.547944	       -0.546685	     0.000109673
             355	        -0.54364	       -0.546676	     0.000109699
             356	         -0.5474	       -0.546678	     0.000109409
             357	        -0.54612	       -0.546677	     0.000109114
             358	        -0.54884	       -0.546683	     0.000108976
             359	        -0.54332	       -0.546674	     0.000109075
             360	       -0.546544	       -0.546673	     0.000108772
             361	       -0.546008	       -0.546671	     0.000108487
             362	       -0.544496	       -0.546665	     0.000108353
             363	       -0.545512	       -0.546662	     0.000108101
             364	       -0.546576	       -0.546662	     0.000107804
             365	       -0.550792	       -0.546673	     0.000108101
             366	       -0.544928	       -0.546668	     0.000107911
             367	       -0.544592	       -0.546663	     0.000107765
             368	       -0.547144	       -0.546664	      0.00010748
             369	       -0.546864	       -0.546665	      0.00010719
             370	       -0.546288	       -0.546664	     0.000106906
             371	       -0.546872	       -0.546664	     0.000106619
             372	       -0.544232	       -0.546658	     0.000106533
             373	       -0.546376	       -0.546657	      0.00010625
             374	       -0.543744	       -0.546649	     0.000106251
             375	        -0.54684	        -0.54665	     0.000105969
             376	       -0.545792	       -0.546647	     0.000105711
             377	       -0.546192	       -0.546646	     0.000105438
             378	       -0.546488	       -0.546646	      0.00010516
             379	       -0.543328	       -0.546637	     0.000105246
             380	       -0.545576	       -0.546634	     0.000105006
             381	        -0.54872	        -0.54664	     0.000104873
             382	       -0.550136	       -0.546649	     0.000104997
             383	       -0.550672	       -0.546659	     0.000105247
             384	        -0.54588	       -0.546657	     0.000104993
             385	        -0.54676	       -0.546658	      0.00010472
             386	       -0.546368	       -0.546657	     0.000104452
             387	         -0.5504	       -0.546666	     0.000104629
             388	        -0.54504	       -0.546662	     0.000104443
             389	       -0.546408	       -0.546662	     0.000104176
             390	       -0.546248	       -0.546661	     0.000103915
             391	       -0.546112	       -0.546659	     0.000103658
             392	       -0.545616	       -0.546657	     0.000103428
             393	        -0.54448	       -0.546651	     0.000103313
             394	       -0.546232	        -0.54665	     0.000103056
             395	       -0.544168	       -0.546644	     0.000102987
             396	       -0.546536	       -0.546643	     0.000102727
             397	       -0.548616	       -0.546648	     0.000102588
             398	       -0.546632	       -0.546648	     0.000102331
             399	       -0.546448	       -0.546648	     0.000102075
             400	       -0.547088	       -0.546649	     0.000101826
             401	          -0.544	       -0.546642	     0.000101786
             402	       -0.549272	       -0.546649	     0.000101743
             403	       -0.550904	       -0.546659	     0.000102037
             404	       -0.546368	       -0.546659	     0.000101787
             405	       -0.545248	       -0.546655	     0.000101595
             406	       -0.545872	       -0.546653	     0.000101363
             407	        -0.54392	       -0.546647	     0.000101337
             408	       -0.544928	       -0.546642	     0.000101176
             409	       -0.548304	       -0.546646	      0.00010101
             410	       -0.545784	       -0.546644	     0.000100785
             411	       -0.547488	       -0.546646	     0.000100561
             412	       -0.546696	       -0.546646	     0.000100317
             413	       -0.546664	       -0.546646	     0.000100074
             414	        -0.54928	       -0.546653	     0.000100034
             415	       -0.545344	        -0.54665	      9.9843e-05
             416	         -0.5456	       -0.546647	     9.96349e-05
             417	        -0.54632	       -0.546646	     9.93991e-05
             418	       -0.546448	       -0.546646	     9.91624e-05
             419	       -0.544672	       -0.546641	     9.90376e-05
             420	       -0.545816	       -0.546639	     9.88213e-05
             421	       -0.543952	       -0.546633	     9.87925e-05
             422	       -0.546456	       -0.546632	     9.85593e-05
             423	       -0.545232	       -0.546629	     9.83818e-05
             424	       -0.548296	       -0.546633	     9.82283e-05
             425	       -0.550536	       -0.546642	     9.84255e-05
             426	       -0.544864	       -0.546638	      9.8283e-05
             427	       -0.547008	       -0.546639	     9.80566e-05
             428	       -0.549584	       -0.546646	     9.80686e-05
             429	       -0.548624	        -0.54665	     9.79484e-05
             430	       -0.544432	       -0.546645	     9.78564e-05
             431	       -0.547744	       -0.546648	     9.76625e-05
             432	       -0.546792	       -0.546648	      9.7437e-05
             433	       -0.543968	       -0.546642	     9.74084e-05
             434	        -0.54552	       -0.546639	     9.72183e-05
             435	       -0.541968	       -0.546629	     9.75861e-05
             436	       -0.546928	       -0.546629	     9.73647e-05
             437	       -0.545696	       -0.546627	     9.71653e-05
             438	        -0.54696	       -0.546628	     9.69464e-05
             439	       -0.548392	       -0.546632	     9.68088e-05
             440	       -0.546248	       -0.546631	     9.65928e-05
             441	       -0.545576	       -0.546629	     9.64033e-05
             442	        -0.54456	       -0.546624	     9.62988e-05
             443	       -0.544768	        -0.54662	     9.61725e-05
             444	        -0.54864	       -0.546624	     9.60635e-05
             445	       -0.547608	       -0.546627	      9.5873e-05
             446	        -0.54516	       -0.546623	     9.57144e-05
             447	       -0.543584	       -0.546617	     9.57415e-05
             448	        -0.54596	       -0.546615	      9.5539e-05
             449	       -0.545632	       -0.546613	     9.53513e-05
             450	         -0.5508	       -0.546622	     9.55923e-05
             451	       -0.544736	       -0.546618	     9.54718e-05
             452	       -0.545648	       -0.546616	     9.52847e-05
             453	       -0.546728	       -0.546616	     9.50747e-05
             454	       -0.547752	       -0.546619	     9.48982e-05
             455	       -0.543848	       -0.546612	     9.48848e-05
             456	       -0.547288	       -0.546614	     9.46883e-05
             457	       -0.547776	       -0.546617	     9.45152e-05
             458	       -0.548288	        -0.54662	     9.43793e-05
             459	       -0.546392	        -0.54662	      9.4175e-05
             460	       -0.550176	       -0.546627	     9.42871e-05
             461	         -0.5486	       -0.546632	     9.41796e-05
             462	       -0.549912	       -0.546639	      9.4243e-05
             463	       -0.545328	       -0.546636	      9.4082e-05
             464	       -0.547816	       -0.546638	     9.39136e-05
             465	       -0.546056	       -0.546637	     9.37199e-05
             466	       -0.547784	        -0.54664	     9.35511e-05
             467	       -0.542784	       -0.546631	     9.37144e-05
             468	       -0.547352	       -0.546633	     9.35268e-05
             469	        -0.54852	       -0.546637	     9.34139e-05
             470	       -0.547048	       -0.546638	     9.32193e-05
             471	       -0.545832	       -0.546636	      9.3037e-05
             472	       -0.547144	       -0.546637	     9.28461e-05
             473	       -0.545424	       -0.546635	     9.26853e-05
             474	       -0.543056	       -0.546627	     9.27967e-05
             475	       -0.550024	       -0.546634	     9.28765e-05
             476	       -0.547544	       -0.546636	     9.27011e-05
             477	       -0.546672	       -0.546636	     9.25068e-05
             478	       -0.547912	       -0.546639	     9.23517e-05
             479	       -0.547448	       -0.546641	     9.21744e-05
             480	       -0.548816	       -0.546645	     9.20937e-05
             481	       -0.547112	       -0.546646	     9.19073e-05
             482	       -0.546472	       -0.546646	     9.17174e-05
             483	       -0.545864	       -0.546644	     9.15417e-05
             484	       -0.546304	       -0.546643	     9.13553e-05
             485	       -0.548456	       -0.546647	     9.12434e-05
             486	       -0.548136	        -0.54665	      9.1107e-05
             487	       -0.547136	       -0.546651	     9.09254e-05
             488	       -0.548144	       -0.546654	     9.07905e-05
             489	       -0.550256	       -0.546662	     9.09031e-05
             490	       -0.544232	       -0.546657	     9.08528e-05
             491	       -0.544136	       -0.546652	     9.08127e-05
             492	         -0.5478	       -0.546654	     9.06581e-05
             493	       -0.543376	       -0.546647	     9.07177e-05
             494	       -0.548656	       -0.546651	     9.06251e-05
             495	       -0.547552	       -0.546653	     9.04603e-05
             496	       -0.547256	       -0.546654	     9.02861e-05
             497	       -0.546608	       -0.546654	     9.01045e-05
             498	       -0.546656	       -0.546654	     8.99235e-05
             499	       -0.545344	       -0.546652	     8.97817e-05
             500	        -0.54816	       -0.546655	     8.96528e-05
