#     BLOCK:   ACTUAL_X:     X_AVE:       ERROR:
               1	         28.2313	         28.2313	               0
               2	         31.4802	         29.8557	         1.14868
               3	         38.0282	         32.5799	         2.35239
               4	         21.0293	         29.6922	         3.06048
               5	         17.3695	         27.2277	         3.29451
               6	         16.2982	         25.4061	         3.20975
               7	         24.9596	         25.3423	         2.75185
               8	         23.9617	         25.1697	         2.41327
               9	         32.5325	         25.9878	         2.27958
              10	         28.1107	         26.2001	         2.06148
              11	         30.8861	         26.6261	         1.91758
              12	         35.1613	         27.3374	         1.88509
              13	         18.0092	         26.6198	         1.87167
              14	         20.4432	         26.1786	         1.78922
              15	          33.839	         26.6893	          1.7413
              16	         18.3554	         26.1685	          1.7086
              17	          24.873	         26.0923	         1.60979
              18	         23.6645	         25.9574	           1.526
              19	         27.0485	         26.0148	         1.44676
              20	          27.994	         26.1138	          1.3778
              21	         26.6192	         26.1378	          1.3124
              22	         20.6501	         25.8884	         1.27623
              23	         26.3305	         25.9076	         1.22089
              24	         23.2865	         25.7984	         1.17489
              25	         30.7073	         25.9948	         1.14419
              26	         21.8231	         25.8343	         1.11137
              27	         7.37312	         25.1506	         1.26315
              28	         10.9453	         24.6432	         1.31598
              29	         20.5155	         24.5009	         1.27828
              30	         25.6148	          24.538	         1.23621
              31	         24.8244	         24.5473	         1.19636
              32	         25.0404	         24.5627	         1.15908
              33	         12.8391	         24.2074	         1.17714
              34	         24.0316	         24.2022	         1.14253
              35	         32.0215	         24.4257	         1.13152
              36	         18.0231	         24.2478	         1.11398
              37	          19.143	         24.1098	         1.09238
              38	          17.545	         23.9371	         1.07721
              39	         30.4204	         24.1033	         1.06233
              40	         37.0727	         24.4276	         1.08413
              41	         33.2146	         24.6419	         1.07866
              42	         33.2448	         24.8467	         1.07225
              43	         46.4983	         25.3502	         1.15953
              44	         32.5134	          25.513	         1.14455
              45	         29.9026	         25.6106	         1.12326
              46	         29.8493	         25.7027	         1.10262
              47	         24.6945	         25.6813	         1.07937
              48	          23.672	         25.6394	         1.05769
              49	         29.7033	         25.7223	         1.03935
              50	         33.4058	          25.876	         1.02986
              51	         23.5119	         25.8297	         1.01071
              52	         32.1221	         25.9507	        0.998493
              53	         27.6747	         25.9832	        0.980183
              54	         23.5713	         25.9385	        0.963049
              55	         50.2858	         26.3812	         1.04233
              56	         18.8223	         26.2462	         1.03242
              57	         20.0913	         26.1382	         1.01993
              58	         9.60693	         25.8532	         1.04141
              59	         23.7889	         25.8182	         1.02435
              60	         33.1616	         25.9406	         1.01456
              61	         20.4626	         25.8508	          1.0019
              62	         26.7462	         25.8653	        0.985841
              63	         27.0635	         25.8843	        0.970377
              64	         28.1964	         25.9204	        0.955887
              65	         28.8267	         25.9651	        0.942226
              66	         8.20085	          25.696	        0.965628
              67	         29.4359	         25.7518	        0.952828
              68	           18.56	          25.646	        0.944667
              69	         24.5408	           25.63	        0.931112
              70	         34.7182	         25.7598	        0.926818
              71	         23.3876	         25.7264	        0.914366
              72	         28.4831	         25.7647	        0.902468
              73	         24.2038	         25.7433	        0.890358
              74	         19.7841	         25.6628	        0.881961
              75	         22.4068	         25.6194	        0.871269
              76	         26.1468	         25.6263	        0.859833
              77	         19.9294	         25.5523	        0.851843
              78	         16.1134	         25.4313	        0.849474
              79	         25.4919	         25.4321	        0.838722
              80	         20.7163	         25.3732	        0.830307
              81	         35.6718	         25.5003	        0.829734
              82	         22.8642	         25.4681	        0.820237
              83	         19.2637	         25.3934	        0.813754
              84	         28.8007	          25.434	        0.805077
              85	         30.3661	          25.492	        0.797694
              86	         30.1543	         25.5462	        0.790258
              87	         16.1049	         25.4377	        0.788591
              88	         19.4012	         25.3691	        0.782608
              89	          19.232	         25.3001	        0.776846
              90	         33.4201	         25.3903	        0.773436
              91	         28.4707	         25.4242	        0.765677
              92	         33.1066	         25.5077	        0.761894
              93	         19.0073	         25.4378	        0.756901
              94	         15.3202	         25.3302	        0.756463
              95	         22.4566	         25.2999	        0.749105
              96	         23.5627	         25.2818	         0.74152
              97	          13.815	         25.1636	        0.743239
              98	         17.7724	         25.0882	        0.739472
              99	         46.4153	         25.3036	        0.762736
             100	         15.2303	         25.2029	        0.761732
             101	         32.6034	         25.2762	        0.757706
             102	         27.2188	         25.2952	        0.750517
             103	          18.109	         25.2254	        0.746466
             104	         26.9799	         25.2423	        0.739479
             105	         34.9645	         25.3349	         0.73821
             106	         25.5482	         25.3369	        0.731249
             107	         31.2683	         25.3923	        0.726513
             108	         22.7191	         25.3676	        0.720207
             109	         18.3087	         25.3028	        0.716506
             110	         18.0186	         25.2366	        0.713045
             111	         31.1561	         25.2899	        0.708613
             112	          31.839	         25.3484	        0.704695
             113	          27.593	         25.3683	        0.698738
             114	         20.1607	         25.3226	        0.694101
             115	         25.6289	         25.3253	         0.68807
             116	         29.9228	         25.3649	        0.683279
             117	         23.1131	         25.3456	         0.67771
             118	         14.7164	         25.2556	        0.677927
             119	         24.3412	         25.2479	        0.672273
             120	         15.6154	         25.1676	        0.671446
             121	          30.498	         25.2117	        0.667341
             122	         16.7148	          25.142	        0.665495
             123	         12.9988	         25.0433	        0.667367
             124	         20.5634	         25.0072	        0.662962
             125	         34.8092	         25.0856	         0.66228
             126	         11.0628	         24.9743	        0.666309
             127	         23.0431	         24.9591	        0.661236
             128	         26.6353	         24.9722	          0.6562
             129	         34.5029	         25.0461	        0.655259
             130	         16.3904	         24.9795	        0.653593
             131	         31.1354	         25.0265	         0.65029
             132	         18.7492	         24.9789	          0.6471
             133	         13.5566	          24.893	        0.647909
             134	         27.4067	         24.9118	        0.643345
             135	         21.9807	         24.8901	        0.638946
             136	         20.6422	         24.8588	        0.635011
             137	         22.7062	         24.8431	         0.63057
             138	          39.774	         24.9513	        0.635215
             139	         23.6471	         24.9419	        0.630715
             140	         23.7324	         24.9333	        0.626269
             141	         21.6397	         24.9099	        0.622262
             142	          13.062	         24.8265	        0.623449
             143	         23.5537	         24.8176	        0.619153
             144	         26.1553	         24.8269	        0.614923
             145	         19.2549	         24.7885	        0.611881
             146	         30.5373	         24.8278	        0.608956
             147	         22.6611	         24.8131	        0.604992
             148	          23.189	         24.8021	        0.601004
             149	         29.6523	         24.8347	        0.597851
             150	         32.3299	         24.8846	         0.59595
             151	         17.9082	         24.8384	        0.593791
             152	         27.5202	         24.8561	        0.590147
             153	          33.954	         24.9156	        0.589278
             154	         20.2457	         24.8852	        0.586231
             155	         23.2182	         24.8745	        0.582548
             156	         28.7349	         24.8992	        0.579339
             157	         26.7024	         24.9107	        0.575762
             158	         23.0127	         24.8987	        0.572244
             159	         23.5033	         24.8899	        0.568712
             160	         23.9875	         24.8843	        0.565186
             161	         21.9972	         24.8663	        0.561959
             162	         21.6303	         24.8464	        0.558845
             163	         36.5469	         24.9182	        0.560008
             164	         34.1742	         24.9746	         0.55943
             165	         23.0848	         24.9631	        0.556157
             166	          11.281	         24.8807	        0.558881
             167	         21.1498	         24.8584	        0.555981
             168	         6.79595	         24.7509	        0.562971
             169	         23.3068	         24.7423	        0.559704
             170	         30.6317	          24.777	        0.557483
             171	         31.3161	         24.8152	        0.555533
             172	         32.5518	         24.8602	        0.554121
             173	          13.454	         24.7942	        0.554827
             174	         17.8151	         24.7541	        0.553086
             175	         35.6042	         24.8161	         0.55339
             176	         33.5751	         24.8659	        0.552479
             177	         23.9629	         24.8608	        0.549381
             178	         21.4645	         24.8417	        0.546626
             179	         26.2048	         24.8493	        0.543625
             180	         21.2354	         24.8293	        0.540975
             181	         24.1344	         24.8254	           0.538
             182	         10.6911	         24.7478	         0.54062
             183	         22.8693	         24.7375	        0.537764
             184	         31.0831	          24.772	        0.535946
             185	          34.007	         24.8219	        0.535368
             186	          17.078	         24.7803	        0.534106
             187	         15.2195	         24.7291	        0.533692
             188	         35.2534	         24.7851	        0.533781
             189	         21.4596	         24.7675	        0.531246
             190	         13.0593	         24.7059	        0.532012
             191	          26.289	         24.7142	        0.529292
             192	         29.6486	         24.7399	        0.527158
             193	         29.8772	         24.7665	        0.525099
             194	         25.0755	         24.7681	        0.522394
             195	         25.8357	         24.7736	        0.519744
             196	         27.7682	         24.7889	        0.517317
             197	         26.7725	         24.7989	        0.514789
             198	         15.1188	           24.75	        0.514505
             199	         27.7052	         24.7649	        0.512134
             200	         20.9601	         24.7459	        0.509927
