#     BLOCK:   ACTUAL_CV:    CV_AVE:      ERROR:
           1	      2.0212	      2.0212	           0
           2	           0	      1.0106	    0.714602
           3	           0	    0.673733	    0.550101
           4	           0	      0.5053	    0.437603
           5	           0	     0.40424	    0.361563
           6	           0	    0.336867	    0.307516
           7	           0	    0.288743	    0.267324
           8	           0	     0.25265	    0.236332
           9	           0	    0.224578	    0.211734
          10	           0	     0.20212	    0.191748
          11	           0	    0.183745	    0.175194
          12	           0	    0.168433	    0.161263
          13	           0	    0.155477	    0.149377
          14	           0	    0.144371	     0.13912
          15	           0	    0.134747	    0.130178
          16	           0	    0.126325	    0.122314
          17	           0	    0.118894	    0.115344
          18	           0	    0.112289	    0.109125
          19	           0	    0.106379	    0.103542
          20	           0	     0.10106	   0.0985011
          21	           0	   0.0962476	   0.0939281
          22	           0	   0.0918727	   0.0897604
          23	           0	   0.0878783	   0.0859466
          24	           0	   0.0842167	   0.0824435
          25	           0	    0.080848	   0.0792145
          26	           0	   0.0777385	   0.0762288
          27	           0	   0.0748593	   0.0734599
          28	           0	   0.0721857	    0.070885
          29	           0	   0.0696966	   0.0684843
          30	           0	   0.0673733	   0.0662409
          31	           0	      0.0652	   0.0641398
          32	           0	   0.0631625	   0.0621678
          33	           0	   0.0612485	   0.0603133
          34	           0	   0.0594471	   0.0585663
          35	           0	   0.0577486	   0.0569176
          36	           0	   0.0561444	   0.0553592
          37	           0	    0.054627	   0.0538838
          38	           0	   0.0531895	   0.0524849
          39	           0	   0.0518256	   0.0511569
          40	           0	     0.05053	   0.0498944
          41	           0	   0.0492976	   0.0486927
          42	           0	   0.0481238	   0.0475475
          43	           0	   0.0470047	   0.0464549
          44	           0	   0.0459364	   0.0454114
          45	           0	   0.0449156	   0.0444137
          46	           0	   0.0439391	   0.0434589
          47	           0	   0.0430043	   0.0425443
          48	           0	   0.0421083	   0.0416674
          49	           0	    0.041249	   0.0408259
          50	           0	    0.040424	   0.0400177
          51	           0	   0.0396314	   0.0392409
          52	           0	   0.0388692	   0.0384937
          53	           0	   0.0381358	   0.0377744
          54	           0	   0.0374296	   0.0370814
          55	           0	   0.0367491	   0.0364135
          56	           0	   0.0360929	   0.0357691
          57	           0	   0.0354596	   0.0351472
          58	           0	   0.0348483	   0.0345466
          59	           0	   0.0342576	   0.0339661
          60	           0	   0.0336867	   0.0334048
          61	           0	   0.0331344	   0.0328617
          62	           0	      0.0326	    0.032336
          63	           0	   0.0320825	   0.0318269
          64	           0	   0.0315813	   0.0313336
          65	           0	   0.0310954	   0.0308553
          66	           0	   0.0306242	   0.0303914
          67	           0	   0.0301672	   0.0299412
          68	           0	   0.0297235	   0.0295042
          69	           0	   0.0292928	   0.0290797
          70	           0	   0.0288743	   0.0286673
          71	           0	   0.0284676	   0.0282664
          72	           0	   0.0280722	   0.0278766
          73	           0	   0.0276877	   0.0274974
          74	           0	   0.0273135	   0.0271283
          75	           0	   0.0269493	   0.0267691
          76	           0	   0.0265947	   0.0264192
          77	           0	   0.0262494	   0.0260783
          78	           0	   0.0259128	   0.0257462
          79	           0	   0.0255848	   0.0254224
          80	           0	    0.025265	   0.0251066
          81	           0	   0.0249531	   0.0247986
          82	           0	   0.0246488	    0.024498
          83	           0	   0.0243518	   0.0242047
          84	           0	   0.0240619	   0.0239183
          85	           0	   0.0237788	   0.0236385
          86	           0	   0.0235023	   0.0233653
          87	           0	   0.0232322	   0.0230983
          88	           0	   0.0229682	   0.0228373
          89	           0	   0.0227101	   0.0225822
          90	           0	   0.0224578	   0.0223327
          91	           0	    0.022211	   0.0220886
          92	           0	   0.0219696	   0.0218498
          93	           0	   0.0217333	   0.0216162
          94	           0	   0.0215021	   0.0213874
          95	           0	   0.0212758	   0.0211635
          96	           0	   0.0210542	   0.0209442
          97	           0	   0.0208371	   0.0207294
          98	           0	   0.0206245	    0.020519
          99	           0	   0.0204162	   0.0203128
         100	           0	    0.020212	   0.0201107
