#     BLOCK:   ACTUAL_CV:    CV_AVE:      ERROR:
               1	         0.52555	         0.52555	               0
               2	               0	        0.262775	         0.18581
               3	        0.007968	        0.177839	        0.141965
               4	        0.015872	        0.137347	          0.1121
               5	         0.02955	        0.115788	       0.0917294
               6	        0.003992	       0.0971553	       0.0783107
               7	               0	        0.083276	       0.0683423
               8	         0.00995	       0.0741103	       0.0604111
               9	        0.041118	       0.0704444	       0.0538098
              10	               0	          0.0634	       0.0488878
              11	        0.005982	       0.0581802	       0.0447212
              12	         0.06755	        0.058961	       0.0410013
              13	        0.001998	       0.0545792	       0.0380807
              14	        0.456782	        0.083308	       0.0449084
              15	        0.005982	       0.0781529	       0.0422094
              16	        0.320728	       0.0933139	       0.0422063
              17	               0	       0.0878248	        0.040079
              18	               0	       0.0829457	       0.0381482
              19	        0.001998	       0.0786853	       0.0363775
              20	               0	        0.074751	       0.0347707
              21	         0.00995	       0.0716652	       0.0332516
              22	        0.003992	       0.0685892	       0.0318822
              23	         0.38955	        0.082544	       0.0334107
              24	        0.041118	       0.0808179	       0.0320631
              25	        0.329752	       0.0907753	       0.0322898
              26	               0	       0.0872839	        0.031236
              27	          0.2112	       0.0918734	       0.0304144
              28	        0.003992	       0.0887348	       0.0294897
              29	        0.399648	       0.0994559	       0.0303592
              30	           0.255	        0.104641	       0.0297867
              31	        0.013902	        0.101714	       0.0289693
              32	        0.252192	        0.106416	       0.0284431
              33	        0.444888	        0.116673	       0.0293723
              34	        0.037278	        0.114338	       0.0286011
              35	         0.00995	        0.111355	        0.027939
              36	        0.027608	        0.109029	       0.0272596
              37	        0.483438	        0.119148	       0.0283389
              38	        0.005982	         0.11617	       0.0277492
              39	        0.007968	        0.113396	        0.027176
              40	               0	        0.110561	        0.026644
              41	        0.003992	        0.107961	       0.0261207
              42	          0.0582	        0.106777	       0.0255256
              43	        0.479192	        0.115437	       0.0263604
              44	        0.001998	        0.112859	        0.025887
              45	               0	        0.110351	        0.025433
              46	        0.236088	        0.113085	       0.0250265
              47	        0.003992	        0.110764	       0.0246015
              48	               0	        0.108456	       0.0241969
              49	        0.031488	        0.106885	        0.023754
              50	        0.349848	        0.111745	       0.0237708
              51	        0.003992	        0.109632	       0.0233984
              52	        0.476672	         0.11669	       0.0239894
              53	         0.17195	        0.117733	       0.0235595
              54	          0.2408	        0.120012	       0.0232331
              55	               0	         0.11783	        0.022913
              56	        0.001998	        0.115761	        0.022597
              57	        0.001998	        0.113766	       0.0222885
              58	          0.0582	        0.112808	       0.0219248
              59	        0.165438	          0.1137	       0.0215713
              60	        0.001998	        0.111838	        0.021292
              61	        0.001998	        0.110037	       0.0210189
              62	        0.126752	        0.110307	       0.0206816
              63	        0.003992	        0.108619	       0.0204221
              64	               0	        0.106922	       0.0201734
              65	        0.001998	        0.105308	       0.0199275
              66	        0.007968	        0.103833	       0.0196801
              67	        0.003992	        0.102343	       0.0194427
              68	        0.013902	        0.101042	       0.0192002
              69	        0.005982	       0.0996646	       0.0189713
              70	               0	       0.0982408	       0.0187537
              71	        0.021758	       0.0971636	       0.0185204
              72	        0.050648	       0.0965175	       0.0182745
              73	        0.001998	       0.0952227	       0.0180699
              74	        0.001998	       0.0939629	       0.0178696
              75	        0.019928	       0.0929758	       0.0176586
              76	        0.046848	       0.0923689	       0.0174367
              77	        0.001998	       0.0911952	       0.0172497
              78	        0.025662	       0.0903551	        0.017049
              79	        0.001998	       0.0892366	       0.0168698
              80	        0.021758	       0.0883931	         0.01668
              81	        0.001998	       0.0873265	       0.0165082
              82	        0.069408	        0.087108	       0.0163083
              83	        0.001998	       0.0860826	        0.016144
              84	        0.017838	       0.0852701	       0.0159722
              85	        0.217248	       0.0868228	       0.0158596
              86	        0.043032	       0.0863136	       0.0156834
              87	          0.0582	       0.0859905	       0.0155064
              88	               0	       0.0850133	        0.015361
              89	        0.001998	       0.0840806	       0.0152167
              90	        0.023712	       0.0834098	       0.0150624
              91	        0.001998	       0.0825152	       0.0149234
              92	        0.015872	       0.0817908	       0.0147788
              93	               0	       0.0809113	        0.014646
              94	        0.305312	       0.0832986	       0.0146835
              95	        0.025662	       0.0826919	       0.0145414
              96	               0	       0.0818305	       0.0144154
              97	               0	       0.0809869	       0.0142915
              98	        0.021758	       0.0803825	       0.0141584
              99	        0.001998	       0.0795907	       0.0140375
             100	        0.003992	       0.0788347	       0.0139175
             101	        0.011928	       0.0781723	       0.0137955
             102	        0.011928	       0.0775228	       0.0136755
             103	         0.06755	        0.077426	       0.0135431
             104	        0.005982	       0.0767391	       0.0134303
             105	               0	       0.0760082	       0.0133222
             106	        0.221742	       0.0773831	       0.0132673
             107	               0	       0.0766599	        0.013163
             108	        0.078638	       0.0766782	       0.0130411
             109	          0.0198	       0.0761563	       0.0129319
             110	        0.003992	       0.0755003	        0.012831
             111	               0	       0.0748201	       0.0127334
             112	        0.467742	       0.0783284	       0.0130941
             113	          0.2262	        0.079637	       0.0130434
             114	        0.005982	       0.0789909	        0.012945
             115	        0.005982	        0.078356	        0.012848
             116	        0.003992	       0.0777149	       0.0127532
             117	               0	       0.0770507	       0.0126615
             118	               0	       0.0763977	        0.012571
             119	        0.015872	       0.0758891	       0.0124757
             120	        0.021758	        0.075438	       0.0123799
             121	        0.041118	       0.0751544	       0.0122808
             122	        0.001998	       0.0745547	       0.0121948
             123	               0	       0.0739486	       0.0121107
             124	        0.168702	       0.0747127	       0.0120371
             125	        0.011928	       0.0742105	       0.0119513
             126	        0.021758	       0.0737942	       0.0118637
             127	               0	       0.0732131	       0.0117845
             128	        0.001998	       0.0726568	       0.0117055
             129	        0.152448	       0.0732753	       0.0116311
             130	         0.00995	       0.0727882	       0.0115519
             131	        0.111038	       0.0730802	       0.0114674
             132	        0.005982	       0.0725718	       0.0113918
             133	        0.198912	       0.0735218	       0.0113456
             134	        0.084128	       0.0736009	       0.0112612
             135	          0.0198	       0.0732024	       0.0111849
             136	         0.18795	       0.0740461	       0.0111344
             137	        0.056318	       0.0739167	       0.0110539
             138	        0.041118	        0.073679	       0.0109763
             139	        0.492512	       0.0766922	       0.0113034
             140	        0.386712	       0.0789067	       0.0114375
             141	        0.001998	       0.0783612	       0.0113694
             142	        0.027608	       0.0780038	       0.0112949
             143	        0.003992	       0.0774862	       0.0112278
             144	        0.001998	        0.076962	       0.0111621
             145	        0.001998	        0.076445	       0.0110971
             146	        0.128478	       0.0768014	       0.0110268
             147	         0.00995	       0.0763466	       0.0109611
             148	        0.037278	       0.0760826	       0.0108903
             149	               0	        0.075572	       0.0108291
             150	        0.015872	        0.075174	       0.0107642
             151	        0.001998	       0.0746894	       0.0107039
             152	        0.052542	       0.0745437	       0.0106344
             153	        0.291518	       0.0759618	       0.0106591
             154	        0.114558	       0.0762125	       0.0105928
             155	               0	       0.0757208	       0.0105359
             156	               0	       0.0752354	       0.0104795
             157	        0.015872	       0.0748573	       0.0104196
             158	        0.056318	       0.0747399	       0.0103543
             159	        0.275328	       0.0760015	       0.0103657
             160	        0.005982	       0.0755639	       0.0103102
             161	          0.0392	        0.075338	       0.0102486
             162	        0.001998	       0.0748853	       0.0101953
             163	         0.00995	       0.0744869	       0.0101406
             164	        0.005982	       0.0740692	       0.0100873
             165	               0	       0.0736203	       0.0100362
             166	        0.005982	       0.0732128	        0.009984
             167	               0	       0.0727744	      0.00993384
             168	         0.00995	       0.0724005	      0.00988174
             169	        0.021758	       0.0721008	      0.00982782
             170	        0.033422	       0.0718733	      0.00977264
             171	         0.00995	       0.0715112	      0.00972219
             172	          0.0238	       0.0712338	      0.00966963
             173	          0.0198	       0.0709365	       0.0096183
             174	         0.00995	        0.070586	      0.00956941
             175	        0.003992	       0.0702055	      0.00952229
             176	        0.007968	       0.0698518	      0.00947475
             177	        0.044942	       0.0697111	      0.00942227
             178	        0.001998	       0.0693307	      0.00937701
             179	        0.001998	       0.0689545	      0.00933216
             180	        0.017838	       0.0686705	      0.00928464
             181	        0.005982	       0.0683242	       0.0092398
             182	               0	       0.0679488	      0.00919665
             183	        0.416542	       0.0698537	      0.00934159
             184	               0	        0.069474	      0.00929853
             185	        0.003992	       0.0691201	      0.00925501
             186	               0	       0.0687485	      0.00921271
             187	          0.0432	       0.0686118	      0.00916445
             188	        0.135342	       0.0689668	      0.00912258
             189	        0.015872	       0.0686859	      0.00907863
             190	        0.087768	       0.0687863	      0.00903141
             191	          0.0392	       0.0686314	      0.00898545
             192	        0.050648	       0.0685377	      0.00893914
             193	               0	       0.0681826	      0.00889987
             194	        0.011928	       0.0678926	      0.00885872
             195	        0.003992	       0.0675649	      0.00881935
             196	        0.005982	       0.0672507	      0.00877995
             197	          0.0582	       0.0672048	       0.0087355
             198	        0.001998	       0.0668755	      0.00869759
             199	        0.041118	        0.066746	      0.00865484
             200	               0	       0.0664123	        0.008618
