#     BLOCK:   ACTUAL_M:     M_AVE:       ERROR:
               1	         0.85256	         0.85256	               0
               2	               1	         0.92628	       0.0521279
               3	               1	        0.950853	       0.0401281
               4	               1	         0.96314	       0.0319217
               5	               1	        0.970512	       0.0263749
               6	               1	        0.975427	       0.0224323
               7	               1	        0.978937	       0.0195004
               8	               1	         0.98157	       0.0172397
               9	               1	        0.983618	       0.0154453
              10	               1	        0.985256	       0.0139874
              11	               1	        0.986596	       0.0127799
              12	               1	        0.987713	       0.0117636
              13	               1	        0.988658	       0.0108966
              14	               1	        0.989469	       0.0101483
              15	               1	        0.990171	      0.00949604
              16	               1	        0.990785	      0.00892239
              17	               1	        0.991327	      0.00841399
              18	               1	        0.991809	      0.00796033
              19	               1	         0.99224	      0.00755303
              20	               1	        0.992628	      0.00718534
              21	               1	        0.992979	      0.00685175
              22	               1	        0.993298	      0.00654773
              23	               1	         0.99359	      0.00626953
              24	               1	        0.993857	      0.00601399
              25	               1	        0.994102	      0.00577844
              26	               1	        0.994329	      0.00556065
              27	               1	        0.994539	      0.00535866
              28	               1	        0.994734	      0.00517083
              29	               1	        0.994916	      0.00499571
              30	               1	        0.995085	      0.00483206
              31	               1	        0.995244	      0.00467879
              32	               1	        0.995393	      0.00453494
              33	               1	        0.995532	      0.00439966
              34	               1	        0.995664	      0.00427222
              35	               1	        0.995787	      0.00415196
              36	               1	        0.995904	      0.00403827
              37	               1	        0.996015	      0.00393065
              38	               1	         0.99612	      0.00382861
              39	               1	        0.996219	      0.00373173
              40	               1	        0.996314	      0.00363963
              41	               1	        0.996404	      0.00355197
              42	               1	         0.99649	      0.00346843
              43	               1	        0.996571	      0.00338873
              44	               1	        0.996649	      0.00331261
              45	               1	        0.996724	      0.00323983
              46	               1	        0.996795	      0.00317019
              47	               1	        0.996863	      0.00310347
              48	               1	        0.996928	       0.0030395
              49	               1	        0.996991	      0.00297812
              50	               1	        0.997051	      0.00291916
              51	               1	        0.997109	       0.0028625
              52	               1	        0.997165	      0.00280799
              53	               1	        0.997218	      0.00275552
              54	               1	         0.99727	      0.00270497
              55	               1	        0.997319	      0.00265625
              56	               1	        0.997367	      0.00260924
              57	               1	        0.997413	      0.00256388
              58	               1	        0.997458	      0.00252006
              59	               1	        0.997501	      0.00247771
              60	               1	        0.997543	      0.00243677
              61	               1	        0.997583	      0.00239716
              62	               1	        0.997622	      0.00235881
              63	               1	         0.99766	      0.00232167
              64	               1	        0.997696	      0.00228568
              65	               1	        0.997732	      0.00225079
              66	               1	        0.997766	      0.00221695
              67	               1	        0.997799	      0.00218411
              68	               1	        0.997832	      0.00215223
              69	               1	        0.997863	      0.00212127
              70	               1	        0.997894	      0.00209119
              71	               1	        0.997923	      0.00206194
              72	               1	        0.997952	      0.00203351
              73	               1	         0.99798	      0.00200584
              74	               1	        0.998008	      0.00197892
              75	               1	        0.998034	      0.00195272
              76	               1	         0.99806	      0.00192719
              77	               1	        0.998085	      0.00190233
              78	               1	         0.99811	       0.0018781
              79	               1	        0.998134	      0.00185448
              80	               1	        0.998157	      0.00183145
              81	               1	         0.99818	      0.00180898
              82	               1	        0.998202	      0.00178705
              83	               1	        0.998224	      0.00176565
              84	               1	        0.998245	      0.00174476
              85	               1	        0.998265	      0.00172435
              86	               1	        0.998286	      0.00170442
              87	               1	        0.998305	      0.00168494
              88	               1	        0.998325	      0.00166591
              89	               1	        0.998343	       0.0016473
              90	               1	        0.998362	       0.0016291
              91	               1	         0.99838	      0.00161129
              92	               1	        0.998397	      0.00159388
              93	               1	        0.998415	      0.00157683
              94	               1	        0.998431	      0.00156015
              95	               1	        0.998448	      0.00154381
              96	               1	        0.998464	      0.00152781
              97	               1	         0.99848	      0.00151214
              98	               1	        0.998496	      0.00149679
              99	               1	        0.998511	      0.00148175
             100	               1	        0.998526	      0.00146701
             101	               1	         0.99854	      0.00145256
             102	               1	        0.998555	      0.00143839
             103	               1	        0.998569	      0.00142449
             104	               1	        0.998582	      0.00141086
             105	               1	        0.998596	      0.00139749
             106	               1	        0.998609	      0.00138437
             107	               1	        0.998622	      0.00137149
             108	               1	        0.998635	      0.00135885
             109	               1	        0.998647	      0.00134644
             110	               1	         0.99866	      0.00133426
             111	               1	        0.998672	      0.00132229
             112	               1	        0.998684	      0.00131054
             113	               1	        0.998695	      0.00129899
             114	               1	        0.998707	      0.00128765
             115	               1	        0.998718	       0.0012765
             116	               1	        0.998729	      0.00126554
             117	               1	         0.99874	      0.00125477
             118	               1	        0.998751	      0.00124419
             119	               1	        0.998761	      0.00123377
             120	               1	        0.998771	      0.00122354
             121	               1	        0.998781	      0.00121347
             122	               1	        0.998791	      0.00120356
             123	               1	        0.998801	      0.00119382
             124	               1	        0.998811	      0.00118423
             125	               1	         0.99882	      0.00117479
             126	               1	         0.99883	      0.00116551
             127	               1	        0.998839	      0.00115637
             128	               1	        0.998848	      0.00114737
             129	               1	        0.998857	      0.00113851
             130	               1	        0.998866	      0.00112978
             131	               1	        0.998875	      0.00112119
             132	               1	        0.998883	      0.00111273
             133	               1	        0.998891	       0.0011044
             134	               1	          0.9989	      0.00109619
             135	               1	        0.998908	       0.0010881
             136	               1	        0.998916	      0.00108012
             137	               1	        0.998924	      0.00107227
             138	               1	        0.998932	      0.00106453
             139	               1	        0.998939	       0.0010569
             140	               1	        0.998947	      0.00104937
             141	               1	        0.998954	      0.00104196
             142	               1	        0.998962	      0.00103465
             143	               1	        0.998969	      0.00102744
             144	               1	        0.998976	      0.00102033
             145	               1	        0.998983	      0.00101332
             146	               1	         0.99899	       0.0010064
             147	               1	        0.998997	     0.000999576
             148	               1	        0.999004	     0.000992845
             149	               1	         0.99901	     0.000986204
             150	               1	        0.999017	     0.000979651
             151	               1	        0.999024	     0.000973185
             152	               1	         0.99903	     0.000966804
             153	               1	        0.999036	     0.000960506
             154	               1	        0.999043	     0.000954289
             155	               1	        0.999049	     0.000948152
             156	               1	        0.999055	     0.000942094
             157	               1	        0.999061	     0.000936113
             158	               1	        0.999067	     0.000930207
             159	               1	        0.999073	     0.000924375
             160	               1	        0.999078	     0.000918616
             161	               1	        0.999084	     0.000912928
             162	               1	         0.99909	      0.00090731
             163	               1	        0.999095	     0.000901761
             164	               1	        0.999101	     0.000896279
             165	               1	        0.999106	     0.000890864
             166	               1	        0.999112	     0.000885513
             167	               1	        0.999117	     0.000880227
             168	               1	        0.999122	     0.000875003
             169	               1	        0.999128	     0.000869841
             170	               1	        0.999133	     0.000864739
             171	               1	        0.999138	     0.000859697
             172	               1	        0.999143	     0.000854714
             173	               1	        0.999148	     0.000849788
             174	               1	        0.999153	     0.000844918
             175	               1	        0.999157	     0.000840104
             176	               1	        0.999162	     0.000835344
             177	               1	        0.999167	     0.000830638
             178	               1	        0.999172	     0.000825985
             179	               1	        0.999176	     0.000821383
             180	               1	        0.999181	     0.000816833
             181	               1	        0.999185	     0.000812332
             182	               1	         0.99919	     0.000807881
             183	               1	        0.999194	     0.000803479
             184	               1	        0.999199	     0.000799124
             185	               1	        0.999203	     0.000794816
             186	               1	        0.999207	     0.000790554
             187	               1	        0.999212	     0.000786338
             188	               1	        0.999216	     0.000782167
             189	               1	         0.99922	     0.000778039
             190	               1	        0.999224	     0.000773955
             191	               1	        0.999228	     0.000769914
             192	               1	        0.999232	     0.000765914
             193	               1	        0.999236	     0.000761956
             194	               1	         0.99924	     0.000758039
             195	               1	        0.999244	     0.000754161
             196	               1	        0.999248	     0.000750323
             197	               1	        0.999252	     0.000746524
             198	               1	        0.999255	     0.000742764
             199	               1	        0.999259	     0.000739041
             200	               1	        0.999263	     0.000735355
