#     BLOCK:   ACTUAL_M:     M_AVE:       ERROR:
               1	       -0.020388	       -0.020388	               0
               2	       -0.063472	        -0.04193	       0.0152325
               3	       -0.016404	      -0.0334213	        0.012304
               4	        -0.03176	       -0.033006	      0.00923502
               5	         0.04958	      -0.0164888	       0.0165178
               6	       -0.027472	      -0.0183193	       0.0138659
               7	       -0.006036	      -0.0165646	       0.0119956
               8	       -0.006676	      -0.0153285	       0.0105596
               9	        -0.02526	       -0.016432	       0.0094438
              10	        0.005556	      -0.0142332	      0.00875165
              11	       -0.054644	      -0.0179069	      0.00869298
              12	       -0.038652	      -0.0196357	      0.00813865
              13	         0.03864	      -0.0151529	      0.00865958
              14	       -0.069216	      -0.0190146	      0.00886033
              15	       -0.064564	      -0.0220512	      0.00877459
              16	        -0.00918	      -0.0212468	      0.00826297
              17	       -0.001308	      -0.0200739	      0.00785971
              18	        0.044232	      -0.0165013	      0.00819487
              19	       -0.008352	      -0.0160724	      0.00777478
              20	        0.077788	      -0.0113794	      0.00868774
              21	       -0.049628	      -0.0132008	       0.0084628
              22	        0.019408	      -0.0117185	      0.00820691
              23	        0.046932	     -0.00916852	      0.00823673
              24	        0.019828	     -0.00796033	      0.00798165
              25	       -0.014528	     -0.00822304	      0.00766671
              26	       -0.018256	     -0.00860892	      0.00738154
              27	         0.01872	     -0.00759674	      0.00717721
              28	        0.031312	     -0.00620714	      0.00705412
              29	       -0.026428	     -0.00690441	      0.00684525
              30	       -0.027844	      -0.0076024	      0.00665256
              31	       -0.054892	     -0.00912787	      0.00661055
              32	         0.01054	     -0.00851325	      0.00643248
              33	        -0.08492	      -0.0108286	       0.0066412
              34	       -0.075836	      -0.0127406	      0.00671546
              35	       -0.007496	      -0.0125907	      0.00652526
              36	        0.023324	      -0.0115931	      0.00641981
              37	        0.036964	      -0.0102808	      0.00637903
              38	       -0.003168	      -0.0100936	      0.00621391
              39	       -0.074568	      -0.0117468	      0.00627064
              40	       -0.068456	      -0.0131645	      0.00627209
              41	         0.00758	      -0.0126585	      0.00613949
              42	       -0.019908	      -0.0128311	      0.00599573
              43	        0.049632	      -0.0113785	       0.0060297
              44	        0.039104	      -0.0102312	      0.00600083
              45	       -0.006876	      -0.0101566	      0.00586794
              46	        0.021968	     -0.00945826	      0.00578178
              47	        0.056232	      -0.0080606	      0.00582525
              48	        0.031304	      -0.0072405	      0.00576133
              49	       -0.022888	     -0.00755984	      0.00565259
              50	        0.049928	     -0.00641008	      0.00565527
              51	        0.030164	     -0.00569294	      0.00558966
              52	        0.034268	     -0.00492446	      0.00553474
              53	        0.022232	     -0.00441208	      0.00545398
              54	        -0.01794	     -0.00466259	      0.00535873
              55	       -0.031764	     -0.00515535	      0.00528391
              56	       -0.016724	     -0.00536193	      0.00519359
              57	       -0.053812	     -0.00621193	      0.00517156
              58	       -0.021864	     -0.00648179	      0.00508943
              59	        -0.03728	      -0.0070038	      0.00502987
              60	        -0.00896	      -0.0070364	      0.00494614
              61	        0.061208	     -0.00591764	      0.00498998
              62	       -0.030616	       -0.006316	      0.00492537
              63	        0.013388	     -0.00600324	      0.00485711
              64	        0.023184	     -0.00554719	      0.00480258
              65	         0.00518	     -0.00538215	      0.00473153
              66	       -0.002308	     -0.00533558	      0.00466007
              67	       -0.042536	     -0.00589081	      0.00462348
              68	        0.047212	     -0.00510988	      0.00462096
              69	       -0.078352	     -0.00617136	      0.00467432
              70	        0.016844	     -0.00584257	      0.00461909
              71	       -0.007448	     -0.00586518	      0.00455409
              72	       -0.052708	     -0.00651578	      0.00453707
              73	       -0.037152	     -0.00693545	      0.00449429
              74	        0.033632	     -0.00638724	      0.00446686
              75	        0.042792	     -0.00573152	      0.00445518
              76	        0.061524	     -0.00484658	      0.00448358
              77	         0.02068	     -0.00451506	      0.00443759
              78	       -0.008296	     -0.00456354	      0.00438097
              79	       -0.063808	     -0.00531347	      0.00438923
              80	       -0.009532	      -0.0053662	      0.00433468
              81	        -0.05424	     -0.00596958	      0.00432296
              82	       -0.096972	     -0.00707937	      0.00441039
              83	        0.020304	     -0.00674945	      0.00436957
              84	         0.00994	     -0.00655076	      0.00432207
              85	        0.012996	      -0.0063208	      0.00427733
              86	        0.069704	     -0.00543679	      0.00431798
              87	       -0.013984	     -0.00553503	      0.00426947
              88	       -0.012116	     -0.00560982	      0.00422161
              89	          0.0341	     -0.00516364	      0.00419768
              90	        0.015728	     -0.00493151	      0.00415746
              91	        0.014908	     -0.00471349	      0.00411748
              92	        0.053952	     -0.00407583	      0.00412181
              93	        -0.02586	     -0.00431006	      0.00408414
              94	         0.00158	      -0.0042474	      0.00404117
              95	       -0.011024	     -0.00431874	      0.00399926
              96	        -0.00788	     -0.00435583	      0.00395778
              97	         0.04408	     -0.00385649	      0.00394835
              98	        0.017992	     -0.00363355	      0.00391435
              99	       -0.025524	     -0.00385467	      0.00388105
             100	         -0.0104	     -0.00392012	      0.00384279
             101	        0.036164	     -0.00352325	      0.00382518
             102	        0.028568	     -0.00320863	       0.0038006
             103	        0.044156	     -0.00274878	      0.00379142
             104	       -0.025804	     -0.00297046	      0.00376143
             105	       -0.000704	     -0.00294888	      0.00372567
             106	       -0.023012	     -0.00313815	      0.00369533
             107	       -0.067368	     -0.00373843	      0.00370923
             108	        0.035188	       -0.003378	      0.00369236
             109	       -0.028616	     -0.00360954	      0.00366573
             110	        0.042516	     -0.00319022	      0.00365631
             111	       -0.044628	     -0.00356353	      0.00364238
             112	        0.046168	      -0.0031195	      0.00363682
             113	        -0.07084	      -0.0037188	      0.00365368
             114	        0.080868	     -0.00297681	      0.00369621
             115	       -0.021964	     -0.00314191	      0.00366775
             116	       -0.014904	     -0.00324331	      0.00363754
             117	       -0.018976	     -0.00337778	      0.00360893
             118	         -0.0051	     -0.00339237	      0.00357838
             119	       -0.003684	     -0.00339482	      0.00354831
             120	       -0.069824	      -0.0039484	      0.00356166
             121	       -0.015588	      -0.0040446	      0.00353352
             122	        0.026136	     -0.00379721	      0.00351321
             123	        0.013044	     -0.00366029	      0.00348731
             124	        0.007192	     -0.00357277	      0.00346029
             125	        0.008468	     -0.00347645	      0.00343394
             126	        0.020664	     -0.00328486	      0.00341203
             127	       -0.002376	      -0.0032777	      0.00338517
             128	         0.01402	     -0.00314256	      0.00336142
             129	        -0.01662	     -0.00324704	      0.00333699
             130	        0.014512	     -0.00311043	      0.00331411
             131	        0.025432	     -0.00289255	      0.00329597
             132	       -0.002468	     -0.00288933	        0.003271
             133	        0.008984	     -0.00280006	      0.00324762
             134	       -0.042548	     -0.00309669	      0.00323691
             135	       -0.001372	     -0.00308391	      0.00321295
             136	       -0.069652	     -0.00357338	       0.0032264
             137	        0.031604	     -0.00331661	      0.00321305
             138	        0.033444	     -0.00305023	      0.00320079
             139	        -0.01166	     -0.00311217	      0.00317836
             140	        0.034468	     -0.00284374	      0.00316697
             141	        0.002616	     -0.00280502	      0.00314475
             142	       -0.026592	     -0.00297254	      0.00312706
             143	           0.006	     -0.00290979	      0.00310582
             144	        0.027092	     -0.00270144	      0.00309124
             145	        0.017948	     -0.00255903	       0.0030732
             146	         4.4e-05	     -0.00254121	       0.0030522
             147	        0.036012	     -0.00227894	      0.00304268
             148	       -0.006852	     -0.00230984	      0.00302228
             149	        0.026548	     -0.00211616	       0.0030082
             150	        0.009636	     -0.00203781	      0.00298916
             151	        0.005612	     -0.00198715	      0.00296979
             152	         0.02588	     -0.00180382	      0.00295591
             153	        0.045628	      -0.0014938	       0.0029528
             154	       -0.069096	     -0.00193278	      0.00296608
             155	        0.029416	     -0.00173053	      0.00295383
             156	       -0.042664	     -0.00199292	      0.00294653
             157	        0.015016	     -0.00188459	      0.00292975
             158	       -0.056072	     -0.00222754	      0.00293121
             159	       -0.006404	     -0.00225381	      0.00291289
             160	        0.017732	      -0.0021289	      0.00289737
             161	       -0.047752	     -0.00241227	      0.00289319
             162	        0.019676	     -0.00227593	      0.00287855
             163	        -0.01834	     -0.00237448	      0.00286257
             164	         0.00138	     -0.00235159	      0.00284521
             165	       -0.073084	     -0.00278027	      0.00286008
             166	        0.023548	     -0.00262166	      0.00284724
             167	        0.041656	     -0.00235653	      0.00284251
             168	        0.047224	      -0.0020614	      0.00284087
             169	       -0.034468	     -0.00225316	      0.00283053
             170	        0.016692	     -0.00214172	      0.00281607
             171	        0.003604	     -0.00210812	       0.0027998
             172	        0.010952	     -0.00203219	      0.00278455
             173	       -0.044568	     -0.00227806	      0.00277929
             174	       -0.038204	     -0.00248453	      0.00277098
             175	        0.077912	     -0.00202512	      0.00279297
             176	       -0.092692	     -0.00254027	      0.00282421
             177	        0.088104	     -0.00202816	       0.0028543
             178	         0.06306	     -0.00166249	      0.00286159
             179	       -0.011048	     -0.00171493	      0.00284609
             180	       -0.022524	     -0.00183053	      0.00283262
             181	        -0.00528	     -0.00184959	      0.00281704
             182	       -0.027996	     -0.00199325	      0.00280522
             183	        0.016092	     -0.00189443	      0.00279163
             184	        0.081592	      -0.0014407	      0.00281309
             185	       -0.012648	     -0.00150128	      0.00279854
             186	       -0.064708	      -0.0018411	      0.00280405
             187	       -0.003056	     -0.00184759	      0.00278906
             188	       -0.072472	     -0.00222326	      0.00279941
             189	        0.059148	     -0.00189854	      0.00280337
             190	          0.0589	     -0.00157855	      0.00280682
             191	       -0.011856	     -0.00163236	      0.00279264
             192	        0.118128	      -0.0010086	       0.0028469
             193	       -0.002512	     -0.00101639	      0.00283216
             194	       -0.065028	     -0.00134635	      0.00283671
             195	         0.01856	     -0.00124427	        0.002824
             196	        0.050488	    -0.000980327	       0.0028219
             197	        0.014476	    -0.000901868	      0.00280867
             198	        -0.07456	     -0.00127388	      0.00281901
             199	        0.047224	     -0.00103017	      0.00281536
             200	        0.007872	     -0.00098566	      0.00280164
             201	        0.003392	    -0.000963881	      0.00278778
             202	        0.035816	    -0.000781802	      0.00277992
             203	        0.049316	    -0.000535015	      0.00277716
             204	       -0.039188	     -0.00072449	         0.00277
             205	        0.035044	     -0.00055001	      0.00276198
             206	          0.0773	    -0.000172097	      0.00277431
             207	       -0.005488	    -0.000197778	      0.00276102
             208	        0.005436	    -0.000170692	      0.00274788
             209	        0.052336	     8.05359e-05	      0.00274619
             210	        0.070312	     0.000414971	      0.00275341
             211	       -0.025848	     0.000290502	      0.00274317
             212	       -0.027552	      0.00015917	      0.00273337
             213	       -0.011456	     0.000104638	      0.00272108
             214	       -0.043268	    -9.80374e-05	       0.0027159
             215	        0.032028	      5.1386e-05	      0.00270738
             216	         0.00928	     9.41111e-05	      0.00269518
             217	       -0.032896	    -5.79171e-05	      0.00268705
             218	       -0.028492	    -0.000188349	      0.00267788
             219	       -0.030136	    -0.000325096	      0.00266915
             220	        0.001648	    -0.000316127	      0.00265703
             221	        -0.01214	    -0.000369629	      0.00264554
             222	        0.025804	     -0.00025173	      0.00263625
             223	        0.008484	    -0.000212556	      0.00262472
             224	        0.030272	    -7.64643e-05	      0.00261653
             225	        0.026512	     4.17067e-05	      0.00260757
             226	       -0.035264	    -0.000114513	      0.00260071
             227	       -0.081304	    -0.000472176	      0.00261373
             228	       -0.000344	    -0.000471614	      0.00260226
             229	       -0.012476	    -0.000524035	      0.00259143
             230	        -0.08858	    -0.000906887	      0.00260829
             231	       -0.059392	     -0.00116007	      0.00260926
             232	        0.060152	    -0.000895793	      0.00261136
             233	       -0.086596	     -0.00126361	      0.00262593
             234	        0.060036	     -0.00100164	      0.00262774
             235	       -0.034564	     -0.00114446	      0.00262044
             236	        0.010392	     -0.00109558	      0.00260979
             237	       -0.057608	     -0.00133403	      0.00260965
             238	       -0.029296	     -0.00145151	      0.00260133
             239	       -0.066152	     -0.00172223	      0.00260449
             240	         0.04352	     -0.00153372	      0.00260045
             241	       -0.026736	     -0.00163829	      0.00259176
             242	        0.053836	     -0.00140906	      0.00259117
             243	        0.001304	     -0.00139789	      0.00258053
             244	       -0.027164	     -0.00150349	      0.00257211
             245	       -0.064372	      -0.0017601	      0.00257438
             246	         0.01668	     -0.00168514	      0.00256501
             247	       -0.021616	     -0.00176583	      0.00255589
             248	         0.05606	     -0.00153266	       0.0025562
             249	       -0.076548	     -0.00183393	      0.00256363
             250	       -0.014316	     -0.00188386	      0.00255386
             251	       -0.036168	     -0.00202045	      0.00254733
             252	         0.04322	     -0.00184092	      0.00254354
             253	       -0.035672	     -0.00197464	        0.002537
             254	         0.02826	     -0.00185561	      0.00252981
             255	       -0.042472	     -0.00201489	      0.00252489
             256	       -0.019976	     -0.00208505	      0.00251601
             257	        0.088952	     -0.00173082	      0.00253103
             258	       -0.010564	     -0.00176505	      0.00252145
             259	         -0.0283	     -0.00186751	       0.0025138
             260	        0.023904	     -0.00176838	      0.00250608
             261	       -0.060332	     -0.00199277	       0.0025065
             262	        0.025436	     -0.00188808	      0.00249912
             263	        0.071732	     -0.00160815	      0.00250525
             264	       -0.044768	     -0.00177164	      0.00250109
             265	         0.06266	      -0.0015285	      0.00250344
             266	        -0.01444	     -0.00157704	       0.0024945
             267	       -0.015376	     -0.00162872	      0.00248569
             268	        0.030176	     -0.00151004	      0.00247925
             269	          0.0209	     -0.00142674	      0.00247143
             270	        -0.01848	      -0.0014899	      0.00246308
             271	       -0.006824	     -0.00150958	      0.00245407
             272	       -0.016236	     -0.00156372	      0.00244565
             273	        0.033076	     -0.00143684	      0.00243998
             274	        0.047912	     -0.00125673	      0.00243771
             275	         0.02638	     -0.00115623	      0.00243092
             276	        -0.02798	     -0.00125342	      0.00242405
             277	       -0.020524	     -0.00132299	       0.0024163
             278	        0.003908	     -0.00130417	      0.00240768
             279	       -0.031952	     -0.00141402	      0.00240156
             280	        0.014952	     -0.00135557	      0.00239369
             281	        0.039788	     -0.00120915	      0.00238965
             282	        0.018688	      -0.0011386	      0.00238221
             283	        -0.00674	     -0.00115839	      0.00237388
             284	       -0.007432	     -0.00118048	      0.00236562
             285	       -0.037204	     -0.00130688	       0.0023607
             286	         0.00786	     -0.00127483	      0.00235266
             287	         0.02408	     -0.00118648	      0.00234612
             288	       -0.053148	      -0.0013669	       0.0023449
             289	          0.0427	     -0.00121442	      0.00234174
             290	       -0.028188	     -0.00130743	      0.00233551
             291	       -0.054904	     -0.00149162	      0.00233474
             292	        0.013452	     -0.00144044	       0.0023273
             293	        -0.04494	      -0.0015889	      0.00232409
             294	        0.059328	      -0.0013817	       0.0023254
             295	       -0.021328	     -0.00144932	       0.0023185
             296	         0.09034	     -0.00113922	      0.00233132
             297	         -0.0017	      -0.0011411	      0.00232347
             298	       -0.005924	     -0.00115715	      0.00231572
             299	       -0.026516	     -0.00124197	      0.00230953
             300	         0.10958	     -0.00087256	      0.00233119
             301	        0.039448	    -0.000738605	      0.00232729
             302	        0.007472	    -0.000711417	      0.00231974
             303	        0.002024	    -0.000702389	       0.0023121
             304	        0.010952	    -0.000664053	      0.00230482
             305	        0.032908	     -0.00055398	      0.00229989
             306	        0.068636	    -0.000327869	      0.00230346
             307	        0.018916	    -0.000265186	      0.00229681
             308	       -0.029672	    -0.000360662	      0.00229134
             309	         0.01914	    -0.000297553	      0.00228479
             310	        0.037228	    -0.000176503	      0.00228062
             311	       -0.074436	     -0.00041528	      0.00228576
             312	          0.0205	    -0.000348244	      0.00227941
             313	       -0.015932	    -0.000398032	      0.00227267
             314	       -0.003308	    -0.000407299	      0.00226545
             315	       -0.039032	    -0.000529917	      0.00226158
             316	        0.015988	    -0.000477646	      0.00225503
             317	          0.0073	     -0.00045311	      0.00224805
             318	        0.015932	    -0.000401585	      0.00224157
             319	        0.008556	    -0.000373505	      0.00223472
             320	        0.006916	    -0.000350725	      0.00222785
             321	       -0.031088	     -0.00044648	      0.00222296
             322	         0.03594	    -0.000333478	      0.00221893
             323	       -0.012008	    -0.000369622	      0.00221236
             324	       -0.008412	    -0.000394444	      0.00220567
             325	       -0.054112	    -0.000559729	      0.00220506
             326	        0.056516	     -0.00038465	      0.00220524
             327	       -0.028244	    -0.000469847	      0.00220014
             328	        0.019684	    -0.000408402	      0.00219429
             329	       -0.046456	    -0.000548365	      0.00219208
             330	       -0.096264	    -0.000838412	      0.00220454
             331	       -0.027612	    -0.000919299	      0.00219937
             332	       -0.042364	     -0.00104413	      0.00219628
             333	        0.066572	    -0.000841081	      0.00219905
             334	        0.027664	    -0.000755737	      0.00219412
             335	        0.013664	    -0.000712693	        0.002188
             336	        0.032732	    -0.000613155	      0.00218375
             337	       -0.023912	    -0.000682291	      0.00217836
             338	       -0.019964	    -0.000739337	      0.00217266
             339	        0.047264	    -0.000597735	      0.00217086
             340	       -0.031444	    -0.000688459	      0.00216637
             341	        -0.06028	    -0.000863214	      0.00216706
             342	       -0.007916	    -0.000883836	      0.00216082
             343	       -0.024152	    -0.000951673	      0.00215559
             344	       -0.069584	     -0.00115119	      0.00215853
             345	        0.012508	     -0.00111159	      0.00215264
             346	        0.001824	     -0.00110311	      0.00214643
             347	        0.012956	     -0.00106259	      0.00214063
             348	        0.038972	    -0.000947552	      0.00213757
             349	       -0.014104	    -0.000985249	      0.00213178
             350	       -0.023248	     -0.00104886	      0.00212663
             351	        0.046332	    -0.000913869	      0.00212485
             352	        -0.02894	    -0.000993489	      0.00212031
             353	        0.027612	    -0.000912453	      0.00211585
             354	        0.001124	    -0.000906701	      0.00210988
             355	        0.030144	    -0.000819234	      0.00210575
             356	       -0.019912	    -0.000872865	      0.00210052
             357	       -0.041148	    -0.000985681	      0.00209766
             358	        0.013432	    -0.000945408	      0.00209219
             359	        0.010944	     -0.00091229	      0.00208662
             360	       -0.044828	     -0.00103428	      0.00208439
             361	        0.057052	    -0.000873374	      0.00208482
             362	        0.017372	    -0.000822972	      0.00207967
             363	        0.063788	    -0.000644981	      0.00208154
             364	        -0.00494	     -0.00065678	      0.00207586
             365	        -0.00364	    -0.000664953	      0.00207019
             366	       -0.027944	    -0.000739486	      0.00206587
             367	         0.02882	    -0.000658943	      0.00206181
             368	       -0.006276	    -0.000674207	      0.00205626
             369	        -0.02108	    -0.000729507	      0.00205144
             370	       -0.058544	    -0.000885762	      0.00205183
             371	        -0.00138	    -0.000887094	       0.0020463
             372	       -0.039084	    -0.000989774	      0.00204338
             373	        0.045852	    -0.000864193	      0.00204175
             374	        -0.00202	    -0.000867283	       0.0020363
             375	        0.057892	    -0.000710592	      0.00203689
             376	        0.034704	    -0.000616404	      0.00203365
             377	        -0.01526	    -0.000655247	      0.00202862
             378	         0.03486	    -0.000561291	      0.00202543
             379	         -0.0222	    -0.000618385	      0.00202089
             380	        0.044676	    -0.000499189	      0.00201908
             381	        -0.01432	    -0.000535465	      0.00201411
             382	        -0.04626	    -0.000655162	      0.00201239
             383	         0.06426	    -0.000485671	      0.00201426
             384	       -0.075408	    -0.000680781	      0.00201844
             385	        0.026112	     -0.00061119	       0.0020144
             386	       -0.009976	    -0.000635451	      0.00200933
             387	       -0.078056	    -0.000835504	      0.00201407
             388	        0.017256	    -0.000788876	      0.00200942
             389	         0.00896	    -0.000763815	      0.00200441
             390	        0.020664	    -0.000708872	      0.00200002
             391	        0.032276	    -0.000624512	      0.00199669
             392	         0.02022	    -0.000571337	       0.0019923
             393	        0.023284	    -0.000510636	      0.00198816
             394	       -0.052504	    -0.000642599	      0.00198748
             395	       -0.007532	    -0.000660041	      0.00198253
             396	         0.03496	    -0.000570091	      0.00197956
             397	       -0.020448	    -0.000620161	      0.00197521
             398	       -0.023012	    -0.000676422	      0.00197105
             399	        0.006872	    -0.000657504	       0.0019662
             400	        0.019104	      -0.0006081	       0.0019619
             401	       -0.085212	    -0.000819082	      0.00196832
             402	        0.012844	    -0.000785095	      0.00196372
             403	        0.036188	     -0.00069335	      0.00196099
             404	          0.0166	    -0.000650545	       0.0019566
             405	        0.025668	     -0.00058556	      0.00195285
             406	       -0.063548	     -0.00074064	      0.00195419
             407	       -0.035172	    -0.000825238	      0.00195122
             408	       -0.050328	    -0.000946569	       0.0019502
             409	        0.006132	    -0.000929262	      0.00194551
             410	         0.01968	    -0.000878995	      0.00194142
             411	       -0.039576	    -0.000973148	      0.00193897
             412	        0.013048	    -0.000939117	      0.00193457
             413	          0.0056	    -0.000923283	      0.00192995
             414	        0.052684	    -0.000793797	      0.00192962
             415	        0.058392	    -0.000651181	      0.00193024
             416	       -0.007548	     -0.00066776	      0.00192567
             417	        0.003888	    -0.000656835	      0.00192108
             418	        -0.01184	    -0.000683589	      0.00191667
             419	        0.027492	    -0.000616344	      0.00191328
             420	        0.023852	    -0.000558086	      0.00190961
             421	       -0.031212	    -0.000630898	      0.00190646
             422	        0.030628	    -0.000556825	      0.00190338
             423	       -0.029312	    -0.000624804	       0.0019001
             424	       -0.061184	    -0.000767632	      0.00190097
             425	       -0.017392	    -0.000806748	       0.0018969
             426	       -0.087528	     -0.00101032	      0.00190334
             427	       -0.025596	      -0.0010679	      0.00189976
             428	        0.034372	    -0.000985093	      0.00189712
             429	       -0.022812	     -0.00103597	      0.00189338
             430	        0.057244	    -0.000900437	      0.00189382
             431	       -0.004028	    -0.000907694	      0.00188944
             432	       -0.002184	    -0.000910648	      0.00188507
             433	        0.085848	    -0.000710282	      0.00189134
             434	       -0.061724	    -0.000850866	       0.0018922
             435	        0.044524	    -0.000746556	      0.00189072
             436	        -0.00326	    -0.000752321	      0.00188639
             437	        0.008344	    -0.000731506	      0.00188219
             438	        0.000444	    -0.000728822	      0.00187789
             439	       -0.124524	     -0.00101082	      0.00189467
             440	       -0.024204	     -0.00106353	       0.0018911
             441	        0.002452	     -0.00105556	      0.00188683
             442	       -0.036404	     -0.00113553	      0.00188425
             443	       -0.024796	     -0.00118894	      0.00188076
             444	        0.025876	     -0.00112798	      0.00187751
             445	       -0.041668	     -0.00121908	       0.0018755
             446	       -0.013484	     -0.00124658	      0.00187149
             447	        -0.09086	     -0.00144706	      0.00187801
             448	        -0.05784	     -0.00157294	      0.00187804
             449	        0.028452	     -0.00150607	      0.00187504
             450	        0.004568	     -0.00149257	      0.00187092
             451	        0.091432	     -0.00128653	      0.00187809
             452	        0.035272	     -0.00120565	      0.00187567
             453	        0.026352	     -0.00114481	      0.00187252
             454	       -0.034852	     -0.00121906	      0.00186987
             455	        0.014264	     -0.00118503	      0.00186607
             456	        -0.06268	     -0.00131989	      0.00186684
             457	       -0.082124	      -0.0014967	      0.00187111
             458	       -0.023616	       -0.001545	      0.00186765
             459	        0.025716	      -0.0014856	      0.00186452
             460	        -0.01512	     -0.00151524	       0.0018607
             461	        0.048336	     -0.00140711	      0.00185981
             462	         0.00346	     -0.00139657	      0.00185581
             463	        -0.07454	     -0.00155455	      0.00185852
             464	       -0.028676	       -0.001613	      0.00185543
             465	       -0.000184	     -0.00160993	      0.00185144
             466	       -0.091064	     -0.00180189	      0.00185739
             467	        0.058928	     -0.00167185	      0.00185796
             468	        0.022384	     -0.00162044	       0.0018547
             469	        0.007072	     -0.00160191	      0.00185084
             470	       -0.023668	     -0.00164886	       0.0018475
             471	        0.080008	     -0.00147549	      0.00185169
             472	        0.017268	     -0.00143578	       0.0018482
             473	       -0.063932	     -0.00156791	      0.00184901
             474	        0.014448	     -0.00153412	      0.00184541
             475	        0.054396	     -0.00141637	      0.00184528
             476	       -0.001512	     -0.00141657	       0.0018414
             477	       -0.031436	     -0.00147951	      0.00183862
             478	       -0.008844	     -0.00149491	      0.00183484
             479	        0.003928	     -0.00148359	      0.00183104
             480	         -0.0295	     -0.00154196	      0.00182816
             481	       -0.031624	      -0.0016045	      0.00182543
             482	         -0.0613	     -0.00172835	      0.00182584
             483	        -0.01976	     -0.00176568	      0.00182244
             484	        -0.04566	     -0.00185637	      0.00182093
             485	       -0.009204	     -0.00187152	      0.00181723
             486	       -0.000228	     -0.00186814	       0.0018135
             487	       -0.002672	     -0.00186979	      0.00180978
             488	         0.04552	     -0.00177268	      0.00180867
             489	       -0.044344	     -0.00185974	      0.00180707
             490	        0.066832	     -0.00171955	      0.00180881
             491	        -0.11664	      -0.0019536	       0.0018202
             492	        0.070464	     -0.00180641	      0.00182245
             493	          0.0626	     -0.00167577	      0.00182343
             494	        0.013144	     -0.00164577	      0.00181998
             495	        0.053248	     -0.00153488	      0.00181968
             496	       -0.027892	     -0.00158802	      0.00181679
             497	        0.041208	     -0.00150191	      0.00181517
             498	         0.02494	     -0.00144881	       0.0018123
             499	       -0.059616	     -0.00156538	      0.00181242
             500	       -0.009908	     -0.00158206	      0.00180887
