#     BLOCK:   ACTUAL_TE:    TE_AVE:      ERROR:
           1	   -0.479041	   -0.479041	           0
           2	   -0.479042	   -0.479042	 5.65692e-07
           3	   -0.471545	   -0.476543	  0.00204037
           4	   -0.479365	   -0.477248	  0.00164775
           5	   -0.488653	   -0.479529	  0.00242894
           6	   -0.474104	   -0.478625	  0.00218594
           7	    -0.47619	   -0.478277	  0.00190113
           8	   -0.477235	   -0.478147	  0.00166794
           9	   -0.472129	   -0.477478	  0.00161109
          10	   -0.477183	   -0.477449	  0.00145025
          11	   -0.479109	     -0.4776	  0.00132624
          12	   -0.480842	    -0.47787	  0.00124294
          13	   -0.480964	   -0.478108	   0.0011699
          14	   -0.482893	    -0.47845	  0.00113516
          15	   -0.476236	   -0.478302	  0.00106903
          16	   -0.488446	   -0.478936	  0.00117526
          17	    -0.47797	   -0.478879	   0.0011075
          18	   -0.478952	   -0.478883	  0.00104598
          19	   -0.484292	   -0.479168	  0.00102894
          20	   -0.472754	   -0.478847	  0.00102626
          21	    -0.47689	   -0.478754	 0.000981609
          22	   -0.483326	   -0.478962	 0.000958733
          23	   -0.470924	   -0.478612	 0.000978672
          24	   -0.475909	     -0.4785	 0.000944355
          25	   -0.479437	   -0.478537	 0.000907324
          26	   -0.477022	   -0.478479	 0.000874296
          27	   -0.480256	   -0.478545	 0.000844388
          28	   -0.474902	   -0.478415	 0.000824195
          29	   -0.482369	   -0.478551	 0.000806974
          30	   -0.480993	   -0.478632	 0.000784169
          31	   -0.467394	    -0.47827	 0.000838491
          32	   -0.471617	   -0.478062	 0.000837668
          33	   -0.485822	   -0.478297	 0.000844649
          34	   -0.474018	   -0.478171	 0.000829128
          35	   -0.477837	   -0.478162	 0.000805494
          36	   -0.477659	   -0.478148	  0.00078324
          37	   -0.476606	   -0.478106	 0.000763178
          38	   -0.478194	   -0.478108	 0.000743098
          39	   -0.476229	    -0.47806	 0.000725606
          40	   -0.480986	   -0.478133	 0.000711144
          41	   -0.484124	    -0.47828	  0.00070865
          42	   -0.480398	    -0.47833	 0.000693571
          43	   -0.470328	   -0.478144	 0.000701963
          44	   -0.477821	   -0.478137	 0.000686047
          45	   -0.473957	   -0.478044	  0.00067706
          46	   -0.483426	   -0.478161	 0.000672375
          47	   -0.476657	   -0.478129	  0.00065883
          48	   -0.484646	   -0.478264	 0.000658948
          49	    -0.46777	    -0.47805	 0.000679417
          50	    -0.47457	   -0.477981	 0.000669386
          51	   -0.490399	   -0.478224	 0.000699148
          52	   -0.490234	   -0.478455	 0.000722842
          53	   -0.474645	   -0.478383	  0.00071277
          54	   -0.481671	   -0.478444	 0.000702167
          55	   -0.477892	   -0.478434	 0.000689472
          56	   -0.481148	   -0.478483	 0.000678861
          57	    -0.47259	   -0.478379	 0.000674775
          58	   -0.483207	   -0.478462	 0.000668256
          59	   -0.484767	   -0.478569	 0.000665419
          60	   -0.481905	   -0.478625	 0.000656647
          61	     -0.4731	   -0.478534	 0.000652098
          62	   -0.488854	   -0.478701	 0.000662484
          63	   -0.474122	   -0.478628	 0.000655943
          64	   -0.478016	   -0.478618	 0.000645763
          65	   -0.486073	   -0.478733	 0.000645931
          66	   -0.476584	   -0.478701	 0.000636965
          67	   -0.483798	   -0.478777	 0.000631986
          68	   -0.477838	   -0.478763	 0.000622843
          69	   -0.489286	   -0.478915	 0.000632213
          70	   -0.486622	   -0.479025	 0.000632696
          71	   -0.476266	   -0.478987	 0.000624978
          72	   -0.472675	   -0.478899	 0.000622415
          73	   -0.482861	   -0.478953	  0.00061625
          74	   -0.477735	   -0.478937	 0.000608142
          75	   -0.481067	   -0.478965	 0.000600697
          76	   -0.470898	   -0.478859	 0.000602099
          77	   -0.472042	   -0.478771	 0.000600753
          78	   -0.481453	   -0.478805	 0.000594034
          79	   -0.485365	   -0.478888	  0.00059229
          80	   -0.478006	   -0.478877	 0.000584989
          81	   -0.479958	    -0.47889	 0.000577919
          82	   -0.483726	   -0.478949	 0.000573873
          83	   -0.485878	   -0.479033	 0.000572999
          84	   -0.473034	   -0.478961	 0.000570611
          85	   -0.484539	   -0.479027	 0.000567659
          86	   -0.478092	   -0.479016	 0.000561162
          87	   -0.478816	   -0.479014	 0.000554717
          88	   -0.481418	   -0.479041	 0.000549085
          89	   -0.478453	   -0.479034	 0.000542955
          90	   -0.483833	   -0.479088	 0.000539534
          91	   -0.471734	   -0.479007	 0.000539622
          92	   -0.484658	   -0.479068	 0.000537241
          93	   -0.476283	   -0.479038	 0.000532298
          94	   -0.483565	   -0.479087	 0.000528809
          95	   -0.475006	   -0.479044	 0.000524984
          96	   -0.485542	   -0.479111	 0.000523862
          97	   -0.474739	   -0.479066	 0.000520396
          98	   -0.482878	   -0.479105	 0.000516538
          99	   -0.481946	   -0.479134	 0.000512117
         100	   -0.484626	   -0.479189	 0.000509932
