#     BLOCK:   ACTUAL_M:     M_AVE:       ERROR:
               1	         0.03432	         0.03432	               0
               2	         0.00504	         0.01968	        0.010352
               3	            0.04	       0.0264533	      0.00884388
               4	         0.02776	         0.02678	      0.00663894
               5	         0.02424	        0.026272	      0.00533055
               6	         0.01676	       0.0246867	      0.00467192
               7	         0.02228	       0.0243429	      0.00401714
               8	         0.01572	        0.023265	      0.00365674
               9	          0.0098	       0.0217689	       0.0035433
              10	         0.01248	         0.02084	      0.00330849
              11	         0.00456	         0.01936	      0.00332229
              12	          0.0096	       0.0185467	      0.00314341
              13	          0.0258	       0.0191046	      0.00295071
              14	         0.00736	       0.0182657	      0.00285671
              15	         0.01952	       0.0183493	      0.00266749
              16	         0.00628	        0.017595	      0.00260525
              17	         0.04844	       0.0194094	       0.0030184
              18	         0.02936	       0.0199622	      0.00290089
              19	          0.0096	       0.0194168	      0.00279901
              20	         0.02952	        0.019922	      0.00270426
              21	         0.00948	       0.0194248	       0.0026208
              22	         0.02076	       0.0194855	      0.00250238
              23	         0.01104	       0.0191183	      0.00242037
              24	         0.00688	       0.0186083	      0.00237263
              25	         0.01764	       0.0185696	      0.00227804
              26	         0.02512	       0.0188215	      0.00220431
              27	         0.02664	       0.0191111	       0.0021416
              28	         0.02408	       0.0192886	      0.00207246
              29	        -0.01848	       0.0179862	      0.00237521
              30	         0.01152	       0.0177707	       0.0023058
              31	         0.03684	       0.0183858	      0.00231202
              32	         0.01052	         0.01814	      0.00225279
              33	         0.02936	         0.01848	      0.00221004
              34	          0.0108	       0.0182541	      0.00215655
              35	         0.01916	         0.01828	      0.00209509
              36	        -0.00192	       0.0177189	      0.00211069
              37	        -0.01052	       0.0169557	      0.00218728
              38	         0.01392	       0.0168758	      0.00213118
              39	         0.01568	       0.0168451	      0.00207676
              40	         0.01756	        0.016863	      0.00202492
              41	         0.02204	       0.0169893	      0.00197946
              42	         0.00576	       0.0167219	       0.0019503
              43	         0.03448	       0.0171349	      0.00194818
              44	         0.02452	       0.0173027	      0.00191112
              45	         0.01836	       0.0173262	       0.0018688
              46	         0.01236	       0.0172183	      0.00183129
              47	         0.02512	       0.0173864	      0.00180002
              48	         0.02504	       0.0175458	      0.00176957
              49	         0.03016	       0.0178033	      0.00175208
              50	         0.02284	        0.017904	      0.00171993
              51	         0.02328	       0.0180094	      0.00168944
              52	        -0.00352	       0.0175954	      0.00170693
              53	         0.01568	       0.0175592	       0.0016751
              54	         0.02896	       0.0177704	      0.00165733
              55	         0.02028	        0.017816	      0.00162783
              56	         0.01928	       0.0178421	      0.00159897
              57	         0.02696	       0.0180021	       0.0015789
              58	         0.03296	         0.01826	       0.0015726
              59	         0.00424	       0.0180224	      0.00156379
              60	           8e-05	       0.0177233	      0.00156606
              61	         0.02292	       0.0178085	       0.0015427
              62	         0.02004	       0.0178445	      0.00151824
              63	         0.03728	        0.018153	      0.00152516
              64	        -0.00284	        0.017825	       0.0015362
              65	          0.0354	       0.0180954	      0.00153618
              66	         0.01428	       0.0180376	      0.00151399
              67	         0.01916	       0.0180543	      0.00149149
              68	         0.02484	       0.0181541	      0.00147289
              69	         0.01332	       0.0180841	      0.00145321
              70	         0.01736	       0.0180737	      0.00143248
              71	         0.02304	       0.0181437	      0.00141401
              72	         0.02156	       0.0181911	      0.00139517
              73	         0.03688	       0.0184471	      0.00139935
              74	         0.00408	        0.018253	      0.00139384
              75	          0.0312	       0.0184256	      0.00138591
              76	         0.01576	       0.0183905	      0.00136812
              77	         0.03212	       0.0185688	      0.00136192
              78	          0.0098	       0.0184564	      0.00134909
              79	         0.01648	       0.0184314	      0.00133224
              80	           0.025	       0.0185135	      0.00131812
              81	         0.01324	       0.0184484	      0.00130345
              82	        -0.00188	       0.0182005	      0.00131092
              83	         0.00524	       0.0180443	      0.00130439
              84	         0.02808	       0.0181638	      0.00129432
              85	          0.0302	       0.0183054	      0.00128682
              86	          0.0152	       0.0182693	      0.00127236
              87	         0.01388	       0.0182189	      0.00125874
              88	         0.03032	       0.0183564	      0.00125192
              89	        -0.00452	       0.0180993	      0.00126397
              90	         0.02124	       0.0181342	       0.0012504
              91	         0.01828	       0.0181358	      0.00123666
              92	        -0.00192	       0.0179178	      0.00124229
              93	         0.00448	       0.0177733	       0.0012373
              94	           0.019	       0.0177864	      0.00122421
              95	         0.04272	       0.0180488	      0.00123914
              96	          -0.002	         0.01784	      0.00124371
              97	          0.0208	       0.0178705	      0.00123126
              98	         0.01364	       0.0178273	      0.00121945
              99	         0.01288	       0.0177774	      0.00120816
             100	         0.00784	        0.017678	      0.00120016
             101	         0.02004	       0.0177014	       0.0011885
             102	           0.036	       0.0178808	      0.00119031
             103	         0.01252	       0.0178287	      0.00117989
             104	         0.02992	        0.017945	      0.00117426
             105	         0.03456	       0.0181032	      0.00117369
             106	         0.03588	       0.0182709	      0.00117454
             107	         0.01576	       0.0182475	       0.0011638
             108	          0.0264	        0.018323	      0.00115547
             109	         0.02836	        0.018415	      0.00114853
             110	         0.01912	       0.0184215	      0.00113811
             111	         0.01844	       0.0184216	      0.00112785
             112	            0.02	       0.0184357	      0.00111787
             113	          0.0102	       0.0183628	      0.00111035
             114	         0.01924	       0.0183705	      0.00110064
             115	         0.02344	       0.0184146	      0.00109195
             116	         0.02288	       0.0184531	      0.00108321
             117	         0.01052	       0.0183853	      0.00107608
             118	         0.05332	       0.0186814	      0.00110693
             119	         0.05256	       0.0189661	      0.00113365
             120	         0.04732	       0.0192023	      0.00114856
             121	         0.02864	       0.0192803	      0.00114172
             122	         0.02584	       0.0193341	      0.00113362
             123	         0.02232	       0.0193584	      0.00112467
             124	          0.0302	       0.0194458	      0.00111899
             125	         0.00852	       0.0193584	      0.00111345
             126	         0.04012	       0.0195232	      0.00111674
             127	         0.01636	       0.0194983	      0.00110822
             128	         0.01996	       0.0195019	      0.00109957
             129	         0.01888	       0.0194971	      0.00109106
             130	         0.00348	       0.0193738	       0.0010896
             131	         0.00748	       0.0192831	      0.00108506
             132	         0.01232	       0.0192303	      0.00107812
             133	         -0.0032	       0.0190617	      0.00108312
             134	         0.01408	       0.0190245	      0.00107568
             135	           0.034	       0.0191354	      0.00107341
             136	         0.01876	       0.0191326	      0.00106552
             137	        -0.00296	       0.0189714	      0.00106988
             138	         0.01244	       0.0189241	      0.00106317
             139	         0.00736	       0.0188409	      0.00105877
             140	          0.0374	       0.0189734	      0.00105948
             141	         0.01308	       0.0189316	      0.00105279
             142	         0.01392	       0.0188963	      0.00104597
             143	         0.01712	       0.0188839	      0.00103873
             144	         -0.0016	       0.0187417	      0.00104121
             145	          0.0308	       0.0188248	      0.00103734
             146	         0.04016	        0.018971	      0.00104048
             147	          0.0124	       0.0189263	      0.00103436
             148	        -0.00484	       0.0187657	      0.00103976
             149	           0.015	       0.0187404	      0.00103309
             150	         0.01972	       0.0187469	      0.00102622
             151	           0.011	       0.0186956	      0.00102071
             152	         0.02004	       0.0187045	      0.00101403
             153	         0.02644	        0.018755	      0.00100866
             154	          0.0104	       0.0187008	      0.00100357
             155	         0.00652	       0.0186222	      0.00100017
             156	         0.01796	       0.0186179	     0.000993768
             157	         0.01608	       0.0186018	      0.00098757
             158	         0.02664	       0.0186527	     0.000982629
             159	         0.00468	       0.0185648	      0.00098037
             160	          0.0174	       0.0185575	      0.00097427
             161	         0.03616	       0.0186668	     0.000974334
             162	         0.01592	       0.0186499	     0.000968467
             163	         0.03256	       0.0187352	     0.000966278
             164	          0.0154	       0.0187149	       0.0009606
             165	         0.01776	       0.0187091	     0.000954796
             166	         0.00264	       0.0186123	     0.000953938
             167	         0.01408	       0.0185851	     0.000948612
             168	         0.00924	       0.0185295	     0.000944595
             169	         0.05056	       0.0187191	     0.000957831
             170	         0.00984	       0.0186668	      0.00095362
             171	         0.02868	       0.0187254	     0.000949839
             172	         0.00676	       0.0186558	     0.000946861
             173	         0.02776	       0.0187084	     0.000942849
             174	         0.01456	       0.0186846	     0.000937732
             175	         0.02564	       0.0187243	     0.000933215
             176	         0.01036	       0.0186768	     0.000929122
             177	         0.01816	       0.0186739	     0.000923878
             178	         0.00944	        0.018622	     0.000920143
             179	         0.04868	       0.0187899	     0.000930199
             180	         0.01148	       0.0187493	     0.000925917
             181	         0.02136	       0.0187638	     0.000920914
             182	         0.03624	       0.0188598	     0.000920846
             183	         0.00284	       0.0187722	     0.000919966
             184	         0.00116	       0.0186765	     0.000919932
             185	         0.02808	       0.0187274	     0.000916363
             186	         0.03276	       0.0188028	     0.000914536
             187	         0.00732	       0.0187414	     0.000911705
             188	         0.01676	       0.0187309	     0.000906916
             189	         0.02004	       0.0187378	     0.000902144
             190	          0.0092	       0.0186876	     0.000898792
             191	          0.0218	       0.0187039	     0.000894234
             192	         0.00736	       0.0186448	     0.000891526
             193	         0.01452	       0.0186234	     0.000887163
             194	         0.01628	       0.0186113	     0.000882672
             195	        -0.00164	       0.0185075	     0.000884234
             196	         0.01928	       0.0185114	     0.000879731
             197	         0.01388	       0.0184879	      0.00087558
             198	         0.01932	       0.0184921	     0.000871168
             199	        -0.01236	       0.0183371	     0.000880477
             200	         0.02476	       0.0183692	      0.00087666
