#     BLOCK:   ACTUAL_X:     X_AVE:       ERROR:
           1	     1.68432	     1.68432	           0
           2	     1.90536	     1.79484	   0.0781514
           3	     1.78005	     1.78991	   0.0522563
           4	     1.45895	     1.70717	   0.0816719
           5	     1.99695	     1.76513	   0.0834037
           6	     1.73718	     1.76047	    0.069633
           7	     1.63927	     1.74316	   0.0618005
           8	     1.57132	     1.72168	   0.0576876
           9	     1.62827	      1.7113	    0.052203
          10	     1.53786	     1.69395	   0.0497804
          11	     2.14164	     1.73465	   0.0596136
          12	     2.04391	     1.76042	   0.0599582
          13	     1.40391	       1.733	   0.0612978
          14	     1.79155	     1.73718	   0.0570618
          15	     1.93973	     1.75068	   0.0548321
          16	     1.62309	     1.74271	   0.0519818
          17	     1.81768	     1.74712	   0.0491107
          18	     1.67836	      1.7433	   0.0465307
          19	     1.84245	     1.74852	   0.0443734
          20	     1.94677	     1.75843	   0.0432477
          21	     2.05132	     1.77238	    0.043379
          22	     1.69264	     1.76875	   0.0415583
          23	     1.51459	      1.7577	   0.0411945
          24	     1.80977	     1.75987	   0.0395351
          25	     1.66109	     1.75592	   0.0381507
          26	     1.89418	     1.76124	   0.0370521
          27	      1.5325	     1.75277	   0.0366355
          28	     1.90714	     1.75828	   0.0357395
          29	     1.82605	     1.76062	   0.0345834
          30	     1.91573	     1.76579	   0.0338149
          31	     1.71964	      1.7643	   0.0327569
          32	      2.0655	     1.77371	   0.0330579
          33	     2.00523	     1.78073	   0.0327921
          34	     1.63427	     1.77642	   0.0321093
          35	     1.83936	     1.77822	   0.0312422
          36	     1.59873	     1.77323	   0.0307697
          37	     1.58236	     1.76807	   0.0303674
          38	     1.68786	     1.76596	   0.0296415
          39	     1.67627	     1.76366	   0.0289706
          40	     2.10136	     1.77211	   0.0294508
          41	      1.7825	     1.77236	   0.0287335
          42	      1.7065	     1.77079	   0.0280922
          43	     1.96327	     1.77527	   0.0277932
          44	     1.76195	     1.77496	   0.0271632
          45	     1.73318	     1.77404	   0.0265754
          46	     1.58532	     1.76993	   0.0263125
          47	     1.71986	     1.76887	   0.0257742
          48	     1.76123	     1.76871	   0.0252377
          49	       1.747	     1.76827	   0.0247265
          50	     2.09873	     1.77488	   0.0250998
          51	     2.18768	     1.78297	   0.0258799
          52	     1.92127	     1.78563	   0.0255185
          53	     1.34909	     1.77739	   0.0263327
          54	     1.74677	     1.77683	   0.0258512
          55	     1.85823	     1.77831	   0.0254235
          56	     1.78023	     1.77834	   0.0249695
          57	     1.73936	     1.77766	   0.0245408
          58	     1.91155	     1.77996	    0.024226
          59	     1.81091	     1.78049	   0.0238211
          60	     1.64482	     1.77823	   0.0235312
          61	     1.88436	     1.77997	   0.0232096
          62	     1.99518	     1.78344	   0.0230934
          63	      1.5885	     1.78034	   0.0229332
          64	     1.83886	     1.78126	   0.0225931
          65	     1.92709	      1.7835	   0.0223566
          66	     1.86109	     1.78468	   0.0220488
          67	     1.89586	     1.78634	    0.021782
          68	     1.87927	      1.7877	   0.0215046
          69	     2.17718	     1.79335	   0.0219212
          70	     1.89159	     1.79475	   0.0216529
          71	     1.64586	     1.79266	   0.0214492
          72	     1.53318	     1.78905	   0.0214519
          73	     1.71191	       1.788	   0.0211841
          74	     1.72255	     1.78711	   0.0209163
          75	     1.81741	     1.78751	   0.0206413
          76	     1.80309	     1.78772	   0.0203707
          77	     1.56873	     1.78488	   0.0203037
          78	     1.70055	     1.78379	   0.0200722
          79	     1.65482	     1.78216	   0.0198844
          80	     1.91827	     1.78386	   0.0197085
          81	     1.75177	     1.78347	   0.0194692
          82	     1.66068	     1.78197	   0.0192892
          83	     1.74373	     1.78151	   0.0190623
          84	     1.65518	        1.78	   0.0188946
          85	     1.85514	     1.78089	    0.018693
          86	     1.76477	      1.7807	   0.0184766
          87	     1.57036	     1.77828	   0.0184217
          88	     1.58086	     1.77604	   0.0183485
          89	     1.56723	     1.77369	   0.0182917
          90	     1.64509	     1.77227	   0.0181442
          91	     1.84909	     1.77311	   0.0179644
          92	     1.67595	     1.77205	   0.0178002
          93	     1.94191	     1.77388	   0.0177022
          94	     2.12682	     1.77763	   0.0179077
          95	     1.78041	     1.77766	   0.0177192
          96	      1.9695	     1.77966	   0.0176469
          97	     1.82682	     1.78015	   0.0174717
          98	     1.54455	     1.77774	    0.017458
          99	     1.82173	     1.77819	   0.0172873
         100	     1.50973	      1.7755	   0.0173217
