#     BLOCK:   ACTUAL_CV:    CV_AVE:      ERROR:
               1	        0.141497	        0.141497	               0
               2	         0.14158	        0.141539	     2.92521e-05
               3	        0.143521	        0.142199	      0.00053977
               4	        0.142217	        0.142204	     0.000404844
               5	        0.143898	        0.142543	      0.00044357
               6	        0.139617	        0.142055	     0.000578541
               7	        0.138946	        0.141611	     0.000644239
               8	        0.139202	         0.14131	     0.000630179
               9	        0.137175	         0.14085	     0.000708098
              10	         0.14271	        0.141036	     0.000661253
              11	        0.138039	        0.140764	     0.000654869
              12	        0.142551	        0.140913	     0.000617005
              13	        0.139807	        0.140828	     0.000575373
              14	        0.135921	        0.140477	     0.000632071
              15	        0.141983	        0.140578	     0.000597848
              16	        0.140062	        0.140545	     0.000561349
              17	        0.139347	        0.140475	     0.000532735
              18	        0.140466	        0.140474	     0.000503138
              19	        0.143121	        0.140614	     0.000495568
              20	        0.141221	        0.140644	     0.000471719
              21	        0.141391	         0.14068	     0.000450594
              22	        0.139414	        0.140622	     0.000433768
              23	        0.140405	        0.140613	     0.000415011
              24	        0.137992	        0.140503	     0.000411832
              25	        0.140938	        0.140521	     0.000395725
              26	        0.141452	        0.140557	     0.000382122
              27	        0.139764	        0.140527	     0.000369096
              28	        0.140371	        0.140522	     0.000355956
              29	        0.138593	        0.140455	     0.000349838
              30	        0.140941	        0.140471	     0.000338551
              31	        0.136714	         0.14035	      0.00034865
              32	        0.143155	        0.140438	     0.000348599
              33	        0.141142	        0.140459	     0.000338688
              34	        0.144358	        0.140574	     0.000347592
              35	        0.142978	        0.140643	      0.00034438
              36	        0.143704	        0.140728	     0.000345156
              37	         0.14323	        0.140795	     0.000342388
              38	        0.140796	        0.140795	     0.000333378
              39	        0.138699	        0.140742	     0.000329134
              40	        0.139756	        0.140717	     0.000321827
              41	        0.142233	        0.140754	     0.000316095
              42	        0.140847	        0.140756	     0.000308577
              43	        0.141492	        0.140773	     0.000301874
              44	        0.141839	        0.140797	     0.000295983
              45	        0.140045	        0.140781	     0.000289877
              46	        0.137365	        0.140706	     0.000292933
              47	        0.141229	        0.140718	     0.000286912
              48	         0.13952	        0.140693	     0.000282018
              49	        0.138967	        0.140657	     0.000278453
              50	        0.140745	        0.140659	      0.00027289
              51	         0.14094	        0.140665	     0.000267595
              52	        0.138745	        0.140628	     0.000264982
              53	        0.143815	        0.140688	     0.000266718
              54	        0.140399	        0.140683	     0.000261832
              55	        0.138791	        0.140648	      0.00025932
              56	         0.14048	        0.140645	     0.000254707
              57	        0.136656	        0.140575	     0.000259674
              58	        0.138995	        0.140548	     0.000256622
              59	        0.142744	        0.140585	     0.000254958
              60	        0.143345	        0.140631	     0.000254825
              61	        0.140937	        0.140636	     0.000250697
              62	        0.139904	        0.140624	     0.000246931
              63	        0.140783	        0.140627	     0.000243024
              64	        0.141135	        0.140635	     0.000239357
              65	         0.13999	        0.140625	      0.00023588
              66	        0.139186	        0.140603	     0.000233312
              67	        0.143196	        0.140642	     0.000233017
              68	          0.1394	        0.140623	     0.000230305
              69	        0.138524	        0.140593	     0.000228967
              70	        0.139938	        0.140584	     0.000225887
              71	        0.137064	        0.140534	     0.000228079
              72	          0.1401	        0.140528	     0.000224991
              73	        0.136455	        0.140472	     0.000228723
              74	        0.142951	        0.140506	     0.000228071
              75	        0.139565	        0.140493	     0.000225375
              76	        0.139004	        0.140474	      0.00022326
              77	        0.141511	        0.140487	     0.000220766
              78	        0.142957	        0.140519	     0.000220194
              79	        0.142098	        0.140539	     0.000218312
              80	        0.142184	        0.140559	     0.000216549
              81	        0.142903	        0.140588	     0.000215799
              82	        0.143069	        0.140619	     0.000215278
              83	        0.140775	         0.14062	     0.000212693
              84	        0.142992	        0.140649	     0.000212027
              85	        0.141162	        0.140655	     0.000209619
              86	        0.141708	        0.140667	     0.000207539
              87	        0.137986	        0.140636	     0.000207428
              88	        0.137489	          0.1406	     0.000208132
              89	        0.141159	        0.140607	     0.000205888
              90	        0.139239	        0.140591	     0.000204161
              91	        0.142127	        0.140608	     0.000202614
              92	        0.140119	        0.140603	     0.000200481
              93	        0.137167	        0.140566	     0.000201701
              94	        0.139883	        0.140559	     0.000199686
              95	        0.142165	        0.140576	     0.000198299
              96	         0.13893	        0.140559	     0.000196973
              97	        0.140907	        0.140562	     0.000194975
              98	        0.139722	        0.140554	     0.000193174
              99	        0.143355	        0.140582	     0.000193284
             100	        0.143461	        0.140611	     0.000193483
             101	        0.140078	        0.140605	     0.000191639
             102	        0.137577	        0.140576	     0.000192047
             103	        0.137564	        0.140546	     0.000192396
             104	        0.141569	        0.140556	     0.000190797
             105	        0.144036	        0.140589	     0.000191835
             106	        0.142132	        0.140604	     0.000190577
             107	         0.13894	        0.140588	     0.000189429
             108	        0.138079	        0.140565	     0.000189094
             109	        0.145058	        0.140606	       0.0001918
             110	        0.138628	        0.140588	     0.000190898
             111	        0.142655	        0.140607	     0.000190084
             112	        0.142724	        0.140626	     0.000189324
             113	        0.136529	         0.14059	     0.000191089
             114	        0.139693	        0.140582	     0.000189574
             115	        0.140838	        0.140584	     0.000187939
             116	        0.141116	        0.140589	     0.000186375
             117	        0.139977	        0.140583	     0.000184855
             118	        0.142151	        0.140597	     0.000183765
             119	        0.140416	        0.140595	     0.000182227
             120	        0.141652	        0.140604	     0.000180922
             121	        0.134878	        0.140557	     0.000185512
             122	        0.145167	        0.140594	     0.000187801
             123	        0.141666	        0.140603	     0.000186476
             124	        0.141202	        0.140608	     0.000185035
             125	        0.138854	        0.140594	     0.000184086
             126	        0.137848	        0.140572	     0.000183911
             127	        0.146234	        0.140617	     0.000187788
             128	        0.139448	        0.140608	     0.000186542
             129	         0.14065	        0.140608	     0.000185096
             130	        0.141413	        0.140614	     0.000183776
             131	        0.139462	        0.140605	     0.000182583
             132	        0.139598	        0.140598	      0.00018136
             133	        0.141019	        0.140601	     0.000180024
             134	        0.137153	        0.140575	      0.00018051
             135	        0.139682	        0.140569	     0.000179294
             136	        0.143588	        0.140591	     0.000179344
             137	        0.141559	        0.140598	     0.000178175
             138	        0.144112	        0.140623	     0.000178694
             139	        0.143426	        0.140643	     0.000178542
             140	         0.14082	        0.140645	     0.000177272
             141	         0.14184	        0.140653	     0.000176217
             142	        0.141248	        0.140657	     0.000175026
             143	        0.139959	        0.140652	      0.00017387
             144	        0.140329	         0.14065	     0.000172677
             145	        0.140504	        0.140649	     0.000171489
             146	        0.138325	        0.140633	     0.000171052
             147	         0.14029	        0.140631	     0.000169904
             148	        0.140905	        0.140633	     0.000168766
             149	        0.140393	        0.140631	     0.000167641
             150	        0.142395	        0.140643	     0.000166936
             151	        0.142347	        0.140654	     0.000166211
             152	         0.14207	        0.140664	     0.000165378
             153	        0.139181	        0.140654	     0.000164581
             154	        0.140651	        0.140654	     0.000163512
             155	        0.140017	         0.14065	     0.000162509
             156	        0.141044	        0.140652	     0.000161487
             157	        0.141696	        0.140659	     0.000160595
             158	        0.136724	        0.140634	     0.000161498
             159	        0.140989	        0.140636	     0.000160498
             160	        0.138655	        0.140624	     0.000159971
             161	        0.141487	        0.140629	     0.000159068
             162	        0.141358	        0.140634	     0.000158149
             163	        0.139123	        0.140624	      0.00015745
             164	        0.141109	        0.140627	     0.000156518
             165	        0.142819	        0.140641	     0.000156132
             166	        0.138231	        0.140626	     0.000155865
             167	        0.138994	        0.140616	     0.000155238
             168	        0.135212	        0.140584	     0.000157612
             169	         0.14168	        0.140591	     0.000156812
             170	        0.140903	        0.140593	     0.000155901
             171	        0.140706	        0.140593	      0.00015499
             172	        0.140077	         0.14059	     0.000154118
             173	        0.141405	        0.140595	       0.0001533
             174	        0.142654	        0.140607	     0.000152875
             175	        0.139182	        0.140599	     0.000152218
             176	        0.140363	        0.140597	     0.000151359
             177	        0.143328	        0.140613	     0.000151288
             178	        0.140378	        0.140611	     0.000150444
             179	        0.138658	        0.140601	     0.000149999
             180	        0.140608	        0.140601	     0.000149165
             181	        0.138247	        0.140588	     0.000148907
             182	        0.142945	          0.1406	     0.000148651
             183	        0.137802	        0.140585	     0.000148623
             184	        0.144312	        0.140605	     0.000149189
             185	        0.138462	        0.140594	     0.000148832
             186	        0.139413	        0.140588	     0.000148167
             187	        0.143985	        0.140606	     0.000148485
             188	        0.137061	        0.140587	     0.000148887
             189	        0.141204	         0.14059	     0.000148135
             190	        0.140379	        0.140589	     0.000147359
             191	         0.14386	        0.140606	      0.00014758
             192	        0.135614	         0.14058	     0.000149084
             193	        0.145908	        0.140608	     0.000150845
             194	        0.140166	        0.140605	     0.000150085
             195	        0.141854	        0.140612	     0.000149451
             196	        0.143314	        0.140626	     0.000149323
             197	        0.138591	        0.140615	     0.000148922
             198	        0.139871	        0.140612	     0.000148217
             199	        0.140245	         0.14061	     0.000147484
             200	        0.144326	        0.140628	     0.000147912
             201	        0.141872	        0.140634	     0.000147306
             202	        0.138714	        0.140625	     0.000146883
             203	        0.141013	        0.140627	     0.000146172
             204	        0.138564	        0.140617	     0.000145805
             205	        0.139273	         0.14061	     0.000145241
             206	        0.141962	        0.140617	     0.000144684
             207	        0.141817	        0.140623	     0.000144101
             208	        0.141407	        0.140626	     0.000143458
             209	        0.142702	        0.140636	     0.000143115
             210	        0.139869	        0.140633	      0.00014248
             211	         0.13911	        0.140625	     0.000141988
             212	        0.140752	        0.140626	     0.000141319
             213	        0.139108	        0.140619	     0.000140835
             214	        0.139246	        0.140612	     0.000140323
             215	        0.140421	        0.140612	     0.000139673
             216	        0.137981	        0.140599	     0.000139557
             217	        0.144019	        0.140615	       0.0001398
             218	        0.143047	        0.140626	     0.000139603
             219	        0.139298	         0.14062	     0.000139097
             220	        0.140051	        0.140618	     0.000138489
             221	        0.141928	        0.140624	     0.000137989
             222	         0.13853	        0.140614	      0.00013769
             223	         0.13875	        0.140606	     0.000137325
             224	         0.13949	        0.140601	     0.000136803
             225	         0.14055	        0.140601	     0.000136195
             226	        0.138059	        0.140589	     0.000136056
             227	        0.138184	        0.140579	     0.000135868
             228	        0.141105	        0.140581	     0.000135292
             229	        0.142797	        0.140591	     0.000135047
             230	        0.137538	        0.140577	      0.00013511
             231	        0.139714	        0.140574	     0.000134577
             232	        0.139293	        0.140568	      0.00013411
             233	        0.134953	        0.140544	     0.000135683
             234	        0.144028	        0.140559	     0.000135917
             235	        0.141224	        0.140562	     0.000135368
             236	        0.142312	        0.140569	     0.000134998
             237	        0.140557	        0.140569	     0.000134428
             238	        0.139916	        0.140566	     0.000133892
             239	        0.135524	        0.140545	     0.000134983
             240	        0.140573	        0.140545	     0.000134421
             241	         0.13797	        0.140535	     0.000134287
             242	        0.138134	        0.140525	     0.000134098
             243	        0.144674	        0.140542	     0.000134629
             244	        0.141342	        0.140545	     0.000134117
             245	        0.143495	        0.140557	     0.000134109
             246	        0.139913	        0.140555	      0.00013359
             247	        0.140144	        0.140553	     0.000133059
             248	        0.140023	        0.140551	      0.00013254
             249	        0.144239	        0.140566	     0.000132833
             250	        0.142126	        0.140572	     0.000132448
             251	        0.142391	        0.140579	     0.000132118
             252	        0.139656	        0.140575	     0.000131645
             253	        0.139802	        0.140572	      0.00013116
             254	        0.140034	         0.14057	     0.000130661
             255	        0.141789	        0.140575	     0.000130236
             256	        0.138751	        0.140568	     0.000129922
             257	        0.140315	        0.140567	      0.00012942
             258	        0.138992	        0.140561	     0.000129062
             259	        0.141747	        0.140565	     0.000128645
             260	        0.137347	        0.140553	     0.000128745
             261	        0.141373	        0.140556	      0.00012829
             262	        0.143219	        0.140566	     0.000128202
             263	        0.141553	         0.14057	     0.000127769
             264	        0.139256	        0.140565	     0.000127382
             265	        0.143337	        0.140576	      0.00012733
             266	        0.141342	        0.140578	     0.000126884
             267	        0.139306	        0.140574	     0.000126499
             268	        0.140357	        0.140573	     0.000126029
             269	         0.14102	        0.140575	     0.000125572
             270	        0.141208	        0.140577	     0.000125128
             271	         0.14356	        0.140588	      0.00012515
             272	         0.13733	        0.140576	     0.000125262
             273	        0.142226	        0.140582	     0.000124949
             274	        0.138131	        0.140573	     0.000124812
             275	        0.140837	        0.140574	     0.000124362
             276	          0.1399	        0.140572	     0.000123936
             277	        0.138397	        0.140564	     0.000123737
             278	        0.139981	        0.140562	     0.000123309
             279	        0.141588	        0.140565	     0.000122922
             280	        0.137521	        0.140554	     0.000122963
             281	        0.137528	        0.140544	     0.000122996
             282	        0.142001	        0.140549	     0.000122669
             283	        0.141402	        0.140552	     0.000122272
             284	        0.137844	        0.140542	     0.000122213
             285	        0.137478	        0.140532	     0.000122256
             286	        0.140038	         0.14053	     0.000121841
             287	        0.140989	        0.140531	     0.000121427
             288	        0.140024	         0.14053	     0.000121018
             289	        0.139131	        0.140525	     0.000120696
             290	        0.144861	         0.14054	     0.000121202
             291	        0.140533	         0.14054	     0.000120786
             292	        0.139046	        0.140535	      0.00012048
             293	        0.139751	        0.140532	     0.000120099
             294	        0.141297	        0.140535	     0.000119719
             295	        0.138934	        0.140529	     0.000119436
             296	        0.138537	        0.140522	     0.000119222
             297	        0.140221	        0.140521	     0.000118825
             298	        0.138692	        0.140515	     0.000118584
             299	        0.143122	        0.140524	     0.000118508
             300	        0.141728	        0.140528	     0.000118181
             301	        0.140672	        0.140528	     0.000117789
             302	        0.141609	        0.140532	     0.000117454
             303	        0.141098	        0.140534	     0.000117081
             304	        0.143469	        0.140544	     0.000117093
             305	        0.139743	        0.140541	     0.000116738
             306	         0.13929	        0.140537	     0.000116428
             307	         0.13806	        0.140529	     0.000116328
             308	        0.141925	        0.140533	     0.000116039
             309	        0.142226	        0.140539	     0.000115793
             310	        0.144377	        0.140551	     0.000116079
             311	        0.139719	        0.140548	     0.000115737
             312	        0.142052	        0.140553	     0.000115466
             313	        0.144456	        0.140566	     0.000115768
             314	        0.133979	        0.140545	     0.000117285
             315	        0.142304	         0.14055	     0.000117045
             316	        0.142319	        0.140556	     0.000116809
             317	         0.14229	        0.140561	     0.000116568
             318	        0.138177	        0.140554	     0.000116443
             319	         0.13791	        0.140546	     0.000116372
             320	        0.135861	        0.140531	     0.000116926
             321	        0.146076	        0.140548	      0.00011783
             322	        0.140631	        0.140549	     0.000117465
             323	        0.138685	        0.140543	     0.000117243
             324	        0.142571	        0.140549	     0.000117048
             325	        0.140853	         0.14055	     0.000116691
             326	         0.14121	        0.140552	     0.000116351
             327	        0.140227	        0.140551	     0.000115999
             328	        0.142619	        0.140557	     0.000115817
             329	        0.139841	        0.140555	     0.000115485
             330	        0.143488	        0.140564	     0.000115477
             331	        0.137826	        0.140556	     0.000115424
             332	        0.137871	        0.140548	     0.000115359
             333	        0.140527	        0.140548	     0.000115013
             334	        0.139197	        0.140544	     0.000114739
             335	        0.139748	        0.140541	     0.000114421
             336	        0.140154	         0.14054	     0.000114087
             337	        0.138486	        0.140534	     0.000113911
             338	        0.139063	         0.14053	     0.000113657
             339	        0.137753	        0.140521	     0.000113616
             340	        0.143406	         0.14053	     0.000113599
             341	        0.139689	        0.140527	     0.000113292
             342	        0.137755	        0.140519	     0.000113251
             343	         0.13538	        0.140504	     0.000113907
             344	        0.140056	        0.140503	     0.000113584
             345	        0.136905	        0.140493	     0.000113732
             346	        0.139775	        0.140491	     0.000113422
             347	        0.139966	        0.140489	     0.000113106
             348	        0.141304	        0.140491	     0.000112805
             349	        0.143542	          0.1405	      0.00011282
             350	        0.140029	        0.140499	     0.000112506
             351	        0.142645	        0.140505	     0.000112351
             352	        0.142314	         0.14051	     0.000112149
             353	        0.145249	        0.140523	     0.000112633
             354	        0.145656	        0.140538	     0.000113244
             355	         0.14076	        0.140539	     0.000112926
             356	        0.140344	        0.140538	      0.00011261
             357	         0.14145	        0.140541	     0.000112324
             358	        0.140126	        0.140539	     0.000112016
             359	        0.137191	         0.14053	     0.000112092
             360	        0.138569	        0.140525	     0.000111913
             361	         0.13894	         0.14052	     0.000111689
             362	        0.139013	        0.140516	     0.000111458
             363	        0.140058	        0.140515	     0.000111158
             364	        0.140451	        0.140515	     0.000110853
             365	        0.139971	        0.140513	     0.000110559
             366	        0.137141	        0.140504	      0.00011064
             367	        0.142982	        0.140511	     0.000110544
             368	        0.141185	        0.140513	     0.000110259
             369	         0.14017	        0.140512	     0.000109964
             370	        0.140606	        0.140512	     0.000109667
             371	        0.140012	        0.140511	      0.00010938
             372	        0.137774	        0.140503	     0.000109333
             373	        0.136378	        0.140492	     0.000109598
             374	        0.141999	        0.140496	     0.000109379
             375	        0.140155	        0.140495	     0.000109091
             376	        0.140733	        0.140496	     0.000108803
             377	        0.140673	        0.140496	     0.000108515
             378	        0.142829	        0.140502	     0.000108403
             379	        0.141501	        0.140505	     0.000108149
             380	        0.136342	        0.140494	     0.000108418
             381	        0.144858	        0.140506	     0.000108737
             382	        0.144978	        0.140517	     0.000109081
             383	        0.141834	        0.140521	      0.00010885
             384	          0.1406	        0.140521	     0.000108567
             385	        0.141148	        0.140523	     0.000108297
             386	        0.143855	        0.140531	      0.00010836
             387	        0.140014	         0.14053	     0.000108088
             388	        0.138792	        0.140525	     0.000107902
             389	        0.141911	        0.140529	     0.000107684
             390	        0.140266	        0.140528	      0.00010741
             391	        0.143742	        0.140537	     0.000107449
             392	        0.142259	        0.140541	     0.000107265
             393	        0.139106	        0.140537	     0.000107054
             394	        0.140038	        0.140536	      0.00010679
             395	        0.141989	         0.14054	     0.000106583
             396	        0.141367	        0.140542	     0.000106334
             397	        0.143085	        0.140548	     0.000106259
             398	        0.140933	        0.140549	     0.000105996
             399	        0.139932	        0.140548	     0.000105742
             400	        0.138673	        0.140543	     0.000105582
             401	         0.14038	        0.140542	     0.000105319
             402	        0.139852	        0.140541	     0.000105071
             403	        0.144079	         0.14055	     0.000105176
             404	        0.140432	        0.140549	     0.000104917
             405	        0.140392	        0.140549	     0.000104658
             406	        0.137802	        0.140542	     0.000104619
             407	         0.14171	        0.140545	     0.000104401
             408	        0.136566	        0.140535	       0.0001046
             409	        0.140384	        0.140535	     0.000104345
             410	        0.138207	        0.140529	     0.000104245
             411	        0.144972	         0.14054	      0.00010455
             412	        0.138661	        0.140535	     0.000104396
             413	        0.137402	        0.140528	     0.000104418
             414	        0.139291	        0.140525	     0.000104209
             415	        0.138345	         0.14052	      0.00010409
             416	        0.139202	        0.140516	     0.000103888
             417	        0.137962	         0.14051	     0.000103819
             418	        0.137323	        0.140503	      0.00010385
             419	        0.144508	        0.140512	     0.000104041
             420	        0.139116	        0.140509	     0.000103847
             421	        0.138776	        0.140505	     0.000103682
             422	        0.142445	        0.140509	     0.000103538
             423	        0.144629	        0.140519	      0.00010375
             424	        0.141239	        0.140521	     0.000103519
             425	        0.145295	        0.140532	     0.000103883
             426	        0.141666	        0.140535	     0.000103674
             427	         0.13807	        0.140529	     0.000103591
             428	        0.138438	        0.140524	     0.000103464
             429	         0.13527	        0.140512	     0.000103946
             430	        0.143627	        0.140519	     0.000103956
             431	        0.140537	        0.140519	     0.000103715
             432	        0.139604	        0.140517	     0.000103496
             433	         0.14349	        0.140524	     0.000103485
             434	        0.139781	        0.140522	      0.00010326
             435	        0.142547	        0.140527	     0.000103128
             436	        0.139897	        0.140525	     0.000102902
             437	        0.138516	        0.140521	     0.000102769
             438	        0.141474	        0.140523	     0.000102557
             439	        0.143386	        0.140529	     0.000102531
             440	        0.138263	        0.140524	     0.000102427
             441	        0.137008	        0.140516	     0.000102505
             442	        0.142511	        0.140521	     0.000102372
             443	        0.140437	        0.140521	     0.000102141
             444	        0.141924	        0.140524	      0.00010196
             445	        0.139444	        0.140521	      0.00010176
             446	        0.141794	        0.140524	     0.000101571
             447	        0.141989	        0.140528	     0.000101397
             448	          0.1419	        0.140531	     0.000101217
             449	        0.144208	        0.140539	     0.000101322
             450	        0.142534	        0.140543	     0.000101194
             451	        0.142129	        0.140547	     0.000101031
             452	        0.144361	        0.140555	     0.000101159
             453	        0.139624	        0.140553	     0.000100957
             454	        0.141957	        0.140556	     0.000100782
             455	         0.14256	        0.140561	     0.000100656
             456	        0.142153	        0.140564	     0.000100496
             457	        0.139438	        0.140562	     0.000100306
             458	        0.142974	        0.140567	     0.000100226
             459	        0.139533	        0.140565	     0.000100033
             460	        0.141281	        0.140566	     9.98273e-05
             461	        0.145464	        0.140577	     0.000100174
             462	        0.140038	        0.140576	     9.99644e-05
             463	        0.142203	        0.140579	     9.98103e-05
             464	        0.140471	        0.140579	     9.95955e-05
             465	        0.140605	        0.140579	     9.93813e-05
             466	         0.14163	        0.140581	     9.91936e-05
             467	        0.143914	        0.140588	     9.92377e-05
             468	        0.142197	        0.140592	     9.90851e-05
             469	         0.14033	        0.140591	     9.88754e-05
             470	        0.140317	        0.140591	     9.86667e-05
             471	        0.140634	        0.140591	     9.84573e-05
             472	        0.142552	        0.140595	     9.83363e-05
             473	        0.141689	        0.140597	     9.81557e-05
             474	        0.135983	        0.140588	     9.84302e-05
             475	        0.138944	        0.140584	     9.82838e-05
             476	        0.137439	        0.140577	     9.82991e-05
             477	        0.141816	         0.14058	     9.81272e-05
             478	        0.141158	        0.140581	     9.79294e-05
             479	        0.142752	        0.140586	     9.78297e-05
             480	         0.13822	        0.140581	       9.775e-05
             481	        0.138637	        0.140577	     9.76302e-05
             482	        0.137734	        0.140571	     9.76056e-05
             483	        0.140747	        0.140571	     9.74042e-05
             484	        0.137975	        0.140566	     9.73506e-05
             485	        0.136675	        0.140558	     9.74798e-05
             486	        0.136087	        0.140549	     9.77124e-05
             487	        0.140931	        0.140549	     9.75149e-05
             488	        0.142453	        0.140553	     9.73931e-05
             489	         0.14174	        0.140556	     9.72242e-05
             490	        0.142301	        0.140559	      9.7091e-05
             491	        0.141151	        0.140561	     9.69007e-05
             492	        0.136977	        0.140553	     9.69772e-05
             493	         0.13961	        0.140551	     9.67993e-05
             494	        0.141234	        0.140553	     9.66132e-05
             495	        0.142744	        0.140557	     9.65194e-05
             496	        0.142761	        0.140562	     9.64271e-05
             497	        0.139521	         0.14056	     9.62558e-05
             498	        0.141907	        0.140562	     9.61005e-05
             499	        0.141094	        0.140563	     9.59138e-05
             500	        0.142616	        0.140567	     9.58098e-05
