#     BLOCK:   ACTUAL_CV:    CV_AVE:      ERROR:
               1	          0.4287	          0.4287	               0
               2	        0.455385	        0.442043	      0.00943445
               3	        0.397224	        0.427103	       0.0137241
               4	        0.438518	        0.429957	       0.0105856
               5	        0.442736	        0.432513	      0.00877158
               6	        0.423732	        0.431049	      0.00743073
               7	        0.429296	        0.430799	      0.00637342
               8	        0.423899	        0.429936	       0.0056348
               9	         0.43205	        0.430171	       0.0050136
              10	        0.439478	        0.431102	      0.00459783
              11	        0.434627	        0.431422	        0.004191
              12	         0.40961	        0.429605	      0.00421755
              13	        0.434619	         0.42999	      0.00391073
              14	        0.435549	        0.430387	      0.00365149
              15	        0.445723	         0.43141	       0.0035483
              16	        0.434629	        0.431611	      0.00333223
              17	        0.449708	        0.432675	      0.00330188
              18	        0.449011	        0.433583	      0.00324076
              19	        0.426019	        0.433185	      0.00309455
              20	          0.4213	        0.432591	      0.00299633
              21	        0.459307	        0.433863	      0.00311203
              22	        0.435738	        0.433948	      0.00297174
              23	         0.44285	        0.434335	      0.00286763
              24	        0.445232	        0.434789	      0.00278386
              25	         0.43085	        0.434632	      0.00267696
              26	        0.438276	        0.434772	      0.00257767
              27	        0.445305	        0.435162	      0.00251155
              28	        0.449173	        0.435662	      0.00247119
              29	         0.42946	        0.435448	      0.00239522
              30	        0.432858	        0.435362	      0.00231693
              31	         0.43761	        0.435435	      0.00224333
              32	        0.449272	        0.435867	      0.00221451
              33	        0.441934	        0.436051	      0.00215502
              34	        0.427609	        0.435803	      0.00210589
              35	        0.422639	        0.435426	      0.00207904
              36	         0.47467	        0.436517	      0.00228931
              37	        0.413347	         0.43589	      0.00231149
              38	        0.430173	         0.43574	      0.00225556
              39	        0.461935	        0.436412	      0.00229555
              40	        0.445197	        0.436631	      0.00224864
              41	        0.432494	         0.43653	      0.00219606
              42	        0.431496	         0.43641	      0.00214704
              43	        0.442629	        0.436555	      0.00210197
              44	        0.431824	        0.436448	      0.00205695
              45	        0.460851	         0.43699	       0.0020815
              46	        0.439926	        0.437054	      0.00203723
              47	        0.442403	        0.437167	      0.00199706
              48	        0.441286	        0.437253	       0.0019573
              49	        0.425661	        0.437017	       0.0019316
              50	         0.44754	        0.437227	       0.0019044
              51	        0.442852	        0.437337	      0.00187025
              52	        0.440612	          0.4374	      0.00183534
              53	          0.4211	        0.437093	       0.0018263
              54	        0.428323	         0.43693	      0.00179968
              55	        0.426656	        0.436744	      0.00177663
              56	        0.415489	        0.436364	      0.00178499
              57	        0.447621	        0.436562	      0.00176456
              58	        0.437439	        0.436577	       0.0017342
              59	        0.449177	         0.43679	      0.00171791
              60	        0.439706	        0.436839	      0.00168996
              61	        0.431882	        0.436758	      0.00166421
              62	        0.433074	        0.436698	      0.00163843
              63	         0.41567	        0.436364	      0.00164607
              64	        0.442368	        0.436458	      0.00162302
              65	        0.442838	        0.436556	      0.00160102
              66	        0.433316	        0.436507	      0.00157751
              67	        0.432018	         0.43644	      0.00155539
              68	        0.430442	        0.436352	      0.00153502
              69	        0.440552	        0.436413	      0.00151398
              70	        0.439412	        0.436456	      0.00149295
              71	        0.426083	         0.43631	      0.00147906
              72	        0.437487	        0.436326	       0.0014586
              73	        0.455361	        0.436587	      0.00146174
              74	        0.430401	        0.436503	      0.00144438
              75	        0.422589	        0.436318	      0.00143699
              76	        0.437647	        0.436335	      0.00141818
              77	         0.45466	        0.436573	      0.00141959
              78	        0.435866	        0.436564	      0.00140142
              79	        0.464089	        0.436913	      0.00142634
              80	        0.444479	        0.437007	      0.00141164
              81	         0.42671	         0.43688	      0.00139992
              82	         0.42516	        0.436737	      0.00139013
              83	        0.442229	        0.436803	      0.00137495
              84	        0.434371	        0.436774	      0.00135889
              85	        0.429139	        0.436684	      0.00134587
              86	          0.4467	        0.436801	      0.00133525
              87	        0.444752	        0.436892	      0.00132303
              88	        0.432479	        0.436842	      0.00130894
              89	        0.432751	        0.436796	      0.00129504
              90	        0.418894	        0.436597	      0.00129584
              91	        0.417182	        0.436384	      0.00129904
              92	        0.422953	        0.436238	       0.0012931
              93	        0.429493	        0.436165	      0.00128123
              94	        0.432192	        0.436123	      0.00126829
              95	        0.417743	         0.43593	      0.00126962
              96	          0.4306	        0.435874	       0.0012576
              97	        0.428196	        0.435795	      0.00124713
              98	        0.448611	        0.435926	      0.00124124
              99	        0.438263	        0.435949	      0.00122893
             100	        0.421383	        0.435804	      0.00122524
             101	        0.451633	         0.43596	      0.00122309
             102	         0.42542	        0.435857	      0.00121546
             103	        0.442325	         0.43592	      0.00120528
             104	        0.446736	        0.436024	      0.00119817
             105	        0.450746	        0.436164	      0.00119493
             106	        0.438057	        0.436182	      0.00118379
             107	        0.436582	        0.436186	      0.00117273
             108	        0.437574	        0.436199	      0.00116195
             109	        0.433848	        0.436177	      0.00115149
             110	        0.437344	        0.436188	      0.00114107
             111	        0.424008	        0.436078	      0.00113605
             112	        0.422319	        0.435955	      0.00113253
             113	        0.431967	         0.43592	      0.00112306
             114	        0.434858	         0.43591	      0.00111324
             115	         0.43693	        0.435919	       0.0011036
             116	        0.426928	        0.435842	       0.0010968
             117	        0.453884	        0.435996	      0.00109822
             118	        0.432922	         0.43597	      0.00108922
             119	        0.425835	        0.435885	      0.00108339
             120	        0.428434	        0.435823	      0.00107614
             121	        0.452959	        0.435964	      0.00107652
             122	        0.449757	        0.436077	      0.00107362
             123	        0.433426	        0.436056	      0.00106511
             124	         0.44855	        0.436157	      0.00106127
             125	        0.464669	        0.436385	      0.00107702
             126	        0.434737	        0.436372	      0.00106855
             127	        0.465551	        0.436601	      0.00108456
             128	        0.445888	        0.436674	      0.00107851
             129	        0.439181	        0.436693	      0.00107032
             130	        0.428281	        0.436629	      0.00106404
             131	        0.437472	        0.436635	      0.00105594
             132	        0.421476	         0.43652	      0.00105417
             133	        0.432773	        0.436492	      0.00104662
             134	        0.455637	        0.436635	      0.00104851
             135	        0.434322	        0.436618	      0.00104089
             136	        0.431817	        0.436582	      0.00103383
             137	        0.434961	        0.436571	      0.00102635
             138	        0.426509	        0.436498	       0.0010215
             139	        0.445144	         0.43656	      0.00101604
             140	        0.433063	        0.436535	      0.00100909
             141	        0.403039	        0.436297	      0.00102952
             142	         0.46789	         0.43652	      0.00104603
             143	        0.429866	        0.436473	      0.00103975
             144	        0.452282	        0.436583	      0.00103831
             145	        0.425452	        0.436506	      0.00103399
             146	        0.440626	        0.436535	      0.00102729
             147	        0.449944	        0.436626	      0.00102434
             148	        0.439479	        0.436645	       0.0010176
             149	        0.429374	        0.436596	      0.00101194
             150	        0.430521	        0.436556	      0.00100601
             151	        0.427429	        0.436495	      0.00100116
             152	         0.43705	        0.436499	     0.000994578
             153	        0.429077	         0.43645	      0.00098926
             154	        0.454767	        0.436569	     0.000989961
             155	        0.434437	        0.436556	     0.000983669
             156	        0.432542	         0.43653	       0.0009777
             157	        0.440937	        0.436558	     0.000971876
             158	        0.447982	         0.43663	      0.00096841
             159	        0.429502	        0.436585	     0.000963357
             160	        0.453368	         0.43669	     0.000963029
             161	        0.438423	        0.436701	     0.000957108
             162	        0.449706	        0.436781	     0.000954561
             163	        0.444341	        0.436828	      0.00094983
             164	        0.450616	        0.436912	     0.000947753
             165	        0.442859	        0.436948	     0.000942694
             166	        0.447184	         0.43701	     0.000939029
             167	        0.437237	        0.437011	     0.000933407
             168	        0.453056	        0.437106	     0.000932724
             169	        0.448352	        0.437173	     0.000929576
             170	        0.441635	        0.437199	     0.000924478
             171	        0.427533	        0.437143	     0.000920798
             172	        0.418411	        0.437034	     0.000921862
             173	         0.42015	        0.436936	     0.000921685
             174	        0.426043	        0.436874	     0.000918512
             175	        0.451815	        0.436959	     0.000917223
             176	        0.420604	        0.436866	     0.000916707
             177	        0.456999	         0.43698	     0.000918557
             178	        0.439365	        0.436993	     0.000913494
             179	        0.431168	        0.436961	     0.000908971
             180	        0.429427	        0.436919	     0.000904884
             181	        0.437498	        0.436922	      0.00089989
             182	        0.445914	        0.436971	     0.000896301
             183	        0.443669	        0.437008	      0.00089215
             184	         0.43116	        0.436976	     0.000887867
             185	        0.427846	        0.436927	     0.000884439
             186	        0.408788	        0.436776	     0.000892528
             187	        0.457533	        0.436887	     0.000894631
             188	        0.449792	        0.436955	     0.000892502
             189	        0.437684	        0.436959	     0.000887788
             190	          0.4285	        0.436915	     0.000884231
             191	        0.418934	         0.43682	     0.000884599
             192	        0.454879	        0.436914	     0.000884978
             193	        0.453304	        0.436999	     0.000884458
             194	         0.44432	        0.437037	     0.000880703
             195	        0.440173	        0.437053	     0.000876333
             196	        0.440926	        0.437073	     0.000872085
             197	         0.44538	        0.437115	     0.000868677
             198	        0.453426	        0.437198	     0.000868187
             199	        0.436392	        0.437193	     0.000863834
             200	        0.431434	        0.437165	     0.000859994
             201	        0.427627	        0.437117	     0.000857024
             202	        0.437141	        0.437117	     0.000852781
             203	        0.442307	        0.437143	     0.000848964
             204	        0.448455	        0.437198	     0.000846611
             205	         0.44244	        0.437224	     0.000842867
             206	        0.446007	        0.437267	     0.000839853
             207	        0.438472	        0.437272	     0.000835816
             208	        0.460669	        0.437385	     0.000839333
             209	        0.421154	        0.437307	     0.000838902
             210	        0.433845	        0.437291	     0.000835069
             211	         0.43501	         0.43728	     0.000831182
             212	        0.425084	        0.437222	      0.00082925
             213	        0.440089	        0.437236	     0.000825466
             214	        0.419942	        0.437155	     0.000825555
             215	        0.422163	        0.437085	     0.000824655
             216	        0.444406	        0.437119	     0.000821533
             217	        0.445809	        0.437159	     0.000818723
             218	        0.446432	        0.437202	     0.000816071
             219	        0.424791	        0.437145	      0.00081431
             220	        0.434362	        0.437132	     0.000810707
             221	        0.443198	         0.43716	     0.000807503
             222	        0.426717	        0.437113	     0.000805234
             223	        0.426409	        0.437065	     0.000803053
             224	        0.445541	        0.437103	     0.000800359
             225	        0.445489	         0.43714	     0.000797669
             226	        0.435944	        0.437135	     0.000794157
             227	        0.464337	        0.437255	     0.000799648
             228	        0.431453	        0.437229	     0.000796546
             229	        0.437539	         0.43723	     0.000793069
             230	        0.449134	        0.437282	     0.000791307
             231	        0.420363	        0.437209	     0.000791264
             232	        0.437496	         0.43721	     0.000787855
             233	        0.451345	        0.437271	     0.000786806
             234	        0.440017	        0.437283	     0.000783531
             235	        0.446894	        0.437323	     0.000781263
             236	        0.438847	         0.43733	     0.000777979
             237	        0.438269	        0.437334	     0.000774707
             238	        0.441234	         0.43735	     0.000771625
             239	        0.435101	        0.437341	     0.000768454
             240	        0.437459	        0.437341	     0.000765252
             241	        0.416955	        0.437257	     0.000766738
             242	        0.431691	        0.437234	     0.000763915
             243	        0.424894	        0.437183	     0.000762457
             244	        0.420006	        0.437113	     0.000762575
             245	        0.430507	        0.437086	     0.000759939
             246	        0.420798	        0.437019	     0.000759728
             247	        0.449592	         0.43707	     0.000758356
             248	        0.430032	        0.437042	     0.000755829
             249	        0.457779	        0.437125	     0.000757368
             250	        0.442382	        0.437146	      0.00075463
             251	        0.440298	        0.437159	     0.000751728
             252	         0.42965	        0.437129	     0.000749335
             253	        0.424483	        0.437079	     0.000748039
             254	        0.434967	        0.437071	      0.00074514
             255	        0.439207	        0.437079	     0.000742265
             256	        0.439376	        0.437088	      0.00073942
             257	        0.456044	        0.437162	     0.000740212
             258	        0.450078	        0.437212	     0.000739034
             259	        0.430789	        0.437187	     0.000736597
             260	        0.436269	        0.437184	     0.000733772
             261	        0.424791	        0.437136	     0.000732495
             262	        0.442677	        0.437157	     0.000730005
             263	        0.423827	        0.437107	     0.000728986
             264	        0.414293	         0.43702	     0.000731329
             265	         0.45145	        0.437075	     0.000730594
             266	         0.43259	        0.437058	     0.000728042
             267	        0.430886	        0.437035	     0.000725682
             268	        0.418561	        0.436966	     0.000726241
             269	        0.431833	        0.436947	     0.000723792
             270	        0.428664	        0.436916	     0.000721761
             271	        0.438691	        0.436922	     0.000719127
             272	        0.432903	        0.436908	     0.000716635
             273	        0.439573	        0.436917	     0.000714077
             274	        0.450636	        0.436968	     0.000713223
             275	        0.419483	        0.436904	     0.000713458
             276	        0.441282	         0.43692	     0.000711049
             277	         0.44926	        0.436964	     0.000709877
             278	        0.425691	        0.436924	      0.00070848
             279	        0.421825	         0.43687	     0.000708005
             280	        0.437561	        0.436872	     0.000705481
             281	        0.427808	         0.43684	     0.000703707
             282	        0.456174	        0.436908	     0.000704544
             283	        0.444452	        0.436935	     0.000702558
             284	         0.43479	        0.436928	     0.000700125
             285	        0.430478	        0.436905	     0.000698034
             286	        0.440521	        0.436918	     0.000695708
             287	         0.43004	        0.436894	     0.000693696
             288	        0.425653	        0.436855	     0.000692385
             289	        0.419237	        0.436794	     0.000692667
             290	         0.43204	        0.436777	     0.000690473
             291	        0.438762	        0.436784	     0.000688134
             292	        0.452259	        0.436837	     0.000687815
             293	        0.436874	        0.436837	     0.000685467
             294	        0.436737	        0.436837	     0.000683136
             295	        0.455393	          0.4369	      0.00068371
             296	        0.441003	        0.436914	     0.000681541
             297	        0.448057	        0.436951	     0.000680278
             298	        0.430122	        0.436928	     0.000678381
             299	        0.433667	        0.436917	       0.0006762
             300	        0.429464	        0.436892	     0.000674402
             301	        0.407474	        0.436795	     0.000679207
             302	        0.455129	        0.436855	     0.000679665
             303	        0.427724	        0.436825	      0.00067809
             304	        0.453822	        0.436881	     0.000678161
             305	        0.425353	        0.436843	      0.00067699
             306	        0.438163	        0.436848	     0.000674791
             307	        0.410985	        0.436763	     0.000677831
             308	        0.449136	        0.436804	      0.00067682
             309	         0.42631	         0.43677	     0.000675481
             310	        0.439541	        0.436779	     0.000673361
             311	        0.425222	        0.436741	      0.00067222
             312	        0.448989	        0.436781	     0.000671211
             313	        0.447354	        0.436814	     0.000669916
             314	        0.444694	         0.43684	     0.000668253
             315	        0.426422	        0.436806	     0.000666949
             316	        0.435269	        0.436802	     0.000664856
             317	        0.439475	         0.43681	     0.000662812
             318	        0.425036	        0.436773	     0.000661761
             319	        0.425487	        0.436738	     0.000660632
             320	        0.440553	         0.43675	     0.000658675
             321	        0.443675	        0.436771	     0.000656976
             322	        0.429864	         0.43675	     0.000655286
             323	        0.428456	        0.436724	      0.00065376
             324	        0.435414	         0.43672	     0.000651755
             325	        0.455779	        0.436779	     0.000652382
             326	         0.43848	        0.436784	     0.000650402
             327	        0.417356	        0.436724	     0.000651121
             328	        0.454242	        0.436778	     0.000651322
             329	        0.435424	        0.436774	     0.000649356
             330	         0.42226	         0.43673	     0.000648876
             331	        0.446615	         0.43676	     0.000647602
             332	        0.420978	        0.436712	     0.000647394
             333	        0.425625	        0.436679	     0.000646305
             334	        0.449474	        0.436717	     0.000645505
             335	         0.41888	        0.436664	      0.00064577
             336	        0.440585	        0.436676	     0.000643953
             337	        0.443056	        0.436694	     0.000642321
             338	        0.418325	         0.43664	     0.000642715
             339	        0.443928	        0.436662	     0.000641179
             340	        0.435796	        0.436659	     0.000639298
             341	        0.428187	        0.436634	     0.000637906
             342	        0.421067	        0.436589	     0.000637663
             343	        0.430534	        0.436571	     0.000636048
             344	        0.439275	        0.436579	     0.000634247
             345	        0.433477	         0.43657	     0.000632473
             346	         0.43504	        0.436565	      0.00063066
             347	        0.453588	        0.436615	     0.000630748
             348	        0.464878	        0.436696	     0.000634143
             349	        0.458115	        0.436757	     0.000635289
             350	        0.451481	        0.436799	     0.000634865
             351	        0.428462	        0.436775	       0.0006335
             352	        0.402982	        0.436679	     0.000638933
             353	        0.443075	        0.436698	      0.00063738
             354	        0.425363	        0.436666	     0.000636384
             355	        0.447411	        0.436696	      0.00063531
             356	        0.436944	        0.436697	     0.000633526
             357	        0.453222	        0.436743	      0.00063344
             358	        0.439731	        0.436751	     0.000631726
             359	        0.441712	        0.436765	     0.000630117
             360	         0.42387	        0.436729	     0.000629384
             361	        0.431979	        0.436716	     0.000627778
             362	        0.441523	        0.436729	     0.000626185
             363	        0.427795	        0.436705	     0.000624943
             364	        0.429979	        0.436686	     0.000623499
             365	        0.433667	        0.436678	     0.000621846
             366	        0.411472	        0.436609	     0.000623949
             367	        0.449414	        0.436644	     0.000623224
             368	        0.431497	         0.43663	     0.000621687
             369	        0.452479	        0.436673	     0.000621484
             370	         0.44462	        0.436694	     0.000620175
             371	        0.442773	        0.436711	      0.00061872
             372	        0.430065	        0.436693	     0.000617315
             373	        0.429696	        0.436674	     0.000615945
             374	        0.457263	        0.436729	     0.000616753
             375	        0.459252	        0.436789	     0.000618026
             376	        0.438621	        0.436794	     0.000616401
             377	         0.45737	        0.436849	     0.000617178
             378	         0.43912	        0.436855	     0.000615575
             379	        0.427405	         0.43683	     0.000614455
             380	        0.445102	        0.436852	     0.000613224
             381	        0.432145	        0.436839	     0.000611738
             382	        0.456341	         0.43689	     0.000612264
             383	        0.446329	        0.436915	     0.000611161
             384	        0.430032	        0.436897	     0.000609832
             385	        0.425364	        0.436867	     0.000608983
             386	        0.429898	        0.436849	     0.000607673
             387	        0.440794	        0.436859	     0.000606188
             388	        0.450187	        0.436893	     0.000605599
             389	        0.411772	        0.436829	     0.000607475
             390	        0.424575	        0.436797	      0.00060673
             391	        0.445067	        0.436819	     0.000605547
             392	        0.432771	        0.436808	      0.00060409
             393	        0.432259	        0.436797	     0.000602664
             394	         0.43114	        0.436782	     0.000601305
             395	         0.43759	        0.436784	     0.000599786
             396	         0.45107	        0.436821	     0.000599355
             397	        0.463822	        0.436889	     0.000601692
             398	        0.431764	        0.436876	     0.000600318
             399	         0.42613	        0.436849	     0.000599417
             400	         0.40874	        0.436778	     0.000602024
             401	        0.426972	        0.436754	     0.000601019
             402	        0.447154	         0.43678	      0.00060008
             403	        0.429139	        0.436761	     0.000598891
             404	         0.44824	        0.436789	     0.000598082
             405	        0.430993	        0.436775	     0.000596777
             406	        0.435499	        0.436772	     0.000595315
             407	        0.469359	        0.436852	     0.000599213
             408	        0.404041	        0.436772	     0.000603116
             409	        0.430678	        0.436757	     0.000601825
             410	        0.419452	        0.436714	     0.000601836
             411	        0.455273	         0.43676	     0.000602063
             412	        0.422392	        0.436725	     0.000601611
             413	        0.432968	        0.436716	     0.000600223
             414	        0.449752	        0.436747	     0.000599598
             415	        0.424227	        0.436717	     0.000598912
             416	        0.439806	        0.436724	     0.000597518
             417	        0.423459	        0.436693	     0.000596932
             418	        0.446654	        0.436716	     0.000595979
             419	        0.425844	         0.43669	     0.000595121
             420	        0.427119	        0.436668	      0.00059414
             421	        0.431651	        0.436656	     0.000592849
             422	        0.424125	        0.436626	     0.000592187
             423	        0.409927	        0.436563	     0.000594141
             424	        0.434981	        0.436559	     0.000592752
             425	        0.416064	        0.436511	     0.000593315
             426	        0.435331	        0.436508	     0.000591929
             427	        0.442364	        0.436522	     0.000590702
             428	        0.437001	        0.436523	     0.000589322
             429	         0.42759	        0.436502	     0.000588316
             430	        0.438551	        0.436507	     0.000586968
             431	        0.432697	        0.436498	     0.000585672
             432	        0.427608	        0.436478	     0.000584678
             433	        0.457685	        0.436527	     0.000585376
             434	        0.438565	        0.436531	     0.000584046
             435	        0.422653	        0.436499	     0.000583574
             436	        0.439129	        0.436505	     0.000582266
             437	        0.427178	        0.436484	     0.000581325
             438	        0.451516	        0.436518	      0.00058101
             439	         0.43376	        0.436512	     0.000579721
             440	        0.446146	        0.436534	     0.000578816
             441	        0.422304	        0.436502	     0.000578403
             442	        0.431798	        0.436491	     0.000577192
             443	         0.44107	        0.436501	     0.000575981
             444	        0.444255	        0.436519	     0.000574949
             445	        0.446387	        0.436541	     0.000574084
             446	        0.445304	        0.436561	     0.000573133
             447	        0.412159	        0.436506	     0.000574445
             448	        0.434748	        0.436502	     0.000573176
             449	        0.445959	        0.436523	     0.000572286
             450	        0.433084	        0.436516	     0.000571066
             451	        0.461365	        0.436571	     0.000572451
             452	        0.420341	        0.436535	      0.00057231
             453	        0.443438	         0.43655	     0.000571249
             454	        0.432341	        0.436541	     0.000570066
             455	        0.423574	        0.436512	     0.000569525
             456	        0.418277	        0.436472	     0.000569679
             457	        0.443534	        0.436488	     0.000568642
             458	        0.444855	        0.436506	     0.000567693
             459	        0.431036	        0.436494	     0.000566582
             460	        0.447825	        0.436519	     0.000565885
             461	        0.422047	        0.436487	     0.000565528
             462	        0.426472	        0.436466	     0.000564719
             463	        0.433452	        0.436459	     0.000563537
             464	        0.437666	        0.436462	     0.000562328
             465	        0.463578	         0.43652	     0.000564134
             466	        0.420106	        0.436485	     0.000564022
             467	         0.42631	        0.436463	     0.000563235
             468	         0.43485	         0.43646	     0.000562042
             469	        0.446714	        0.436481	     0.000561269
             470	        0.423447	        0.436454	      0.00056076
             471	        0.456748	        0.436497	     0.000561222
             472	        0.457687	        0.436542	     0.000561826
             473	        0.441179	        0.436551	     0.000560724
             474	        0.420404	        0.436517	     0.000560574
             475	        0.433092	         0.43651	     0.000559441
             476	        0.438847	        0.436515	     0.000558287
             477	        0.414704	        0.436469	     0.000558986
             478	        0.432985	        0.436462	     0.000557864
             479	        0.439407	        0.436468	     0.000556733
             480	        0.428915	        0.436452	     0.000555796
             481	        0.447686	        0.436476	     0.000555131
             482	        0.432555	        0.436468	     0.000554038
             483	        0.453507	        0.436503	     0.000554013
             484	        0.448429	        0.436528	     0.000553416
             485	        0.436175	        0.436527	     0.000552276
             486	        0.447666	         0.43655	     0.000551615
             487	        0.427479	        0.436531	     0.000550797
             488	        0.440399	        0.436539	     0.000549725
             489	        0.440692	        0.436548	     0.000548666
             490	        0.440019	        0.436555	     0.000547592
             491	        0.443201	        0.436568	     0.000546644
             492	        0.421151	        0.436537	     0.000546431
             493	        0.420837	        0.436505	      0.00054625
             494	        0.429077	         0.43649	     0.000545351
             495	        0.431431	         0.43648	     0.000544345
             496	        0.450768	        0.436509	     0.000544009
             497	        0.421798	        0.436479	     0.000543719
             498	        0.441861	         0.43649	     0.000542735
             499	        0.443324	        0.436503	      0.00054182
             500	        0.432038	        0.436495	      0.00054081
