#     BLOCK:   ACTUAL_CV:    CV_AVE:      ERROR:
           1	    0.160197	    0.160197	           0
           2	    0.171811	    0.166004	  0.00410587
           3	    0.172487	    0.168165	  0.00325659
           4	    0.167434	    0.167982	  0.00244756
           5	    0.169782	    0.168342	  0.00198434
           6	    0.181491	    0.170534	  0.00259553
           7	    0.162266	    0.169353	  0.00247895
           8	    0.179132	    0.170575	  0.00245206
           9	    0.158931	    0.169281	  0.00249772
          10	    0.163354	    0.168689	   0.0023172
          11	    0.164851	     0.16834	  0.00213265
          12	    0.173484	    0.168768	  0.00199754
          13	    0.170516	    0.168903	  0.00184841
          14	     0.16135	    0.168363	  0.00179337
          15	    0.170124	    0.168481	  0.00167765
          16	    0.166511	    0.168358	  0.00157731
          17	    0.164605	    0.168137	  0.00149989
          18	    0.157593	    0.167551	  0.00152667
          19	    0.173039	     0.16784	  0.00147339
          20	    0.172624	    0.168079	    0.001419
          21	    0.168931	     0.16812	  0.00135201
          22	    0.162209	    0.167851	  0.00131698
          23	    0.166309	    0.167784	  0.00126143
          24	    0.166395	    0.167726	   0.0012102
          25	    0.148544	    0.166959	  0.00138381
          26	    0.158069	    0.166617	  0.00137218
          27	    0.187222	     0.16738	  0.00151882
          28	    0.172861	    0.167576	  0.00147714
          29	    0.174877	    0.167828	   0.0014475
          30	    0.159914	    0.167564	  0.00142308
          31	    0.170923	    0.167672	  0.00138129
          32	    0.167682	    0.167672	  0.00133813
          33	    0.165851	    0.167617	  0.00129872
          34	    0.161026	    0.167423	   0.0012749
          35	    0.177839	    0.167721	  0.00127274
          36	    0.184713	    0.168193	  0.00132201
          37	    0.157485	    0.167904	  0.00131758
          38	    0.145267	    0.167308	  0.00141116
          39	    0.177755	    0.167576	  0.00140017
          40	    0.175593	    0.167776	  0.00137944
          41	    0.178683	    0.168042	   0.0013712
          42	    0.166914	    0.168015	  0.00133882
          43	     0.15793	    0.167781	  0.00132807
          44	     0.17407	    0.167924	  0.00130556
          45	    0.182982	    0.168258	  0.00131873
          46	    0.167958	    0.168252	  0.00129008
          47	    0.166429	    0.168213	  0.00126321
          48	    0.167317	    0.168194	  0.00123703
          49	    0.171701	    0.168266	  0.00121386
          50	    0.168915	    0.168279	  0.00118965
          51	    0.170002	    0.168313	   0.0011668
          52	      0.1643	    0.168236	  0.00114691
          53	    0.180302	    0.168463	  0.00114765
          54	    0.180685	     0.16869	   0.0011485
          55	    0.150565	     0.16836	  0.00117394
          56	    0.158814	     0.16819	  0.00116529
          57	    0.154326	    0.167946	  0.00116995
          58	    0.157665	    0.167769	  0.00116313
          59	    0.162873	    0.167686	  0.00114638
          60	    0.155924	     0.16749	  0.00114391
          61	    0.164078	    0.167434	  0.00112652
          62	    0.185495	    0.167725	   0.0011454
          63	    0.158794	    0.167584	  0.00113596
          64	    0.168413	    0.167597	  0.00111828
          65	    0.170234	    0.167637	  0.00110181
          66	    0.160678	    0.167532	  0.00109015
          67	     0.16714	    0.167526	   0.0010739
          68	     0.16459	    0.167483	  0.00105897
          69	    0.164408	    0.167438	  0.00104456
          70	    0.154542	    0.167254	  0.00104576
          71	    0.160332	    0.167156	  0.00103557
          72	    0.170896	    0.167208	  0.00102248
          73	    0.151636	    0.166995	  0.00103049
          74	    0.172872	    0.167074	  0.00101962
          75	    0.156779	    0.166937	  0.00101522
          76	     0.17164	    0.166999	  0.00100375
          77	    0.167181	    0.167001	 0.000990717
          78	    0.171542	     0.16706	 0.000979724
          79	    0.151503	    0.166863	 0.000986915
          80	    0.167339	    0.166869	 0.000974596
          81	    0.168604	     0.16689	   0.0009628
          82	    0.160846	    0.166816	 0.000953875
          83	    0.174577	     0.16691	 0.000946954
          84	    0.165538	    0.166894	 0.000935821
          85	    0.158991	    0.166801	 0.000929418
          86	    0.160077	    0.166722	 0.000921894
          87	    0.169314	    0.166752	 0.000911778
          88	    0.152194	    0.166587	 0.000916304
          89	    0.168852	    0.166612	 0.000906361
          90	    0.157304	    0.166509	 0.000902173
          91	    0.165182	    0.166494	 0.000892376
          92	    0.165278	    0.166481	 0.000882775
          93	    0.167101	    0.166488	 0.000873308
          94	    0.160959	    0.166429	 0.000865995
          95	    0.173759	    0.166506	  0.00086031
          96	    0.166237	    0.166503	 0.000851353
          97	    0.164552	    0.166483	 0.000842814
          98	    0.174431	    0.166564	 0.000838107
          99	    0.162617	    0.166524	 0.000830589
         100	     0.16275	    0.166487	  0.00082314
