#     BLOCK:   ACTUAL_M:     M_AVE:       ERROR:
           1	    -0.18476	    -0.18476	           0
           2	     0.24092	     0.02808	    0.150501
           3	     0.20144	   0.0858667	    0.110874
           4	    -0.05008	     0.05188	   0.0882109
           5	    -0.29012	    -0.01652	   0.0933959
           6	    -0.28908	  -0.0619467	   0.0881881
           7	    -0.09632	  -0.0668571	   0.0757264
           8	    -0.29176	    -0.09497	   0.0712882
           9	     -0.0664	  -0.0917956	   0.0634379
          10	    -0.31432	   -0.114048	    0.060872
          11	      -0.194	   -0.121316	   0.0557704
          12	     0.18728	     -0.0956	    0.056743
          13	     -0.2972	   -0.111108	    0.054456
          14	    -0.44516	   -0.134969	   0.0555484
          15	    -0.11048	   -0.133336	   0.0518692
          16	    -0.04564	   -0.127855	   0.0489161
          17	       0.042	   -0.117864	    0.047048
          18	    -0.01476	   -0.112136	   0.0447816
          19	    -0.05192	   -0.108966	   0.0425366
          20	     0.19064	   -0.093986	   0.0429668
          21	    -0.23376	   -0.100642	    0.041433
          22	    -0.28132	   -0.108855	   0.0403554
          23	     0.07044	   -0.101059	   0.0393466
          24	     0.01624	  -0.0961717	   0.0380095
          25	    -0.17324	  -0.0992544	   0.0366139
          26	    -0.31964	   -0.107731	   0.0361735
          27	    -0.24144	   -0.112683	   0.0351711
          28	    -0.21204	   -0.116231	   0.0340935
          29	    -0.08884	   -0.115287	    0.032931
          30	    -0.34996	   -0.123109	   0.0327492
          31	     0.24324	   -0.111292	   0.0337577
          32	    -0.15288	   -0.112591	   0.0327278
          33	    -0.37172	   -0.120444	   0.0326645
          34	    -0.15512	   -0.121464	   0.0317197
          35	       0.145	    -0.11385	   0.0317139
          36	    -0.43464	   -0.122761	   0.0320604
          37	    -0.06708	   -0.121256	   0.0312292
          38	      -0.078	   -0.120118	   0.0304281
          39	    -0.15092	   -0.120908	   0.0296581
          40	     0.05204	   -0.116584	   0.0292302
          41	     0.10004	     -0.1113	   0.0289908
          42	     0.03228	   -0.107882	   0.0285014
          43	    -0.32496	    -0.11293	   0.0282821
          44	    -0.15068	   -0.113788	   0.0276524
          45	    -0.18292	   -0.115324	   0.0270805
          46	     0.01896	   -0.112405	   0.0266487
          47	    -0.07812	   -0.111676	   0.0260917
          48	    -0.41068	   -0.117905	   0.0262812
          49	    -0.30036	   -0.121629	   0.0260073
          50	     -0.2056	   -0.123308	   0.0255413
          51	    -0.39148	   -0.128566	    0.025576
          52	    -0.03828	    -0.12683	    0.025143
          53	    -0.27948	    -0.12971	   0.0248331
          54	    -0.20528	    -0.13111	   0.0244126
          55	     0.06288	   -0.127583	   0.0242222
          56	    -0.08544	    -0.12683	   0.0238013
          57	      -0.219	   -0.128447	   0.0234386
          58	     -0.3804	   -0.132791	   0.0234336
          59	    -0.37372	   -0.136875	   0.0233895
          60	    -0.12728	   -0.136715	   0.0230002
          61	    -0.21292	   -0.137964	   0.0226571
          62	    -0.13464	    -0.13791	   0.0222917
          63	     0.17532	   -0.132938	   0.0224855
          64	    -0.25868	   -0.134903	   0.0222198
          65	    -0.28096	    -0.13715	   0.0219913
          66	    -0.26116	   -0.139029	   0.0217382
          67	     -0.0962	    -0.13839	   0.0214232
          68	    -0.22104	   -0.139605	   0.0211426
          69	    -0.41044	    -0.14353	   0.0211974
          70	     0.09416	   -0.140135	   0.0211648
          71	    -0.21568	   -0.141199	   0.0208934
          72	    -0.19068	   -0.141886	   0.0206145
          73	    -0.20664	   -0.142773	   0.0203512
          74	    -0.27968	   -0.144623	   0.0201601
          75	    -0.38908	   -0.147883	   0.0201531
          76	    -0.10064	   -0.147261	   0.0198975
          77	    -0.27436	   -0.148912	   0.0197074
          78	    -0.48708	   -0.153247	    0.019926
          79	    -0.21816	   -0.154069	   0.0196907
          80	      0.2336	   -0.149223	   0.0200319
          81	    -0.19708	   -0.149814	   0.0197934
          82	    -0.00948	   -0.148102	   0.0196258
          83	     -0.3312	   -0.150308	   0.0195129
          84	    -0.18424	   -0.150712	   0.0192848
          85	    -0.16512	   -0.150882	   0.0190587
          86	    -0.06152	   -0.149843	   0.0188654
          87	    -0.32452	   -0.151851	   0.0187551
          88	    -0.39736	    -0.15464	   0.0187483
          89	     0.02592	   -0.152612	   0.0186471
          90	     0.04408	   -0.150426	   0.0185675
          91	    -0.05376	   -0.149364	   0.0183939
          92	     -0.1314	   -0.149169	    0.018195
          93	    -0.13224	   -0.148987	   0.0180002
          94	    -0.21632	   -0.149703	    0.017823
          95	    -0.00852	   -0.148217	   0.0176972
          96	    -0.09912	   -0.147705	   0.0175203
          97	    -0.26712	   -0.148936	   0.0173828
          98	    -0.21088	   -0.149569	    0.017217
          99	    -0.14128	   -0.149485	   0.0170432
         100	    -0.28084	   -0.150798	   0.0169234
