#     BLOCK:   ACTUAL_CV:    CV_AVE:      ERROR:
           1	    0.452109	    0.452109	           0
           2	    0.435337	    0.443723	  0.00592981
           3	     0.42944	    0.438962	  0.00554423
           4	    0.412197	    0.432271	  0.00713231
           5	    0.441739	    0.434164	  0.00595194
           6	    0.416685	    0.431251	   0.0056279
           7	    0.467892	    0.436486	  0.00683776
           8	    0.423422	    0.434853	  0.00617494
           9	    0.436341	    0.435018	  0.00549105
          10	    0.425663	    0.434082	  0.00502101
          11	    0.437555	    0.434398	  0.00457447
          12	    0.430282	    0.434055	   0.0042061
          13	    0.420813	    0.433037	  0.00400399
          14	    0.413616	    0.431649	  0.00395098
          15	    0.433644	    0.431782	  0.00368982
          16	    0.423406	    0.431259	  0.00349615
          17	    0.437112	    0.431603	   0.0033074
          18	    0.448553	    0.432545	  0.00325495
          19	    0.418037	    0.431781	  0.00317194
          20	    0.440236	    0.432204	  0.00304139
          21	    0.434087	    0.432294	  0.00289788
          22	    0.409446	    0.431255	  0.00294638
          23	    0.413048	    0.430464	  0.00292269
          24	    0.433228	    0.430579	  0.00280318
          25	    0.404774	    0.429547	  0.00287481
          26	    0.433578	    0.429702	  0.00276842
          27	    0.447029	    0.430343	  0.00273926
          28	    0.418646	    0.429926	  0.00267309
          29	    0.416899	    0.429476	  0.00261839
          30	    0.449045	    0.430129	   0.0026111
          31	    0.422814	    0.429893	  0.00253751
          32	    0.436526	      0.4301	  0.00246666
          33	    0.437481	    0.430324	  0.00240204
          34	    0.424971	    0.430166	  0.00233654
          35	    0.430319	    0.430171	  0.00226979
          36	    0.427302	    0.430091	  0.00220814
          37	    0.433919	    0.430194	  0.00215088
          38	     0.41489	    0.429792	  0.00213165
          39	    0.413561	    0.429375	  0.00211723
          40	    0.413592	    0.428981	  0.00210075
          41	    0.435388	    0.429137	  0.00205531
          42	    0.435409	    0.429286	  0.00201179
          43	    0.424746	    0.429181	  0.00196778
          44	    0.419404	    0.428959	  0.00193556
          45	    0.454036	    0.429516	  0.00197114
          46	    0.433671	    0.429606	  0.00193036
          47	    0.417031	    0.429339	  0.00190774
          48	    0.416577	    0.429073	  0.00188643
          49	    0.434117	    0.429176	  0.00185074
          50	     0.44216	    0.429435	  0.00183185
          51	    0.434226	    0.429529	  0.00179834
          52	    0.409915	    0.429152	  0.00180288
          53	    0.455343	    0.429646	  0.00183534
          54	    0.439089	    0.429821	  0.00180966
          55	    0.440925	    0.430023	  0.00178798
          56	    0.421619	    0.429873	  0.00176234
          57	    0.426426	    0.429813	  0.00173246
          58	    0.435227	    0.429906	   0.0017051
          59	    0.426452	    0.429847	  0.00167721
          60	    0.423663	    0.429744	  0.00165242
          61	    0.407942	    0.429387	  0.00166354
          62	    0.420746	    0.429247	  0.00164253
          63	    0.422992	    0.429148	  0.00161946
          64	    0.456742	    0.429579	  0.00165055
          65	     0.42429	    0.429498	  0.00162716
          66	     0.44272	    0.429698	  0.00161479
          67	    0.439732	    0.429848	  0.00159762
          68	    0.438679	    0.429978	   0.0015794
          69	    0.437041	     0.43008	  0.00155982
          70	     0.45419	    0.430425	   0.0015751
          71	    0.424357	    0.430339	  0.00155524
          72	    0.431802	     0.43036	  0.00153377
          73	    0.440349	    0.430496	  0.00151885
          74	    0.421591	    0.430376	  0.00150308
          75	    0.425841	    0.430316	  0.00148426
          76	    0.439968	    0.430443	  0.00147015
          77	    0.402732	    0.430083	  0.00149446
          78	    0.429027	    0.430069	  0.00147536
          79	    0.408822	      0.4298	  0.00148099
          80	     0.43956	    0.429922	   0.0014675
          81	     0.43594	    0.429997	  0.00145126
          82	    0.425077	    0.429937	   0.0014348
          83	    0.445536	    0.430124	  0.00142977
          84	     0.41571	    0.429953	  0.00142301
          85	    0.427232	    0.429921	  0.00140663
          86	    0.431586	     0.42994	  0.00139041
          87	    0.421877	    0.429848	  0.00137751
          88	    0.447949	    0.430053	  0.00137713
          89	    0.449852	    0.430276	  0.00137951
          90	    0.413301	    0.430087	  0.00137701
          91	    0.447107	    0.430274	  0.00137452
          92	    0.442321	    0.430405	  0.00136581
          93	    0.440476	    0.430513	  0.00135541
          94	    0.413998	    0.430338	  0.00135233
          95	    0.428841	    0.430322	  0.00133818
          96	    0.440941	    0.430433	  0.00132881
          97	    0.453159	    0.430667	   0.0013356
          98	    0.436442	    0.430726	  0.00132327
          99	    0.433026	    0.430749	  0.00131011
         100	    0.416352	    0.430605	   0.0013049
