#     BLOCK:   ACTUAL_CV:    CV_AVE:      ERROR:
           1	    0.371155	    0.371155	           0
           2	    0.360846	    0.366001	  0.00364508
           3	    0.397771	    0.376591	  0.00898188
           4	    0.428188	     0.38949	    0.013045
           5	    0.370249	    0.385642	    0.010989
           6	    0.431088	    0.393216	   0.0114747
           7	    0.372855	    0.390307	   0.0101974
           8	    0.374887	     0.38838	  0.00910312
           9	    0.356105	    0.384794	  0.00876963
          10	    0.376585	    0.383973	  0.00793099
          11	    0.391403	    0.384648	   0.0072387
          12	    0.367335	    0.383206	  0.00677773
          13	    0.400808	     0.38456	  0.00639018
          14	    0.360662	    0.382853	  0.00615752
          15	    0.363845	    0.381585	  0.00587596
          16	    0.391062	    0.382178	  0.00553849
          17	    0.340237	    0.379711	  0.00573592
          18	    0.352986	    0.378226	  0.00560611
          19	    0.362841	    0.377416	  0.00536921
          20	    0.390547	    0.378073	  0.00514074
          21	    0.367575	    0.377573	  0.00492019
          22	    0.419642	    0.379485	  0.00505449
          23	    0.381691	    0.379581	  0.00483564
          24	    0.376362	    0.379447	  0.00463602
          25	    0.364802	    0.378861	  0.00448744
          26	     0.37212	    0.378602	  0.00432233
          27	    0.344747	    0.377348	  0.00434031
          28	    0.385591	    0.377642	  0.00419527
          29	    0.375457	    0.377567	  0.00405128
          30	    0.369133	    0.377286	  0.00392598
          31	    0.372963	    0.377146	  0.00380181
          32	    0.372306	    0.376995	  0.00368601
          33	    0.361316	     0.37652	  0.00360481
          34	    0.399718	    0.377202	  0.00356277
          35	    0.349844	    0.376421	  0.00354569
          36	    0.424447	    0.377755	  0.00368964
          37	     0.42645	    0.379071	  0.00381743
          38	    0.421462	    0.380186	  0.00387655
          39	    0.339654	    0.379147	  0.00391398
          40	    0.409095	    0.379896	  0.00388708
          41	    0.323575	    0.378522	  0.00402769
          42	    0.357963	    0.378033	  0.00396143
          43	    0.369261	    0.377829	  0.00387455
          44	    0.404024	    0.378424	  0.00383196
          45	    0.393337	    0.378755	  0.00376111
          46	    0.362698	    0.378406	  0.00369551
          47	    0.425539	    0.379409	  0.00375048
          48	    0.375673	    0.379331	  0.00367315
          49	    0.374818	    0.379239	  0.00359934
          50	    0.385097	    0.379356	  0.00352926
          51	    0.414118	    0.380038	  0.00352526
          52	    0.356573	    0.379587	  0.00348623
          53	    0.422775	    0.380401	   0.0035144
          54	    0.389177	    0.380564	  0.00345307
          55	    0.388149	    0.380702	  0.00339304
          56	    0.328769	    0.379775	  0.00345686
          57	    0.379906	    0.379777	  0.00339622
          58	    0.402447	    0.380168	  0.00336008
          59	    0.365633	    0.379921	  0.00331215
          60	    0.376145	    0.379858	  0.00325754
          61	     0.35072	    0.379381	  0.00323897
          62	    0.428908	     0.38018	  0.00328376
          63	    0.398638	    0.380473	  0.00324468
          64	    0.358694	    0.380132	  0.00321178
          65	    0.399049	    0.380423	  0.00317553
          66	    0.393575	    0.380623	  0.00313366
          67	    0.388456	    0.380739	  0.00308907
          68	    0.360599	    0.380443	  0.00305781
          69	    0.378036	    0.380408	  0.00301369
          70	    0.384084	    0.380461	  0.00297109
          71	    0.371715	    0.380338	   0.0029318
          72	    0.417815	    0.380858	  0.00293692
          73	    0.410353	    0.381262	  0.00292435
          74	    0.366734	    0.381066	  0.00289142
          75	    0.372659	    0.380954	  0.00285504
          76	    0.384574	    0.381001	  0.00281787
          77	    0.416315	     0.38146	  0.00281835
          78	    0.407543	    0.381794	  0.00280198
          79	    0.437069	    0.382494	  0.00285254
          80	    0.365301	    0.382279	  0.00282496
          81	    0.373205	    0.382167	  0.00279231
          82	    0.406557	    0.382465	  0.00277405
          83	    0.380019	    0.382435	  0.00274078
          84	    0.354914	    0.382108	  0.00272767
          85	    0.359545	    0.381842	  0.00270846
          86	    0.371767	    0.381725	   0.0026795
          87	    0.356708	    0.381437	  0.00266409
          88	    0.372801	    0.381339	  0.00263562
          89	    0.427667	     0.38186	  0.00265691
          90	    0.370691	    0.381736	  0.00263029
          91	    0.401002	    0.381947	  0.00260989
          92	    0.366581	     0.38178	  0.00258686
          93	     0.34161	    0.381348	  0.00259486
          94	    0.367376	      0.3812	  0.00257151
          95	    0.378256	    0.381169	  0.00254462
          96	    0.356029	    0.380907	  0.00253156
          97	    0.428509	    0.381398	  0.00255258
          98	    0.366304	    0.381244	  0.00253117
          99	    0.384246	    0.381274	  0.00250579
         100	    0.393531	    0.381397	  0.00248373
