#     BLOCK:   ACTUAL_X:     X_AVE:       ERROR:
               1	         106.634	         106.634	               0
               2	         86.2424	         96.4383	          7.2096
               3	         113.627	         102.168	         6.70731
               4	         109.509	         104.003	          5.2756
               5	          113.52	         105.907	         4.55087
               6	         113.122	         107.109	         3.94808
               7	         105.789	         106.921	         3.38856
               8	         113.523	         107.746	         3.06384
               9	         105.253	         107.469	         2.73591
              10	         112.883	          108.01	         2.51532
              11	         112.621	         108.429	         2.32132
              12	         106.109	         108.236	         2.13592
              13	         113.491	          108.64	          2.0095
              14	         109.895	          108.73	         1.86796
              15	         112.861	         109.005	         1.76361
              16	         113.601	         109.293	         1.67662
              17	         113.274	         109.527	         1.59426
              18	         102.023	          109.11	         1.55924
              19	          113.47	         109.339	         1.49397
              20	         112.056	         109.475	         1.42543
              21	         111.379	         109.566	         1.36043
              22	          112.38	         109.694	          1.3046
              23	         113.559	         109.862	         1.25865
              24	         110.421	         109.885	         1.20642
              25	         112.532	         109.991	          1.1628
              26	         108.817	         109.946	         1.11895
              27	         113.627	         110.082	         1.08579
              28	         112.948	         110.185	         1.05182
              29	         112.439	         110.262	         1.01842
              30	         104.263	         110.062	         1.00392
              31	         113.362	         110.169	        0.977158
              32	         113.063	         110.259	        0.950798
              33	         108.879	         110.217	        0.922906
              34	         112.681	          110.29	        0.898603
              35	         113.508	         110.382	        0.877619
              36	         113.636	         110.472	        0.857885
              37	         113.557	         110.556	        0.838741
              38	         109.339	         110.524	         0.81728
              39	         112.556	         110.576	        0.797984
              40	         113.455	         110.648	        0.781275
              41	         113.147	         110.709	        0.764594
              42	         92.1065	         110.266	        0.865212
              43	         111.825	         110.302	         0.84585
              44	          113.61	         110.377	         0.82996
              45	         113.627	         110.449	        0.814654
              46	         109.285	         110.424	        0.797337
              47	         113.417	         110.488	        0.782911
              48	         111.492	         110.509	         0.76688
              49	         110.849	         110.516	        0.751261
              50	          98.306	         110.271	        0.774906
              51	         91.0542	         109.895	        0.846382
              52	         112.646	         109.947	        0.831758
              53	         112.364	         109.993	        0.817313
              54	         112.646	         110.042	        0.803653
              55	         111.646	         110.071	         0.78957
              56	         108.149	         110.037	        0.776216
              57	         112.939	         110.088	        0.764267
              58	         113.627	         110.149	        0.753522
              59	         113.352	         110.203	        0.742704
              60	         111.995	         110.233	        0.730926
              61	         113.127	         110.281	        0.720482
              62	         102.297	         110.152	        0.720277
              63	         113.177	           110.2	        0.710443
              64	         113.321	         110.249	        0.701014
              65	          113.19	         110.294	        0.691688
              66	         111.491	         110.312	        0.681446
              67	         106.872	         110.261	        0.673206
              68	         113.627	          110.31	        0.665124
              69	         106.366	         110.253	        0.657936
              70	          113.61	         110.301	        0.650283
              71	         113.627	         110.348	        0.642809
              72	         113.015	         110.385	        0.634948
              73	         113.154	         110.423	        0.627382
              74	         104.719	         110.346	         0.62362
              75	         111.059	         110.355	        0.615378
              76	         113.462	         110.396	        0.608637
              77	         113.099	         110.431	        0.601745
              78	         109.544	          110.42	        0.594137
              79	         112.455	         110.446	        0.587175
              80	         113.378	         110.482	        0.580978
              81	         113.263	         110.517	        0.574819
              82	         113.523	         110.553	        0.568977
              83	         111.019	         110.559	         0.56215
              84	         113.009	         110.588	        0.556214
              85	         110.583	         110.588	         0.54967
              86	         107.298	          110.55	        0.544608
              87	         112.483	         110.572	        0.538801
              88	         113.324	         110.603	        0.533585
              89	         89.3353	         110.364	        0.578631
              90	         100.034	         110.249	        0.583475
              91	         111.163	          110.26	        0.577149
              92	         113.198	         110.291	        0.571759
              93	          112.24	         110.312	        0.565995
              94	         113.601	         110.347	        0.561054
              95	         113.303	         110.379	        0.556009
              96	          112.29	         110.398	        0.550574
              97	         112.738	         110.423	        0.545426
              98	         112.793	         110.447	        0.540397
              99	         113.583	         110.478	        0.535866
             100	         113.223	         110.506	         0.53121
             101	         113.403	         110.535	        0.526724
             102	         113.292	         110.562	        0.522253
             103	         113.481	          110.59	        0.517951
             104	         113.298	         110.616	        0.513625
             105	          113.61	         110.644	        0.509524
             106	         113.321	          110.67	        0.505343
             107	         113.431	         110.696	        0.501279
             108	         113.576	         110.722	        0.497346
             109	         109.892	         110.715	        0.492842
             110	         107.506	         110.685	        0.489224
             111	         107.731	         110.659	         0.48554
             112	          112.22	         110.673	        0.481405
             113	          113.28	         110.696	        0.477697
             114	         105.891	         110.654	        0.475363
             115	         112.861	         110.673	        0.471616
             116	         92.6275	         110.517	         0.49254
             117	         113.584	         110.544	        0.489027
             118	         113.491	         110.568	         0.48552
             119	         101.796	         110.495	        0.487005
             120	         102.202	         110.426	        0.487824
             121	         112.836	         110.446	        0.484199
             122	         113.601	         110.471	        0.480921
             123	         107.949	         110.451	        0.477448
             124	         108.733	         110.437	        0.473798
             125	         95.7551	          110.32	        0.484348
             126	         113.479	         110.345	        0.481153
             127	         113.619	          110.37	        0.478054
             128	         113.296	         110.393	        0.474865
             129	         96.2604	         110.284	        0.483657
             130	         113.507	         110.309	        0.480572
             131	         105.016	         110.268	        0.478598
             132	         104.063	         110.221	        0.477276
             133	          113.08	         110.243	        0.474171
             134	         104.783	         110.202	         0.47238
             135	         110.663	         110.205	        0.468893
             136	         93.4847	         110.082	        0.481294
             137	         111.033	         110.089	        0.477831
             138	         111.869	         110.102	        0.474542
             139	         113.272	         110.125	        0.471676
             140	         98.1362	         110.039	        0.476017
             141	         104.001	         109.997	        0.474563
             142	         113.259	          110.02	        0.471777
             143	         109.917	         110.019	        0.468478
             144	         113.397	         110.042	        0.465812
             145	         112.912	         110.062	         0.46302
             146	         107.103	         110.042	        0.460292
             147	           94.33	         109.935	        0.469406
             148	         103.657	         109.892	        0.468147
             149	          96.002	         109.799	        0.474197
             150	         111.068	         109.808	        0.471111
             151	         113.627	         109.833	         0.46867
             152	         111.989	         109.847	        0.465801
             153	         113.405	          109.87	        0.463337
             154	          113.61	         109.895	        0.460964
             155	         112.341	         109.911	         0.45826
             156	         112.287	         109.926	        0.455575
             157	         112.865	         109.944	        0.453058
             158	         113.277	         109.966	        0.450681
             159	         111.047	         109.972	        0.447898
             160	         112.424	         109.988	        0.445361
             161	         113.514	          110.01	        0.443133
             162	         111.465	         110.019	        0.440489
             163	         103.848	         109.981	         0.43941
             164	         111.282	         109.989	        0.436802
             165	         111.997	         110.001	        0.434325
             166	         113.132	          110.02	        0.432118
             167	         106.022	         109.996	        0.430193
             168	         113.318	         110.016	        0.428086
             169	         113.494	         110.036	        0.426048
             170	         111.818	         110.047	        0.423671
             171	         113.619	         110.067	        0.421708
             172	         112.784	         110.083	        0.419552
             173	         107.246	         110.067	        0.417447
             174	         113.421	         110.086	        0.415493
             175	          110.25	         110.087	        0.413119
             176	         113.462	         110.106	        0.411217
             177	         113.566	         110.126	        0.409358
             178	         112.553	         110.139	        0.407285
             179	         107.764	         110.126	        0.405226
             180	         107.478	         110.111	        0.403242
             181	         110.196	         110.112	        0.401014
             182	         110.578	         110.114	        0.398819
             183	         113.542	         110.133	        0.397079
             184	         113.575	         110.152	        0.395362
             185	         112.915	         110.167	        0.393507
             186	         110.381	         110.168	        0.391393
             187	         110.865	         110.172	        0.389318
             188	         102.824	         110.133	        0.389203
             189	         113.532	         110.151	         0.38756
             190	         108.494	         110.142	        0.385618
             191	         113.549	          110.16	        0.384011
             192	         111.668	         110.168	        0.382091
             193	         113.627	         110.186	        0.380532
             194	         90.0893	         110.082	        0.392417
             195	           113.5	           110.1	        0.390796
             196	         112.301	         110.111	        0.388963
             197	         110.479	         110.113	        0.386993
             198	         113.593	          110.13	        0.385438
             199	         112.695	         110.143	        0.383717
             200	         113.367	         110.159	        0.382136
