#     BLOCK:   ACTUAL_CV:    CV_AVE:      ERROR:
           1	     1.52731	     1.52731	           0
           2	 8.70415e-12	    0.763655	    0.539986
           3	 8.70415e-12	    0.509104	    0.415681
           4	 8.70415e-12	    0.381828	    0.330672
           5	 8.70415e-12	    0.305462	    0.273214
           6	 8.70415e-12	    0.254552	    0.232373
           7	 8.70415e-12	    0.218187	    0.202002
           8	 8.70415e-12	    0.190914	    0.178584
           9	 8.70415e-12	    0.169701	    0.159996
          10	 8.70415e-12	    0.152731	    0.144893
          11	 8.70415e-12	    0.138846	    0.132385
          12	 8.70415e-12	    0.127276	    0.121857
          13	 8.70415e-12	    0.117485	    0.112876
          14	 8.70415e-12	    0.109094	    0.105125
          15	 8.70415e-12	    0.101821	   0.0983681
          16	 8.70415e-12	   0.0954569	   0.0924258
          17	 8.70415e-12	   0.0898418	   0.0871593
          18	 8.70415e-12	   0.0848506	   0.0824599
          19	 8.70415e-12	   0.0803848	   0.0782408
          20	 8.70415e-12	   0.0763655	   0.0744319
          21	 8.70415e-12	   0.0727291	   0.0709763
          22	 8.70415e-12	   0.0694232	   0.0678271
          23	 8.70415e-12	   0.0664048	   0.0649452
          24	 8.70415e-12	   0.0636379	    0.062298
          25	 8.70415e-12	   0.0610924	   0.0598581
          26	 8.70415e-12	   0.0587427	    0.057602
          27	 8.70415e-12	   0.0565671	   0.0555096
          28	 8.70415e-12	   0.0545468	   0.0535639
          29	 8.70415e-12	   0.0526659	   0.0517499
          30	 8.70415e-12	   0.0509104	   0.0500547
          31	 8.70415e-12	   0.0492681	   0.0484669
          32	 8.70415e-12	   0.0477285	   0.0469768
          33	 8.70415e-12	   0.0462821	   0.0455755
          34	 8.70415e-12	   0.0449209	   0.0442554
          35	 8.70415e-12	   0.0436374	   0.0430095
          36	 8.70415e-12	   0.0424253	   0.0418319
          37	 8.70415e-12	   0.0412787	    0.040717
          38	 8.70415e-12	   0.0401924	     0.03966
          39	 8.70415e-12	   0.0391618	   0.0386565
          40	 8.70415e-12	   0.0381828	   0.0377025
          41	 8.70415e-12	   0.0372515	   0.0367944
          42	 8.70415e-12	   0.0363645	    0.035929
          43	 8.70415e-12	   0.0355188	   0.0351034
          44	 8.70415e-12	   0.0347116	   0.0343149
          45	 8.70415e-12	   0.0339402	    0.033561
          46	 8.70415e-12	   0.0332024	   0.0328395
          47	 8.70415e-12	    0.032496	   0.0321484
          48	 8.70415e-12	    0.031819	   0.0314858
          49	 8.70415e-12	   0.0311696	   0.0308499
          50	 8.70415e-12	   0.0305462	   0.0302392
          51	 8.70415e-12	   0.0299473	   0.0296522
          52	 8.70415e-12	   0.0293714	   0.0290876
          53	 8.70415e-12	   0.0288172	    0.028544
          54	 8.70415e-12	   0.0282835	   0.0280204
          55	 8.70415e-12	   0.0277693	   0.0275157
          56	 8.70415e-12	   0.0272734	   0.0270288
          57	 8.70415e-12	   0.0267949	   0.0265588
          58	 8.70415e-12	   0.0263329	   0.0261049
          59	 8.70415e-12	   0.0258866	   0.0256663
          60	 8.70415e-12	   0.0254552	   0.0252422
          61	 8.70415e-12	   0.0250379	   0.0248318
          62	 8.70415e-12	    0.024634	   0.0244346
          63	 8.70415e-12	    0.024243	   0.0240498
          64	 8.70415e-12	   0.0238642	   0.0236771
          65	 8.70415e-12	   0.0234971	   0.0233156
          66	 8.70415e-12	   0.0231411	   0.0229651
          67	 8.70415e-12	   0.0227957	   0.0226249
          68	 8.70415e-12	   0.0224604	   0.0222947
          69	 8.70415e-12	   0.0221349	    0.021974
          70	 8.70415e-12	   0.0218187	   0.0216623
          71	 8.70415e-12	   0.0215114	   0.0213594
          72	 8.70415e-12	   0.0212126	   0.0210648
          73	 8.70415e-12	   0.0209221	   0.0207783
          74	 8.70415e-12	   0.0206393	   0.0204994
          75	 8.70415e-12	   0.0203641	   0.0202279
          76	 8.70415e-12	   0.0200962	   0.0199635
          77	 8.70415e-12	   0.0198352	    0.019706
          78	 8.70415e-12	   0.0195809	    0.019455
          79	 8.70415e-12	    0.019333	   0.0192103
          80	 8.70415e-12	   0.0190914	   0.0189717
          81	 8.70415e-12	   0.0188557	   0.0187389
          82	 8.70415e-12	   0.0186257	   0.0185118
          83	 8.70415e-12	   0.0184013	   0.0182901
          84	 8.70415e-12	   0.0181823	   0.0180737
          85	 8.70415e-12	   0.0179684	   0.0178624
          86	 8.70415e-12	   0.0177594	   0.0176559
          87	 8.70415e-12	   0.0175553	   0.0174541
          88	 8.70415e-12	   0.0173558	   0.0172569
          89	 8.70415e-12	   0.0171608	   0.0170641
          90	 8.70415e-12	   0.0169701	   0.0168756
          91	 8.70415e-12	   0.0167836	   0.0166912
          92	 8.70415e-12	   0.0166012	   0.0165107
          93	 8.70415e-12	   0.0164227	   0.0163342
          94	 8.70415e-12	    0.016248	   0.0161613
          95	 8.70415e-12	    0.016077	   0.0159921
          96	 8.70415e-12	   0.0159095	   0.0158264
          97	 8.70415e-12	   0.0157455	   0.0156641
          98	 8.70415e-12	   0.0155848	   0.0155051
          99	 8.70415e-12	   0.0154274	   0.0153493
         100	 8.70415e-12	   0.0152731	   0.0151965
