#     BLOCK:   ACTUAL_M:     M_AVE:       ERROR:
           1	     0.10676	     0.10676	           0
           2	     0.08472	     0.09574	  0.00779232
           3	      0.1066	     0.09936	  0.00597687
           4	      0.0316	     0.08242	     0.01534
           5	     0.05404	    0.076744	   0.0132807
           6	     0.19388	   0.0962667	   0.0209785
           7	     0.12052	   0.0997314	   0.0182654
           8	      0.1744	    0.109065	   0.0182115
           9	     0.17724	     0.11664	   0.0176934
          10	     0.14428	    0.119404	   0.0161385
          11	     0.18572	    0.125433	   0.0157572
          12	      0.2102	    0.132497	   0.0159491
          13	     0.14372	     0.13336	   0.0147456
          14	     0.10888	    0.131611	   0.0137956
          15	     0.12156	    0.130941	   0.0128922
          16	      0.0882	     0.12827	   0.0123601
          17	     0.06896	    0.124781	   0.0121154
          18	     0.02644	    0.119318	   0.0126142
          19	     0.09304	    0.117935	   0.0120258
          20	     0.09236	    0.116656	   0.0114923
          21	     0.06092	    0.114002	   0.0112474
          22	     0.12812	    0.114644	   0.0107544
          23	      0.1386	    0.115685	   0.0103372
          24	     0.08416	    0.114372	  0.00998955
          25	     0.11824	    0.114526	  0.00959117
          26	     0.09216	    0.113666	  0.00926078
          27	     0.20216	    0.116944	  0.00948005
          28	     0.10788	     0.11662	    0.009147
          29	     0.13732	    0.117334	  0.00885939
          30	     0.08316	    0.116195	    0.008637
          31	       0.225	    0.119705	  0.00904347
          32	     0.17484	    0.121427	  0.00892349
          33	     0.10784	    0.121016	  0.00866257
          34	     0.11732	    0.120907	  0.00840847
          35	      0.0176	    0.117955	  0.00867082
          36	     0.10828	    0.117687	  0.00843413
          37	     0.20324	    0.119999	  0.00851724
          38	     0.19448	    0.121959	  0.00851564
          39	     0.18328	    0.123531	  0.00844121
          40	      0.0158	    0.120838	  0.00864917
          41	     0.17012	     0.12204	  0.00852133
          42	     0.17244	     0.12324	  0.00840251
          43	     0.16868	    0.124297	  0.00827329
          44	     0.18016	    0.125566	   0.0081821
          45	      0.0846	    0.124656	  0.00805076
          46	     0.02716	    0.122537	  0.00814996
          47	     0.17948	    0.123748	  0.00806611
          48	     0.09332	    0.123114	  0.00792294
          49	    -0.01288	    0.120339	  0.00823301
          50	     0.08992	     0.11973	   0.0080908
          51	     0.04628	     0.11829	  0.00805932
          52	     0.15716	    0.119038	  0.00793892
          53	     0.12256	    0.119104	  0.00778941
          54	     0.28116	    0.122105	  0.00820292
          55	     0.04152	     0.12064	  0.00818358
          56	     0.19176	     0.12191	   0.0081354
          57	     0.08596	    0.121279	  0.00801708
          58	     0.14656	    0.121715	  0.00789069
          59	      0.1786	    0.122679	  0.00781564
          60	     0.21316	    0.124187	  0.00782951
          61	     0.16724	    0.124893	   0.0077329
          62	     0.20712	    0.126219	  0.00772107
          63	     -0.0012	    0.124197	  0.00785895
          64	     0.14208	    0.124476	  0.00774112
          65	     0.15772	    0.124988	   0.0076389
          66	     0.19772	     0.12609	  0.00760223
          67	     0.14452	    0.126365	  0.00749374
          68	     0.07472	    0.125605	  0.00742193
          69	     0.09116	    0.125106	  0.00733113
          70	     0.13676	    0.125273	  0.00722829
          71	     0.22032	    0.126611	  0.00724939
          72	     0.10776	    0.126349	  0.00715343
          73	     0.21948	    0.127625	   0.0071683
          74	      0.1478	    0.127898	  0.00707661
          75	      0.1402	    0.128062	  0.00698416
          76	     0.19804	    0.128983	  0.00695269
          77	     0.09456	    0.128536	  0.00687675
          78	     0.17952	    0.129189	  0.00681958
          79	     0.17048	    0.129712	  0.00675326
          80	      0.1094	    0.129458	  0.00667361
          81	     0.10756	    0.129188	   0.0065967
          82	     0.11548	     0.12902	  0.00651837
          83	     0.15528	    0.129337	  0.00644751
          84	      0.2602	    0.130895	  0.00655626
          85	     0.18504	    0.131532	     0.00651
          86	     0.12072	    0.131406	  0.00643552
          87	     0.10636	    0.131118	  0.00636798
          88	      0.0234	    0.129894	  0.00641219
          89	      0.0962	    0.129516	  0.00635131
          90	      0.0312	    0.128423	  0.00637399
          91	     0.08948	    0.127995	  0.00631829
          92	     0.16716	    0.128421	  0.00626394
          93	     0.18356	    0.129014	  0.00622458
          94	     0.18748	    0.129636	  0.00618936
          95	     0.21172	      0.1305	  0.00618423
          96	      0.0546	    0.129709	  0.00617014
          97	     0.23788	    0.130824	  0.00620649
          98	      0.1436	    0.130955	  0.00614452
          99	      0.0682	    0.130321	  0.00611507
         100	     0.10168	    0.130034	  0.00606062
