#     BLOCK:   ACTUAL_TE:    TE_AVE:      ERROR:
           1	    -0.70064	    -0.70064	           0
           2	    -0.68736	      -0.694	  0.00469519
           3	    -0.69608	   -0.694693	  0.00318091
           4	    -0.70144	    -0.69638	  0.00279734
           5	    -0.69568	    -0.69624	  0.00224137
           6	    -0.69728	   -0.696413	   0.0018745
           7	      -0.698	    -0.69664	  0.00162036
           8	    -0.69096	    -0.69593	  0.00156566
           9	     -0.6936	   -0.695671	  0.00141294
          10	    -0.69968	   -0.696072	   0.0013273
          11	    -0.71216	   -0.697535	  0.00184406
          12	     -0.6876	   -0.696707	    0.001867
          13	    -0.69056	   -0.696234	  0.00178225
          14	    -0.69904	   -0.696434	  0.00166618
          15	    -0.69512	   -0.696347	   0.0015574
          16	    -0.70376	    -0.69681	  0.00152743
          17	    -0.68384	   -0.696047	  0.00161694
          18	    -0.69048	   -0.695738	   0.0015564
          19	    -0.70392	   -0.696168	  0.00153291
          20	    -0.69296	   -0.696008	  0.00146463
          21	    -0.68912	    -0.69568	  0.00143114
          22	    -0.69056	   -0.695447	  0.00138489
          23	    -0.68048	   -0.694797	  0.00146963
          24	     -0.6824	    -0.69428	  0.00149642
          25	     -0.7028	   -0.694621	  0.00147486
          26	     -0.7116	   -0.695274	  0.00155601
          27	    -0.68672	   -0.694957	  0.00153029
          28	    -0.71048	   -0.695511	  0.00157286
          29	    -0.68264	   -0.695068	     0.00158
          30	    -0.69768	   -0.695155	  0.00152974
          31	    -0.68616	   -0.694865	  0.00150766
          32	    -0.71768	   -0.695577	  0.00162038
          33	    -0.68712	   -0.695321	  0.00159142
          34	    -0.69544	   -0.695325	  0.00154462
          35	    -0.67368	   -0.694706	  0.00161956
          36	    -0.70296	   -0.694936	  0.00159072
          37	    -0.68264	   -0.694603	  0.00158205
          38	    -0.67984	   -0.694215	  0.00158741
          39	    -0.68616	   -0.694008	  0.00156008
          40	    -0.70704	   -0.694334	  0.00155473
          41	    -0.68576	   -0.694125	  0.00153081
          42	    -0.69608	   -0.694171	  0.00149507
          43	    -0.69008	   -0.694076	  0.00146332
          44	    -0.69832	   -0.694173	  0.00143324
          45	    -0.70776	   -0.694475	  0.00143284
          46	     -0.6916	   -0.694412	  0.00140305
          47	    -0.69264	   -0.694374	  0.00137371
          48	    -0.68608	   -0.694202	  0.00135592
          49	     -0.6956	    -0.69423	  0.00132854
          50	    -0.69896	   -0.694325	  0.00130534
          51	     -0.6924	   -0.694287	  0.00128029
          52	    -0.70488	   -0.694491	  0.00127177
          53	    -0.70352	   -0.694661	  0.00125913
          54	    -0.69496	   -0.694667	  0.00123583
          55	     -0.6888	    -0.69456	  0.00121795
          56	    -0.69728	   -0.694609	  0.00119717
          57	    -0.69048	   -0.694536	  0.00117836
          58	    -0.70672	   -0.694746	  0.00117662
          59	    -0.69864	   -0.694812	  0.00115852
          60	    -0.69464	   -0.694809	  0.00113922
          61	    -0.69752	   -0.694854	  0.00112141
          62	    -0.69384	   -0.694837	  0.00110344
          63	    -0.69136	   -0.694782	  0.00108731
          64	      -0.698	   -0.694832	  0.00107148
          65	    -0.69096	   -0.694773	  0.00105665
          66	    -0.71056	   -0.695012	  0.00106737
          67	    -0.69776	   -0.695053	  0.00105223
          68	    -0.68552	   -0.694913	  0.00104605
          69	    -0.69472	    -0.69491	  0.00103089
          70	    -0.70832	   -0.695102	  0.00103381
          71	    -0.69584	   -0.695112	   0.0010193
          72	    -0.69464	   -0.695106	  0.00100517
          73	     -0.6948	   -0.695101	 0.000991408
          74	    -0.69304	   -0.695074	 0.000978402
          75	    -0.69528	   -0.695076	  0.00096536
          76	    -0.70824	   -0.695249	 0.000968072
          77	     -0.7008	   -0.695322	  0.00095818
          78	    -0.69416	   -0.695307	 0.000946011
          79	       -0.69	   -0.695239	 0.000936418
          80	    -0.69552	   -0.695243	 0.000924719
          81	    -0.69912	   -0.695291	 0.000914541
          82	    -0.69352	   -0.695269	 0.000903643
          83	     -0.7044	   -0.695379	 0.000899427
          84	    -0.68264	   -0.695228	 0.000901415
          85	    -0.69728	   -0.695252	 0.000891133
          86	    -0.69136	   -0.695207	  0.00088192
          87	    -0.68472	   -0.695086	 0.000879981
          88	    -0.69512	   -0.695086	 0.000869981
          89	    -0.70344	    -0.69518	 0.000865255
          90	    -0.69688	   -0.695199	 0.000855847
          91	    -0.70104	   -0.695263	 0.000848845
          92	    -0.68656	   -0.695169	 0.000844874
          93	    -0.69056	   -0.695119	 0.000837241
          94	    -0.70456	    -0.69522	 0.000834337
          95	    -0.68944	   -0.695159	 0.000827769
          96	    -0.68664	    -0.69507	 0.000823889
          97	    -0.69608	    -0.69508	 0.000815461
          98	    -0.68712	   -0.694999	 0.000811176
          99	     -0.7024	   -0.695074	 0.000806419
         100	    -0.68976	   -0.695021	 0.000800104
