#     BLOCK:   ACTUAL_X:     X_AVE:       ERROR:
               1	         7.42745	         7.42745	               0
               2	         7.23242	         7.32994	       0.0689544
               3	         7.22082	         7.29356	       0.0547286
               4	         7.29576	         7.29411	       0.0410492
               5	         7.31504	          7.2983	        0.033052
               6	         7.67811	          7.3616	       0.0640151
               7	          6.4132	         7.22611	        0.136911
               8	         6.11477	          7.0872	        0.176741
               9	         6.96723	         7.07387	        0.157605
              10	         6.39829	         7.00631	        0.155652
              11	         7.47825	         7.04921	        0.147296
              12	         6.79544	         7.02806	        0.136531
              13	         6.83522	         7.01323	        0.126832
              14	         6.17672	         6.95348	        0.131093
              15	         7.92549	         7.01828	         0.13744
              16	         7.22547	         7.03123	        0.129458
              17	         6.62728	         7.00747	        0.124004
              18	         6.99017	         7.00651	        0.117119
              19	         6.71768	         6.99131	        0.111937
              20	         6.60488	         6.97198	        0.107995
              21	         7.03195	         6.97484	         0.10289
              22	         7.03742	         6.97768	       0.0982525
              23	         7.13976	         6.98473	        0.094233
              24	         7.74356	         7.01635	       0.0954637
              25	         6.66318	         7.00222	       0.0926845
              26	         6.63522	         6.98811	       0.0901882
              27	         7.19077	         6.99561	       0.0871596
              28	         7.08254	         6.99872	       0.0841021
              29	         6.82068	         6.99258	       0.0814258
              30	         6.32068	         6.97018	       0.0817337
              31	         6.98453	         6.97064	       0.0790985
              32	         7.25783	         6.97962	       0.0771341
              33	         7.22091	         6.98693	       0.0751425
              34	         5.86392	          6.9539	       0.0798625
              35	         7.25649	         6.96255	       0.0780472
              36	         6.65843	          6.9541	       0.0763351
              37	         7.08994	         6.95777	       0.0743602
              38	         6.54449	         6.94689	       0.0731944
              39	         6.90584	         6.94584	       0.0713251
              40	         6.13738	         6.92563	       0.0723491
              41	         7.43654	         6.93809	       0.0716496
              42	         6.38359	         6.92489	       0.0711496
              43	         7.11202	         6.92924	       0.0696279
              44	         6.36999	         6.91653	       0.0691958
              45	         8.16846	         6.94435	       0.0730371
              46	         6.54481	         6.93566	        0.071964
              47	         7.18858	         6.94105	       0.0706337
              48	         6.98706	           6.942	       0.0691687
              49	         6.89213	         6.94099	       0.0677646
              50	          7.4986	         6.95214	       0.0673207
              51	         6.49624	          6.9432	       0.0665916
              52	         7.54907	         6.95485	       0.0663224
              53	         7.38126	          6.9629	       0.0655572
              54	         6.82562	         6.96035	       0.0643925
              55	         6.30411	         6.94842	       0.0643177
              56	         7.31936	         6.95505	       0.0635093
              57	         6.57515	         6.94838	       0.0627439
              58	         7.08157	         6.95068	       0.0617041
              59	         7.61435	         6.96193	        0.061675
              60	         7.32649	           6.968	       0.0609457
              61	         7.00974	         6.96869	       0.0599504
              62	         6.44258	          6.9602	        0.059581
              63	         7.12498	         6.96282	       0.0586927
              64	         7.81957	          6.9762	       0.0592826
              65	         6.38572	         6.96712	       0.0590625
              66	         6.29448	         6.95693	       0.0590403
              67	         6.42922	         6.94905	       0.0586821
              68	         6.88114	         6.94805	       0.0578277
              69	         6.78829	         6.94574	       0.0570359
              70	         7.34421	         6.95143	       0.0565045
              71	         6.54239	         6.94567	       0.0560016
              72	         6.89934	         6.94503	       0.0552274
              73	         6.14594	         6.93408	       0.0555451
              74	         7.13003	         6.93673	       0.0548576
              75	         6.46622	         6.93045	       0.0544837
              76	         7.35345	         6.93602	       0.0540503
              77	         6.26632	         6.92732	       0.0540436
              78	          6.7172	         6.92463	       0.0534179
              79	         7.10043	         6.92685	        0.052788
              80	         8.16443	         6.94232	       0.0543476
              81	         7.20833	         6.94561	       0.0537758
              82	         7.28444	         6.94974	       0.0532785
              83	         7.21868	         6.95298	        0.052735
              84	         6.75512	         6.95062	       0.0521598
              85	         7.46662	         6.95669	       0.0518982
              86	         6.75301	         6.95433	       0.0513488
              87	          6.5025	         6.94913	       0.0510205
              88	          7.2908	         6.95302	       0.0505883
              89	         7.57437	            6.96	       0.0504993
              90	         7.24984	         6.96322	       0.0500408
              91	         6.45439	         6.95763	       0.0498023
              92	         6.58056	         6.95353	       0.0494293
              93	         7.48632	         6.95926	       0.0492287
              94	          6.4944	         6.95431	       0.0489527
              95	         6.93749	         6.95413	       0.0484378
              96	         7.03179	         6.95494	         0.04794
              97	         7.05841	         6.95601	       0.0474576
              98	         6.74335	         6.95384	       0.0470229
              99	         7.02155	         6.95452	       0.0465529
             100	         7.50526	         6.96003	        0.046412
             101	         7.21273	         6.96253	       0.0460199
             102	         7.31678	         6.96601	       0.0456996
             103	          6.3532	         6.96006	       0.0456415
             104	         6.52029	         6.95583	       0.0453981
             105	         7.14021	         6.95758	       0.0449997
             106	         7.88642	         6.96635	       0.0454203
             107	         7.03015	         6.96694	       0.0449998
             108	         7.19921	         6.96909	       0.0446345
             109	         6.78876	         6.96744	       0.0442556
             110	         6.77246	         6.96567	       0.0438888
             111	         5.93657	          6.9564	       0.0444618
             112	         6.61388	         6.95334	       0.0441699
             113	         6.58821	         6.95011	        0.043897
             114	         6.70705	         6.94797	       0.0435637
             115	         7.13163	         6.94957	       0.0432142
             116	         6.68956	         6.94733	       0.0428997
             117	         6.64312	         6.94473	       0.0426118
             118	         6.84309	         6.94387	       0.0422594
             119	         6.53256	         6.94041	       0.0420454
             120	         6.77867	         6.93906	       0.0417166
             121	         7.51949	         6.94386	       0.0416467
             122	         6.88377	         6.94337	       0.0413082
             123	         6.49454	         6.93972	       0.0411333
             124	         7.71755	         6.94599	       0.0412771
             125	          6.7999	         6.94482	       0.0409634
             126	         6.74359	         6.94323	       0.0406694
             127	         7.26218	         6.94574	       0.0404266
             128	         7.41458	          6.9494	       0.0402764
             129	          7.9164	          6.9569	       0.0406558
             130	         6.90768	         6.95652	       0.0403448
             131	         6.54541	         6.95338	       0.0401587
             132	         7.01255	         6.95383	        0.039857
             133	         7.30032	         6.95643	       0.0396423
             134	         6.32347	         6.95171	       0.0396269
             135	         7.58937	         6.95643	       0.0396139
             136	          7.7826	         6.96251	       0.0397857
             137	         6.91537	         6.96216	       0.0394968
             138	         6.52385	         6.95899	       0.0393381
             139	         7.28819	         6.96136	       0.0391263
             140	         7.15033	         6.96271	       0.0388701
             141	         6.81833	         6.96168	       0.0386079
             142	         7.00737	           6.962	       0.0383373
             143	         6.82234	         6.96103	       0.0380817
             144	         7.40341	          6.9641	       0.0379409
             145	         6.86432	         6.96341	       0.0376855
             146	         7.30027	         6.96572	        0.037498
             147	         7.47141	         6.96916	       0.0374003
             148	         6.48792	         6.96591	       0.0372887
             149	         6.14735	         6.96041	        0.037441
             150	         7.95129	         6.96702	       0.0377696
             151	         6.94575	         6.96688	       0.0375197
             152	         7.07493	         6.96759	       0.0372796
             153	         7.07941	         6.96832	       0.0370431
             154	         6.94099	         6.96814	        0.036803
             155	         8.14754	         6.97575	       0.0373439
             156	         7.35137	         6.97816	        0.037182
             157	         7.36808	         6.98064	       0.0370281
             158	          7.0963	         6.98137	       0.0368009
             159	         7.44097	         6.98426	       0.0366828
             160	         6.59947	         6.98186	       0.0365323
             161	         7.15506	         6.98294	       0.0363212
             162	         6.29869	         6.97871	       0.0363418
             163	         6.84461	         6.97789	       0.0361281
             164	         7.68501	          6.9822	       0.0361642
             165	         7.07202	         6.98275	       0.0359491
             166	         6.90982	         6.98231	       0.0357353
             167	         7.13104	          6.9832	       0.0355324
             168	         7.16746	         6.98429	       0.0353378
             169	         6.75541	         6.98294	       0.0351546
             170	          7.2106	         6.98428	       0.0349733
             171	         6.26405	         6.98007	       0.0350215
             172	         7.43717	         6.98272	       0.0349186
             173	         6.64314	         6.98076	       0.0347719
             174	         7.08994	         6.98139	       0.0345777
             175	         6.30219	         6.97751	       0.0345973
             176	         6.88891	           6.977	       0.0344043
             177	         6.79221	         6.97596	       0.0342258
             178	         7.18178	         6.97712	        0.034053
             179	         7.77822	         6.98159	       0.0341556
             180	         6.48926	         6.97886	       0.0340752
             181	          7.7796	         6.98328	       0.0341729
             182	         7.02341	          6.9835	       0.0339859
             183	         6.52273	         6.98098	       0.0338933
             184	         7.24403	         6.98241	       0.0337392
             185	          6.7673	         6.98125	       0.0335769
             186	         7.83162	         6.98582	       0.0337062
             187	         7.10782	         6.98647	       0.0335323
             188	         7.17447	         6.98747	       0.0333688
             189	         6.41294	         6.98443	       0.0333304
             190	         7.85422	         6.98901	       0.0334679
             191	         6.70353	         6.98752	        0.033326
             192	         6.47928	         6.98487	       0.0332574
             193	         7.22527	         6.98612	       0.0331084
             194	         7.22177	         6.98733	         0.03296
             195	          6.5166	         6.98492	       0.0328793
             196	         7.22146	         6.98612	       0.0327337
             197	         7.20112	         6.98721	       0.0325857
             198	         7.65469	         6.99059	       0.0325951
             199	         6.85589	         6.98991	       0.0324383
             200	         7.24766	          6.9912	       0.0323017
             201	         7.52257	         6.99384	        0.032249
             202	         6.78936	         6.99283	       0.0321052
             203	         7.26014	         6.99415	       0.0319741
             204	         7.06333	         6.99449	       0.0318191
             205	         7.09273	         6.99496	       0.0316675
             206	         7.37829	         6.99683	       0.0315684
             207	         7.08011	         6.99723	       0.0314185
             208	         7.41939	         6.99926	       0.0313329
             209	         6.90072	         6.99879	       0.0311865
             210	         7.15662	         6.99954	       0.0310471
             211	          6.3355	         6.99639	        0.031059
             212	         7.14515	         6.99709	       0.0309205
             213	         7.30453	         6.99854	        0.030809
             214	         6.96307	         6.99837	       0.0306654
             215	         7.04984	         6.99861	       0.0305237
             216	         6.35209	         6.99562	       0.0305288
             217	         7.31998	         6.99711	       0.0304247
             218	         7.19964	         6.99804	       0.0302993
             219	         6.54947	         6.99599	       0.0302301
             220	         7.18331	         6.99684	       0.0301047
             221	         6.60436	         6.99507	       0.0300208
             222	         6.76311	         6.99402	       0.0299038
             223	          6.3976	         6.99135	        0.029889
             224	         6.93227	         6.99108	       0.0297568
             225	         6.98296	         6.99105	       0.0296245
             226	         7.00457	         6.99111	       0.0294935
             227	         7.30967	         6.99251	        0.029397
             228	         6.93917	         6.99228	        0.029269
             229	         6.57055	         6.99044	        0.029199
             230	         7.74561	         6.99372	       0.0292561
             231	         6.84573	         6.99308	       0.0291365
             232	          7.0758	         6.99343	       0.0290131
             233	          6.9185	         6.99311	       0.0288903
             234	          6.9485	         6.99292	       0.0287675
             235	         7.70067	         6.99593	       0.0288023
             236	         7.02253	         6.99605	       0.0286805
             237	         6.57772	         6.99428	       0.0286137
             238	         6.76339	         6.99331	       0.0285099
             239	         6.87097	          6.9928	       0.0283952
             240	         6.88592	         6.99235	       0.0282804
             241	         6.49544	         6.99029	       0.0282381
             242	         7.22769	         6.99127	       0.0281385
             243	         7.19111	          6.9921	       0.0280347
             244	         7.53622	         6.99433	       0.0280084
             245	         7.24032	         6.99533	        0.027912
             246	          6.4483	         6.99311	        0.027887
             247	         7.26027	         6.99419	       0.0277951
             248	         7.04818	         6.99441	       0.0276838
             249	         6.44227	         6.99219	       0.0276613
             250	         7.26791	         6.99329	       0.0275727
             251	         7.29877	         6.99451	       0.0274896
             252	         7.56965	         6.99679	       0.0274751
             253	         7.03039	         6.99692	       0.0273669
             254	         6.93382	         6.99667	       0.0272603
             255	         7.16635	         6.99734	       0.0271615
             256	         6.92276	         6.99705	       0.0270569
             257	         7.09383	         6.99743	       0.0269543
             258	          6.3937	         6.99509	       0.0269512
             259	         6.94039	         6.99487	       0.0268479
             260	         6.43698	         6.99273	       0.0268303
             261	         6.53645	         6.99098	       0.0267844
             262	         6.75745	         6.99009	        0.026697
             263	         7.13872	         6.99065	       0.0266015
             264	          7.6171	         6.99303	       0.0266063
             265	         7.50659	         6.99496	       0.0265764
             266	         7.51109	         6.99691	       0.0265472
             267	         7.54792	         6.99897	       0.0265279
             268	         7.17723	         6.99963	       0.0264372
             269	         7.00173	         6.99964	        0.026339
             270	         6.95858	         6.99949	       0.0262419
             271	         6.69666	         6.99837	       0.0261688
             272	         6.96578	         6.99825	       0.0260729
             273	         7.65828	         7.00067	       0.0260892
             274	         6.60297	         6.99922	       0.0260343
             275	         6.86536	         6.99873	       0.0259442
             276	         7.65463	         7.00111	       0.0259588
             277	         7.00107	         7.00111	       0.0258651
             278	         6.62304	         6.99975	       0.0258078
             279	          7.0744	         7.00002	       0.0257167
             280	         6.94136	         6.99981	       0.0256257
             281	         7.53768	         7.00172	       0.0256059
             282	         6.11216	         6.99857	       0.0257087
             283	         7.36423	         6.99986	       0.0256503
             284	          6.5671	         6.99833	       0.0256052
             285	          6.5053	          6.9966	       0.0255737
             286	         7.86543	         6.99964	       0.0256641
             287	         6.92326	         6.99938	        0.025576
             288	         5.93952	          6.9957	       0.0257506
             289	         7.07545	         6.99597	        0.025663
             290	          7.0322	          6.9961	       0.0255748
             291	         6.40949	         6.99408	       0.0255663
             292	         7.16152	         6.99465	       0.0254851
             293	         7.68933	         6.99703	       0.0255082
             294	         7.70877	         6.99945	       0.0255361
             295	         7.94444	         7.00265	       0.0256496
             296	         7.12155	         7.00305	       0.0255661
             297	         7.25964	         7.00392	       0.0254946
             298	           6.433	           7.002	        0.025481
             299	         7.26053	         7.00286	       0.0254104
             300	         7.12972	         7.00329	       0.0253292
             301	         6.28949	         7.00092	       0.0253558
             302	         7.30402	         7.00192	       0.0252917
             303	         7.37778	         7.00316	       0.0252387
             304	         7.75637	         7.00564	        0.025277
             305	         7.00027	         7.00562	       0.0251941
             306	         6.78349	         7.00489	       0.0251222
             307	         7.07246	         7.00511	       0.0250413
             308	         6.62801	         7.00389	         0.02499
             309	         6.29824	         7.00161	       0.0250132
             310	         7.40926	         7.00292	       0.0249671
             311	         7.41119	         7.00423	       0.0249213
             312	         7.01964	         7.00428	       0.0248415
             313	         7.02525	         7.00435	       0.0247622
             314	         7.13457	         7.00476	       0.0246868
             315	          6.8349	         7.00423	       0.0246143
             316	         6.28776	         7.00196	       0.0246406
             317	         7.08138	         7.00221	       0.0245642
             318	         6.97205	         7.00211	       0.0244871
             319	         6.64725	           7.001	       0.0244356
             320	         7.81569	         7.00355	       0.0244915
             321	         6.69115	         7.00257	       0.0244345
             322	         6.90797	         7.00228	       0.0243604
             323	         6.85953	         7.00184	        0.024289
             324	         6.80176	         7.00122	       0.0242219
             325	         6.87032	         7.00082	       0.0241507
             326	         7.26042	         7.00161	       0.0240897
             327	         7.59236	         7.00342	       0.0240837
             328	         7.17481	         7.00394	        0.024016
             329	         6.62715	          7.0028	       0.0239703
             330	         6.47383	          7.0012	       0.0239512
             331	          7.1723	         7.00171	       0.0238844
             332	         7.55813	         7.00339	       0.0238712
             333	         6.73237	         7.00257	       0.0238133
             334	         6.04181	          6.9997	       0.0239152
             335	         7.22249	         7.00036	        0.023853
             336	         7.60855	         7.00217	       0.0238506
             337	         6.73551	         7.00138	       0.0237929
             338	         6.39584	         6.99959	       0.0237899
             339	         7.86674	         7.00215	       0.0238569
             340	         6.32072	         7.00014	       0.0238707
             341	         7.04477	         7.00027	       0.0238011
             342	         6.93224	         7.00008	       0.0237323
             343	         6.16706	         6.99765	       0.0237871
             344	          7.3129	         6.99856	       0.0237356
             345	         7.14845	           6.999	       0.0236707
             346	          7.1068	         6.99931	       0.0236044
             347	         7.21262	         6.99992	       0.0235444
             348	         6.56709	         6.99868	       0.0235095
             349	         6.29598	         6.99667	       0.0235282
             350	         7.50197	         6.99811	       0.0235053
             351	         7.34757	         6.99911	       0.0234594
             352	         6.76158	         6.99843	       0.0234024
             353	         6.67891	         6.99753	       0.0233536
             354	         7.42542	         6.99874	       0.0233189
             355	         6.51793	         6.99738	       0.0232925
             356	         6.98363	         6.99734	       0.0232271
             357	         7.37136	         6.99839	       0.0231857
             358	         7.15445	         6.99883	        0.023125
             359	         6.86622	         6.99846	       0.0230636
             360	         7.73766	         7.00051	       0.0230907
             361	         7.72244	         7.00251	       0.0231132
             362	         6.16942	         7.00021	       0.0231636
             363	         6.53126	         6.99892	       0.0231358
             364	         7.46824	         7.00021	       0.0231082
             365	         7.25283	          7.0009	       0.0230552
             366	         6.14574	         6.99856	       0.0231103
             367	         6.23764	         6.99649	       0.0231402
             368	         7.40214	         6.99759	       0.0231035
             369	         6.81029	         6.99708	       0.0230465
             370	         6.58392	         6.99597	       0.0230112
             371	         6.76341	         6.99534	       0.0229577
             372	         6.49074	         6.99398	       0.0229361
             373	         7.31514	         6.99484	       0.0228907
             374	         7.14238	         6.99524	       0.0228329
             375	         7.05351	         6.99539	       0.0227726
             376	         6.85012	         6.99501	       0.0227153
             377	          7.6914	         6.99685	         0.02273
             378	         6.41654	         6.99532	       0.0227217
             379	         7.12563	         6.99566	       0.0226643
             380	         6.26351	         6.99374	       0.0226864
             381	         8.11534	         6.99668	       0.0228171
             382	         7.08235	          6.9969	       0.0227584
             383	         7.24299	         6.99755	       0.0227081
             384	         6.91236	         6.99733	         0.02265
             385	         7.21906	          6.9979	       0.0225985
             386	         7.61054	         6.99949	       0.0225956
             387	         7.14943	         6.99988	       0.0225406
             388	         6.51438	         6.99862	       0.0225172
             389	         6.83806	         6.99821	       0.0224631
             390	         7.03903	         6.99832	       0.0224057
             391	         7.39648	         6.99933	       0.0223716
             392	         7.61029	         7.00089	       0.0223687
             393	         7.37407	         7.00184	       0.0223319
             394	         7.44466	         7.00297	       0.0223035
             395	         7.00572	         7.00297	       0.0222471
             396	          7.6027	         7.00449	       0.0222424
             397	         6.57404	          7.0034	       0.0222128
             398	         6.63589	         7.00248	       0.0221761
             399	         6.71622	         7.00176	       0.0221321
             400	         7.36564	         7.00267	       0.0220955
             401	         7.07294	         7.00285	       0.0220411
             402	         6.70258	          7.0021	       0.0219989
             403	         6.77445	         7.00154	       0.0219516
             404	         7.45582	         7.00266	        0.021926
             405	         7.07004	         7.00283	       0.0218725
             406	         7.84716	         7.00491	       0.0219173
             407	         7.02499	         7.00496	       0.0218635
             408	         7.22149	         7.00549	       0.0218164
             409	         6.92514	         7.00529	       0.0217639
             410	         5.63374	         7.00194	       0.0219664
             411	         6.09779	         6.99975	       0.0220228
             412	         6.55106	         6.99866	       0.0219963
             413	         7.91224	         7.00087	        0.022054
             414	         6.40209	         6.99942	       0.0220481
             415	         6.32475	          6.9978	       0.0220548
             416	         6.60139	         6.99684	       0.0220224
             417	         6.11568	         6.99473	       0.0220707
             418	          6.3115	          6.9931	       0.0220784
             419	         7.05609	         6.99325	       0.0220262
             420	          7.1131	         6.99353	       0.0219756
             421	         6.47228	         6.99229	       0.0219582
             422	         7.59595	         6.99372	       0.0219527
             423	         6.66975	         6.99296	       0.0219142
             424	         6.59245	         6.99201	       0.0218829
             425	         7.17208	         6.99244	       0.0218355
             426	         8.63653	          6.9963	       0.0221227
             427	         7.26336	         6.99692	       0.0220797
             428	         6.97095	         6.99686	       0.0220282
             429	         7.73864	         6.99859	       0.0220446
             430	         7.10947	         6.99885	       0.0219948
             431	         6.57479	         6.99786	       0.0219658
             432	         7.33175	         6.99864	       0.0219285
             433	         7.22324	         6.99916	        0.021884
             434	         7.53915	          7.0004	        0.021869
             435	         6.19261	         6.99854	       0.0218974
             436	         6.61274	         6.99766	        0.021865
             437	         6.70795	         6.99699	        0.021825
             438	         6.29554	         6.99539	       0.0218339
             439	         7.20348	         6.99587	       0.0217893
             440	         7.17497	         6.99627	       0.0217436
             441	         7.15643	         6.99664	       0.0216973
             442	         6.97458	         6.99659	       0.0216483
             443	         6.65522	         6.99582	       0.0216131
             444	         7.08896	         6.99603	       0.0215655
             445	         6.59837	         6.99513	       0.0215355
             446	         7.27954	         6.99577	       0.0214967
             447	         7.37978	         6.99663	       0.0214657
             448	         6.16077	         6.99476	       0.0214987
             449	         6.90502	         6.99456	       0.0214518
             450	         7.66096	         6.99605	       0.0214552
             451	         6.72152	         6.99544	       0.0214162
             452	         7.14221	         6.99576	       0.0213713
             453	         7.11269	         6.99602	       0.0213257
             454	         7.41853	         6.99695	        0.021299
             455	         6.77038	         6.99645	        0.021258
             456	         7.96535	         6.99858	       0.0213173
             457	         6.99228	         6.99856	       0.0212707
             458	         6.66027	         6.99782	       0.0212371
             459	         7.31894	         6.99852	       0.0212023
             460	         6.91566	         6.99834	        0.021157
             461	         6.88248	         6.99809	       0.0211126
             462	         7.72198	         6.99966	        0.021125
             463	         7.87912	         7.00156	       0.0211646
             464	         6.94399	         7.00143	       0.0211193
             465	         7.97059	         7.00352	       0.0211765
             466	         6.82518	         7.00314	       0.0211345
             467	         7.38542	         7.00396	       0.0211051
             468	         7.26879	         7.00452	       0.0210676
             469	         7.35851	         7.00528	       0.0210362
             470	         7.13137	         7.00554	       0.0209931
             471	         6.70506	         7.00491	       0.0209582
             472	          6.8724	         7.00463	       0.0209157
             473	         6.11725	         7.00275	       0.0209555
             474	         7.14827	         7.00306	       0.0209135
             475	         6.68987	          7.0024	       0.0208799
             476	         7.22398	         7.00286	       0.0208412
             477	         7.16405	          7.0032	       0.0208002
             478	         7.30453	         7.00383	       0.0207663
             479	         6.72574	         7.00325	        0.020731
             480	         7.31115	         7.00389	       0.0206978
             481	         7.47006	         7.00486	       0.0206774
             482	         7.11263	         7.00508	       0.0206357
             483	         6.67378	          7.0044	       0.0206044
             484	         7.16959	         7.00474	       0.0205647
             485	         7.71954	         7.00621	        0.020575
             486	         7.41234	         7.00705	       0.0205496
             487	         6.10985	         7.00521	       0.0205898
             488	         6.89411	         7.00498	       0.0205489
             489	          8.0859	         7.00719	       0.0206254
             490	         7.63406	         7.00847	        0.020623
             491	         6.74766	         7.00794	       0.0205878
             492	         6.54888	           7.007	       0.0205671
             493	         6.70144	         7.00639	       0.0205347
             494	         7.17771	         7.00673	       0.0204961
             495	         7.19706	         7.00712	       0.0204583
             496	         7.09819	          7.0073	       0.0204179
             497	         7.12508	         7.00754	       0.0203782
             498	         6.68373	         7.00689	       0.0203476
             499	         6.66379	          7.0062	       0.0203184
             500	         6.21145	         7.00461	       0.0203399
