#     BLOCK:   ACTUAL_X:     X_AVE:       ERROR:
               1	        0.729186	        0.729186	               0
               2	        0.620166	        0.674676	       0.0385446
               3	        0.650924	        0.666759	       0.0264971
               4	        0.748524	          0.6872	       0.0266142
               5	        0.741269	        0.698014	       0.0233853
               6	        0.718621	        0.701448	       0.0197383
               7	        0.607255	        0.687992	       0.0210105
               8	        0.714152	        0.691262	       0.0186369
               9	          0.6656	        0.688411	       0.0167828
              10	        0.758234	        0.695393	       0.0164932
              11	        0.642483	        0.690583	       0.0156795
              12	        0.660828	        0.688103	       0.0145676
              13	        0.671945	         0.68686	          0.0135
              14	        0.760938	        0.692152	        0.013533
              15	        0.698428	         0.69257	       0.0126372
              16	        0.718621	        0.694198	       0.0119518
              17	        0.671283	         0.69285	       0.0113245
              18	        0.745683	        0.695785	       0.0110692
              19	        0.646152	        0.693173	       0.0107905
              20	        0.702566	        0.693643	       0.0102612
              21	        0.659531	        0.692018	      0.00990029
              22	        0.631421	        0.689264	      0.00982597
              23	        0.628855	        0.686637	      0.00974346
              24	        0.703503	         0.68734	      0.00936279
              25	         0.75429	        0.690018	      0.00936343
              26	         0.64811	        0.688406	      0.00914098
              27	        0.687862	        0.688386	      0.00880245
              28	        0.650979	         0.68705	      0.00858886
              29	        0.727972	        0.688461	      0.00840781
              30	        0.674897	        0.688009	       0.0081397
              31	        0.655421	        0.686958	      0.00794472
              32	        0.668166	        0.686371	      0.00771812
              33	        0.724828	        0.687536	      0.00757171
              34	        0.664634	        0.686862	      0.00737891
              35	        0.635393	        0.685392	      0.00731315
              36	        0.689793	        0.685514	      0.00711103
              37	        0.741876	        0.687037	      0.00708012
              38	        0.718483	        0.687865	      0.00694199
              39	        0.660441	        0.687162	      0.00679951
              40	         0.73931	        0.688466	      0.00675335
              41	           0.632	        0.687088	      0.00672759
              42	        0.724469	        0.687978	      0.00662602
              43	        0.620028	        0.686398	       0.0066577
              44	        0.665738	        0.685929	      0.00652293
              45	        0.641324	        0.684937	      0.00645284
              46	        0.648552	        0.684146	      0.00636086
              47	        0.746786	        0.685479	      0.00636362
              48	        0.703255	        0.685849	      0.00624181
              49	        0.599697	        0.684091	      0.00635723
              50	        0.621186	        0.682833	      0.00635336
              51	        0.726786	        0.683695	      0.00628696
              52	        0.663338	        0.683303	      0.00617824
              53	        0.779448	        0.685118	      0.00632238
              54	        0.752193	         0.68636	      0.00632614
              55	        0.724634	        0.687056	      0.00624928
              56	         0.69371	        0.687174	      0.00613882
              57	        0.712966	        0.687627	      0.00604777
              58	        0.632579	        0.686678	      0.00601751
              59	        0.768138	        0.688058	      0.00607185
              60	        0.699034	        0.688241	      0.00597341
              61	        0.704966	        0.688516	      0.00588177
              62	        0.773931	        0.689893	      0.00594606
              63	        0.739834	        0.690686	      0.00590428
              64	        0.694262	        0.690742	      0.00581229
              65	        0.709103	        0.691024	      0.00572973
              66	        0.624552	        0.690017	      0.00573075
              67	          0.6976	         0.69013	      0.00564634
              68	        0.685683	        0.690065	      0.00556368
              69	        0.662097	         0.68966	      0.00549779
              70	        0.686124	        0.689609	      0.00541949
              71	        0.702869	        0.689796	      0.00534637
              72	        0.614372	        0.688748	      0.00537376
              73	        0.723007	        0.689218	       0.0053206
              74	        0.709793	        0.689496	      0.00525596
              75	        0.674897	        0.689301	      0.00518949
              76	        0.658703	        0.688898	       0.0051368
              77	        0.676662	        0.688739	      0.00507254
              78	        0.747531	        0.689493	       0.0050632
              79	        0.693103	        0.689539	      0.00499931
              80	        0.748772	        0.690279	      0.00499135
              81	        0.667283	        0.689995	       0.0049378
              82	        0.705545	        0.690185	      0.00488122
              83	         0.67989	        0.690061	      0.00482399
              84	        0.656828	        0.689665	      0.00478275
              85	        0.631945	        0.688986	      0.00477445
              86	          0.7104	        0.689235	      0.00472542
              87	        0.724938	        0.689646	      0.00468889
              88	        0.678731	        0.689522	      0.00463725
              89	        0.709876	         0.68975	      0.00459078
              90	        0.682179	        0.689666	      0.00454054
              91	        0.689876	        0.689669	      0.00449065
              92	        0.757766	        0.690409	      0.00450243
              93	        0.645545	        0.689926	      0.00447978
              94	        0.683007	        0.689853	      0.00443273
              95	        0.751476	        0.690501	      0.00443328
              96	         0.69349	        0.690532	       0.0043872
              97	        0.654869	        0.690165	      0.00435735
              98	        0.632138	        0.689573	      0.00435294
              99	        0.720248	        0.689883	      0.00431998
             100	        0.688745	        0.689871	       0.0042768
             101	        0.629241	        0.689271	      0.00427637
             102	        0.712717	        0.689501	      0.00424062
             103	        0.713159	         0.68973	      0.00420567
             104	        0.722731	        0.690048	      0.00417718
             105	        0.722234	        0.690354	      0.00414863
             106	        0.726014	        0.690691	      0.00412311
             107	         0.63931	        0.690211	      0.00411244
             108	        0.719034	        0.690477	      0.00408302
             109	        0.659172	         0.69019	      0.00405565
             110	        0.687834	        0.690169	      0.00401883
             111	        0.671614	        0.690002	       0.0039861
             112	        0.688855	        0.689991	      0.00395052
             113	        0.749379	        0.690517	      0.00395037
             114	        0.694648	        0.690553	      0.00391588
             115	        0.733959	        0.690931	      0.00389998
             116	        0.731669	        0.691282	      0.00388214
             117	        0.677297	        0.691162	       0.0038508
             118	        0.728524	        0.691479	      0.00383116
             119	         0.68731	        0.691444	      0.00379912
             120	        0.760524	         0.69202	      0.00381083
             121	        0.701683	        0.692099	      0.00378017
             122	        0.708497	        0.692234	      0.00375158
             123	        0.679421	         0.69213	      0.00372252
             124	        0.673021	        0.691976	      0.00369569
             125	        0.601986	        0.691256	      0.00373558
             126	        0.644607	        0.690885	      0.00372424
             127	        0.700662	        0.690962	      0.00369571
             128	        0.616028	        0.690377	      0.00371291
             129	        0.717821	         0.69059	      0.00369022
             130	        0.667945	        0.690415	      0.00366594
             131	        0.686952	        0.690389	      0.00363806
             132	        0.722676	        0.690634	      0.00361871
             133	        0.826538	        0.691655	      0.00373298
             134	        0.651503	        0.691356	      0.00371713
             135	        0.694455	        0.691379	      0.00368967
             136	        0.703807	         0.69147	      0.00366367
             137	        0.657021	        0.691219	      0.00364555
             138	        0.733407	        0.691524	      0.00363193
             139	        0.682786	        0.691462	      0.00360634
             140	        0.686207	        0.691424	      0.00358078
             141	        0.659448	        0.691197	      0.00356256
             142	         0.68571	        0.691159	      0.00353768
             143	        0.696083	        0.691193	      0.00351311
             144	        0.717766	        0.691378	      0.00349355
             145	        0.702621	        0.691455	      0.00347032
             146	        0.622538	        0.690983	       0.0034785
             147	        0.672717	        0.690859	      0.00345706
             148	        0.693545	        0.690877	      0.00343375
             149	        0.723476	        0.691096	      0.00341767
             150	        0.718703	         0.69128	      0.00339983
             151	        0.648248	        0.690995	      0.00338924
             152	        0.677462	        0.690906	      0.00336811
             153	        0.689186	        0.690895	      0.00334612
             154	        0.721131	        0.691091	      0.00333015
             155	        0.735366	        0.691377	      0.00332089
             156	        0.750703	        0.691757	       0.0033213
             157	        0.683697	        0.691706	      0.00330055
             158	        0.765848	        0.692175	      0.00331285
             159	        0.682455	        0.692114	      0.00329258
             160	        0.654041	        0.691876	      0.00328058
             161	        0.659614	        0.691675	      0.00326632
             162	        0.688359	        0.691655	      0.00324622
             163	        0.685738	        0.691619	      0.00322651
             164	        0.805517	        0.692313	      0.00328073
             165	        0.739503	        0.692599	      0.00327329
             166	        0.713986	        0.692728	      0.00325611
             167	        0.700414	        0.692774	      0.00323694
             168	        0.707531	        0.692862	      0.00321886
             169	        0.651476	        0.692617	      0.00320911
             170	        0.648828	        0.692359	      0.00320056
             171	        0.696717	        0.692385	      0.00318194
             172	        0.655834	        0.692172	      0.00317053
             173	        0.675724	        0.692077	      0.00315363
             174	        0.665241	        0.691923	      0.00313927
             175	         0.76389	        0.692334	      0.00314816
             176	        0.680221	        0.692265	      0.00313102
             177	        0.643669	        0.691991	      0.00312535
             178	        0.696497	        0.692016	      0.00310789
             179	        0.698014	         0.69205	      0.00309071
             180	        0.633021	        0.691722	      0.00309089
             181	        0.657352	        0.691532	      0.00307964
             182	        0.656083	        0.691337	      0.00306887
             183	        0.650345	        0.691113	      0.00306026
             184	        0.683917	        0.691074	      0.00304388
             185	        0.680166	        0.691015	        0.003028
             186	        0.770621	        0.691443	      0.00304182
             187	        0.721021	        0.691601	      0.00302966
             188	        0.660441	        0.691435	      0.00301807
             189	         0.66869	        0.691315	       0.0030045
             190	        0.671917	        0.691213	      0.00299043
             191	        0.669848	        0.691101	      0.00297686
             192	        0.672028	        0.691002	      0.00296301
             193	        0.684248	        0.690967	      0.00294787
             194	        0.657021	        0.690792	      0.00293786
             195	           0.672	        0.690695	      0.00292437
             196	        0.740993	        0.690952	      0.00292069
             197	        0.622566	        0.690605	      0.00292642
             198	        0.610759	        0.690202	       0.0029393
             199	            0.66	         0.69005	      0.00292844
             200	        0.699062	        0.690095	      0.00291415
