#     BLOCK:   ACTUAL_TE:    TE_AVE:      ERROR:
           1	   -0.682388	   -0.682388	           0
           2	   -0.684248	   -0.683318	 0.000657666
           3	   -0.680607	   -0.682414	 0.000858194
           4	    -0.67817	   -0.681353	  0.00112197
           5	   -0.677349	   -0.680552	  0.00114829
           6	   -0.681027	   -0.680631	 0.000959625
           7	   -0.682149	   -0.680848	 0.000846678
           8	   -0.684262	   -0.681275	 0.000841543
           9	   -0.681123	   -0.681258	 0.000748208
          10	   -0.680531	   -0.681185	 0.000676914
          11	    -0.68141	   -0.681206	 0.000615686
          12	   -0.682535	   -0.681317	 0.000574265
          13	   -0.683246	   -0.681465	 0.000548943
          14	   -0.683204	   -0.681589	 0.000523594
          15	   -0.680125	   -0.681492	 0.000497697
          16	   -0.681586	   -0.681498	 0.000466627
          17	   -0.679256	   -0.681366	 0.000457428
          18	   -0.681536	   -0.681375	 0.000432112
          19	   -0.684061	   -0.681516	  0.00043187
          20	    -0.68208	   -0.681545	 0.000411195
          21	   -0.684228	   -0.681672	 0.000410984
          22	   -0.681269	   -0.681654	 0.000392711
          23	   -0.680728	   -0.681614	 0.000377696
          24	   -0.681535	   -0.681611	 0.000361973
          25	   -0.682862	   -0.681661	 0.000350937
          26	   -0.682931	   -0.681709	 0.000340823
          27	   -0.676429	   -0.681514	 0.000380192
          28	   -0.681912	   -0.681528	 0.000366879
          29	   -0.684052	   -0.681615	 0.000364404
          30	   -0.682339	   -0.681639	 0.000353056
          31	   -0.678407	   -0.681535	 0.000356727
          32	   -0.683276	   -0.681589	 0.000349705
          33	   -0.681079	   -0.681574	  0.00033945
          34	   -0.684016	   -0.681646	  0.00033698
          35	   -0.684474	   -0.681727	   0.0003369
          36	    -0.68267	   -0.681753	  0.00032856
          37	   -0.679412	   -0.681689	 0.000325713
          38	   -0.683438	   -0.681735	 0.000320374
          39	   -0.680949	   -0.681715	 0.000312793
          40	   -0.680611	   -0.681688	  0.00030619
          41	   -0.685612	   -0.681783	 0.000313327
          42	   -0.682293	   -0.681796	 0.000306102
          43	   -0.684026	   -0.681847	 0.000303345
          44	    -0.68063	    -0.68182	  0.00029771
          45	   -0.677789	    -0.68173	 0.000304269
          46	   -0.684794	   -0.681797	 0.000304859
          47	   -0.679115	    -0.68174	 0.000303665
          48	   -0.685667	   -0.681822	 0.000308162
          49	     -0.6803	   -0.681791	 0.000303433
          50	   -0.684964	   -0.681854	 0.000303929
          51	   -0.683714	    -0.68189	  0.00030015
          52	   -0.684645	   -0.681943	 0.000299015
          53	   -0.683945	   -0.681981	 0.000295749
          54	    -0.68013	   -0.681947	 0.000292253
          55	   -0.684717	   -0.681997	 0.000291248
          56	   -0.682381	   -0.682004	 0.000286128
          57	   -0.678828	   -0.681948	 0.000286482
          58	   -0.678418	   -0.681888	 0.000287935
          59	   -0.679801	   -0.681852	 0.000285219
          60	   -0.680551	    -0.68183	 0.000281288
          61	   -0.684079	   -0.681867	 0.000279081
          62	   -0.681948	   -0.681869	 0.000274583
          63	   -0.686253	   -0.681938	 0.000278905
          64	   -0.678552	   -0.681885	 0.000279521
          65	   -0.676429	   -0.681801	 0.000287551
          66	   -0.680074	   -0.681775	 0.000284382
          67	   -0.683522	   -0.681801	  0.00028133
          68	    -0.68101	    -0.68179	 0.000277433
          69	   -0.680122	   -0.681765	 0.000274463
          70	   -0.682478	   -0.681776	 0.000270731
          71	   -0.680593	   -0.681759	 0.000267429
          72	   -0.682407	   -0.681768	 0.000263866
          73	   -0.682097	   -0.681773	  0.00026029
          74	   -0.681551	    -0.68177	  0.00025679
          75	   -0.681876	   -0.681771	  0.00025337
          76	   -0.682274	   -0.681778	 0.000250123
          77	    -0.68131	   -0.681771	 0.000246948
          78	   -0.683084	   -0.681788	 0.000244354
          79	   -0.680425	   -0.681771	  0.00024187
          80	   -0.679897	   -0.681748	 0.000239979
          81	   -0.680469	   -0.681732	 0.000237534
          82	   -0.679852	   -0.681709	 0.000235742
          83	   -0.682801	   -0.681722	 0.000233269
          84	   -0.682452	   -0.681731	 0.000230653
          85	   -0.683512	   -0.681752	  0.00022889
          86	   -0.678551	   -0.681714	 0.000229234
          87	   -0.682342	   -0.681722	 0.000226713
          88	   -0.676936	   -0.681667	 0.000230567
          89	    -0.68422	   -0.681696	 0.000229753
          90	   -0.679059	   -0.681667	 0.000229061
          91	   -0.676848	   -0.681614	 0.000232584
          92	   -0.683008	   -0.681629	 0.000230549
          93	    -0.68005	   -0.681612	 0.000228694
          94	   -0.682972	   -0.681626	 0.000226718
          95	   -0.680399	   -0.681613	   0.0002247
          96	   -0.681553	   -0.681613	  0.00022236
          97	   -0.678516	   -0.681581	 0.000222347
          98	   -0.682327	   -0.681589	 0.000220209
          99	   -0.682335	   -0.681596	 0.000218113
         100	   -0.682989	    -0.68161	 0.000216377
