#     BLOCK:   ACTUAL_TE:    TE_AVE:      ERROR:
           1	   -0.685449	   -0.685449	           0
           2	    -0.69115	   -0.688299	  0.00201554
           3	    -0.67825	    -0.68495	  0.00304719
           4	   -0.687378	   -0.685557	  0.00234511
           5	   -0.687447	   -0.685935	  0.00190632
           6	   -0.685969	   -0.685941	  0.00158861
           7	   -0.674874	    -0.68436	  0.00199907
           8	   -0.667755	   -0.682284	  0.00261325
           9	   -0.681131	   -0.682156	  0.00232603
          10	   -0.682414	   -0.682182	  0.00209357
          11	   -0.685818	   -0.682512	  0.00192916
          12	   -0.680673	   -0.682359	  0.00177448
          13	   -0.679788	   -0.682161	  0.00164896
          14	   -0.682073	   -0.682155	  0.00153119
          15	   -0.676004	   -0.681745	  0.00148301
          16	   -0.691166	   -0.682334	  0.00150268
          17	   -0.689141	   -0.682734	  0.00146667
          18	   -0.680798	   -0.682627	  0.00138912
          19	   -0.696545	   -0.683359	  0.00149675
          20	   -0.680472	   -0.683215	  0.00142885
          21	   -0.683516	   -0.683229	  0.00136089
          22	   -0.686371	   -0.683372	   0.0013065
          23	   -0.668204	   -0.682712	  0.00140632
          24	   -0.682048	   -0.682685	    0.001348
          25	   -0.685232	   -0.682787	  0.00129792
          26	   -0.685402	   -0.682887	  0.00125189
          27	   -0.682862	   -0.682886	  0.00120553
          28	   -0.669474	   -0.682407	  0.00125404
          29	   -0.688684	   -0.682624	  0.00122933
          30	   -0.674278	   -0.682346	  0.00121943
          31	   -0.677953	   -0.682204	   0.0011883
          32	   -0.669266	     -0.6818	  0.00121801
          33	    -0.69306	   -0.682141	  0.00122796
          34	   -0.685898	   -0.682251	  0.00119681
          35	   -0.666871	   -0.681812	  0.00124067
          36	   -0.669374	   -0.681466	  0.00125339
          37	   -0.673573	   -0.681253	  0.00123754
          38	   -0.691294	   -0.681517	  0.00123286
          39	   -0.672727	   -0.681292	  0.00122167
          40	    -0.68168	   -0.681302	  0.00119117
          41	    -0.68096	   -0.681293	  0.00116215
          42	    -0.67918	   -0.681243	  0.00113556
          43	   -0.671054	   -0.681006	  0.00113361
          44	   -0.665342	    -0.68065	   0.0011624
          45	   -0.674737	   -0.680519	  0.00114397
          46	   -0.675991	    -0.68042	  0.00112333
          47	   -0.671001	    -0.68022	  0.00111716
          48	    -0.68542	   -0.680328	  0.00109913
          49	   -0.677125	   -0.680263	  0.00107864
          50	   -0.692683	   -0.680511	  0.00108529
          51	   -0.675868	    -0.68042	  0.00106782
          52	    -0.67797	   -0.680373	  0.00104833
          53	   -0.679742	   -0.680361	  0.00102861
          54	   -0.687484	   -0.680493	  0.00101799
          55	   -0.675286	   -0.680398	  0.00100387
          56	   -0.682892	   -0.680443	 0.000986934
          57	   -0.682428	   -0.680478	 0.000970234
          58	   -0.689114	   -0.680627	 0.000964863
          59	   -0.683208	    -0.68067	 0.000949501
          60	   -0.676274	   -0.680597	 0.000936498
          61	   -0.684514	   -0.680661	 0.000923345
          62	   -0.696489	   -0.680917	 0.000943082
          63	    -0.68217	   -0.680936	 0.000928323
          64	   -0.680526	    -0.68093	  0.00091384
          65	   -0.679376	   -0.680906	 0.000900093
          66	   -0.680349	   -0.680898	 0.000886495
          67	   -0.679724	    -0.68088	 0.000873437
          68	   -0.674879	   -0.680792	 0.000865039
          69	   -0.682554	   -0.680817	 0.000852879
          70	    -0.68091	   -0.680819	 0.000840696
          71	   -0.684917	   -0.680876	 0.000830834
          72	   -0.685223	   -0.680937	 0.000821485
          73	   -0.692184	   -0.681091	 0.000824554
          74	   -0.686388	   -0.681162	 0.000816512
          75	    -0.68207	   -0.681175	 0.000805715
          76	   -0.679606	   -0.681154	 0.000795378
          77	   -0.683201	   -0.681181	 0.000785492
          78	   -0.692276	   -0.681323	 0.000788197
          79	   -0.681946	   -0.681331	 0.000778259
          80	    -0.67481	   -0.681249	 0.000772788
          81	   -0.676448	    -0.68119	 0.000765517
          82	   -0.684261	   -0.681227	 0.000757097
          83	   -0.677126	   -0.681178	 0.000749586
          84	   -0.674642	     -0.6811	  0.00074469
          85	   -0.684829	   -0.681144	  0.00073722
          86	   -0.674538	   -0.681067	 0.000732638
          87	   -0.672187	   -0.680965	 0.000731292
          88	   -0.692238	   -0.681093	 0.000734115
          89	   -0.689307	   -0.681185	 0.000731645
          90	    -0.68565	   -0.681235	 0.000725195
          91	    -0.68571	   -0.681284	 0.000718891
          92	   -0.682469	   -0.681297	 0.000711193
          93	   -0.687882	   -0.681368	 0.000707062
          94	   -0.679888	   -0.681352	 0.000699715
          95	   -0.674801	   -0.681283	  0.00069574
          96	   -0.674422	   -0.681212	 0.000692154
          97	   -0.679374	   -0.681193	 0.000685277
          98	   -0.682442	   -0.681206	 0.000678403
          99	    -0.67623	   -0.681155	  0.00067341
         100	   -0.682089	   -0.681165	 0.000666741
