#     BLOCK:   ACTUAL_TE:    TE_AVE:      ERROR:
           1	    -0.55616	    -0.55616	           0
           2	    -0.56136	    -0.55876	  0.00183848
           3	    -0.55952	   -0.559013	  0.00124298
           4	    -0.55888	    -0.55898	 0.000932684
           5	     -0.5648	   -0.560144	  0.00128088
           6	    -0.55608	   -0.559467	  0.00123356
           7	    -0.56656	    -0.56048	  0.00141354
           8	    -0.56064	     -0.5605	  0.00123699
           9	    -0.55256	   -0.559618	  0.00137871
          10	    -0.55784	    -0.55944	  0.00125225
          11	    -0.57216	   -0.560596	   0.0015848
          12	    -0.55336	   -0.559993	  0.00156326
          13	    -0.55944	   -0.559951	  0.00144359
          14	       -0.56	   -0.559954	  0.00134048
          15	     -0.5544	   -0.559584	  0.00130125
          16	    -0.55784	   -0.559475	  0.00122448
          17	    -0.55816	   -0.559398	  0.00115489
          18	    -0.56192	   -0.559538	   0.0010992
          19	    -0.56904	   -0.560038	   0.0011495
          20	    -0.56384	   -0.560228	  0.00110764
          21	    -0.55504	   -0.559981	  0.00108209
          22	    -0.56024	   -0.559993	  0.00103297
          23	    -0.55416	   -0.559739	  0.00101871
          24	    -0.55272	   -0.559447	  0.00101738
          25	    -0.56424	   -0.559638	 0.000994589
          26	    -0.56904	       -0.56	  0.00101995
          27	    -0.56112	   -0.560041	  0.00098302
          28	     -0.5572	    -0.55994	 0.000953136
          29	    -0.55432	   -0.559746	 0.000939763
          30	    -0.56064	   -0.559776	  0.00090891
          31	    -0.55856	   -0.559737	 0.000880437
          32	    -0.55472	    -0.55958	 0.000866768
          33	    -0.55744	   -0.559515	 0.000842925
          34	    -0.55856	   -0.559487	 0.000818601
          35	    -0.55384	   -0.559326	 0.000810957
          36	    -0.55992	   -0.559342	 0.000788598
          37	     -0.5476	   -0.559025	 0.000828686
          38	    -0.56072	   -0.559069	 0.000808078
          39	    -0.55816	   -0.559046	 0.000787694
          40	    -0.56544	   -0.559206	 0.000784053
          41	    -0.55088	   -0.559003	 0.000790791
          42	    -0.55696	   -0.558954	 0.000773457
          43	    -0.55504	   -0.558863	 0.000760808
          44	     -0.5552	    -0.55878	 0.000748058
          45	     -0.5712	   -0.559056	 0.000780692
          46	     -0.5528	    -0.55892	 0.000775476
          47	    -0.56592	   -0.559069	 0.000773146
          48	    -0.54952	    -0.55887	 0.000782214
          49	    -0.55336	   -0.558758	 0.000774291
          50	    -0.56672	   -0.558917	 0.000775009
          51	    -0.55928	   -0.558924	 0.000759845
          52	    -0.56592	   -0.559058	  0.00075705
          53	    -0.57336	   -0.559328	 0.000789393
          54	    -0.57024	    -0.55953	  0.00080022
          55	     -0.5612	   -0.559561	 0.000786246
          56	    -0.56592	   -0.559674	 0.000780363
          57	    -0.55664	   -0.559621	 0.000768486
          58	    -0.55696	   -0.559575	 0.000756605
          59	    -0.56544	   -0.559675	 0.000750282
          60	    -0.55792	   -0.559645	 0.000738347
          61	     -0.5572	   -0.559605	 0.000727331
          62	    -0.56752	   -0.559733	 0.000726716
          63	    -0.55584	   -0.559671	 0.000717803
          64	    -0.57376	   -0.559891	 0.000739574
          65	    -0.55968	   -0.559888	 0.000728203
          66	    -0.56408	   -0.559952	 0.000719934
          67	    -0.56328	   -0.560001	 0.000710901
          68	    -0.55688	   -0.559955	 0.000701927
          69	     -0.5616	   -0.559979	 0.000692159
          70	    -0.56568	   -0.560061	 0.000687045
          71	    -0.55184	   -0.559945	 0.000687055
          72	    -0.55832	   -0.559922	 0.000677883
          73	      -0.558	   -0.559896	 0.000669109
          74	     -0.5664	   -0.559984	 0.000665814
          75	    -0.55464	   -0.559913	 0.000660738
          76	    -0.57048	   -0.560052	 0.000666514
          77	    -0.55056	   -0.559928	  0.00066916
          78	     -0.5592	   -0.559919	 0.000660646
          79	     -0.5644	   -0.559976	 0.000654714
          80	     -0.5664	   -0.560056	 0.000651436
          81	    -0.55328	   -0.559972	 0.000648743
          82	    -0.55448	   -0.559905	 0.000644279
          83	    -0.57048	   -0.560033	 0.000648992
          84	    -0.56448	   -0.560086	 0.000643422
          85	    -0.55968	   -0.560081	  0.00063587
          86	    -0.56528	   -0.560141	 0.000631343
          87	    -0.55936	   -0.560132	  0.00062415
          88	    -0.56584	   -0.560197	 0.000620418
          89	    -0.55632	   -0.560154	 0.000614975
          90	    -0.56184	   -0.560172	 0.000608427
          91	      -0.572	   -0.560302	 0.000615467
          92	    -0.56176	   -0.560318	 0.000608981
          93	    -0.56336	   -0.560351	 0.000603311
          94	    -0.57048	   -0.560459	 0.000606439
          95	    -0.55984	   -0.560452	 0.000600091
          96	    -0.56624	   -0.560513	 0.000596861
          97	    -0.57032	   -0.560614	  0.00059921
          98	    -0.55976	   -0.560605	 0.000593159
          99	     -0.5644	   -0.560643	 0.000588405
         100	    -0.55352	   -0.560572	 0.000586817
