#     BLOCK:   ACTUAL_M:     M_AVE:       ERROR:
               1	       -0.025524	       -0.025524	               0
               2	        0.128072	        0.051274	       0.0543044
               3	       -0.094636	      0.00263733	        0.053737
               4	        0.026612	        0.008631	       0.0406357
               5	        0.004224	       0.0077496	       0.0325181
               6	       -0.078844	     -0.00668267	       0.0301314
               7	       -0.014788	     -0.00784057	       0.0258491
               8	       -0.063456	      -0.0147925	       0.0235343
               9	       -0.057272	      -0.0195124	       0.0213874
              10	       -0.026724	      -0.0202336	       0.0192608
              11	         0.09546	       -0.009716	       0.0201782
              12	        -0.03234	      -0.0116013	       0.0185845
              13	        0.042676	     -0.00742615	       0.0176177
              14	       -0.055592	      -0.0108666	       0.0166918
              15	        0.143896	    -0.000549067	       0.0184949
              16	         0.00014	       -0.000506	        0.017339
              17	       -0.070856	     -0.00464424	       0.0168056
              18	        -0.00812	     -0.00483733	       0.0158731
              19	       -0.083984	     -0.00900295	       0.0155747
              20	       -0.015824	       -0.009344	       0.0147997
              21	       -0.139296	      -0.0155322	       0.0153342
              22	        0.064396	      -0.0118991	       0.0150614
              23	        0.030004	      -0.0100772	       0.0145163
              24	         0.09882	     -0.00553983	       0.0146034
              25	       -0.005656	     -0.00554448	       0.0140193
              26	        0.006964	     -0.00506338	       0.0134883
              27	        0.032528	     -0.00367111	       0.0130604
              28	        0.056992	     -0.00150457	       0.0127724
              29	       -0.011312	     -0.00184276	       0.0123365
              30	       -0.059824	     -0.00377547	       0.0120757
              31	        -0.03458	     -0.00476916	        0.011727
              32	       -0.046856	     -0.00608438	        0.011434
              33	       -0.073776	     -0.00813564	         0.01127
              34	        -0.01238	     -0.00826047	       0.0109392
              35	       -0.028408	     -0.00883611	       0.0106418
              36	       -0.054972	      -0.0101177	       0.0104231
              37	       -0.066852	       -0.011651	       0.0102536
              38	       -0.089096	      -0.0136891	       0.0101843
              39	       -0.053588	      -0.0147121	      0.00997438
              40	       -0.154184	      -0.0181989	       0.0103165
              41	        -0.02462	      -0.0183555	       0.0100661
              42	         0.02888	      -0.0172309	      0.00988901
              43	        0.013096	      -0.0165256	      0.00968415
              44	       -0.010452	      -0.0163875	      0.00946504
              45	       -0.054612	       -0.017237	      0.00929275
              46	        0.052484	      -0.0157213	      0.00921351
              47	       -0.011508	      -0.0156317	      0.00901791
              48	        0.088136	      -0.0134698	      0.00908546
              49	        0.005016	      -0.0130926	      0.00890788
              50	       -0.054648	      -0.0139237	       0.0087684
              51	       -0.023172	       -0.014105	      0.00859835
              52	         0.00704	      -0.0136984	      0.00844261
              53	        0.051948	      -0.0124598	      0.00837368
              54	        0.010784	      -0.0120293	      0.00822967
              55	        0.017204	      -0.0114978	      0.00809718
              56	        0.003344	      -0.0112328	      0.00795692
              57	        0.007084	      -0.0109114	      0.00782382
              58	        0.143828	     -0.00824352	      0.00813109
              59	        0.028708	     -0.00761722	      0.00801736
              60	        -0.00594	     -0.00758927	      0.00788378
              61	       -0.010716	     -0.00764052	      0.00775471
              62	        -0.05186	     -0.00835374	      0.00766236
              63	        0.034872	     -0.00766762	      0.00757139
              64	        0.039388	     -0.00693237	       0.0074887
              65	        0.088592	     -0.00546277	      0.00751631
              66	        0.092692	     -0.00397558	      0.00754812
              67	       -0.101224	     -0.00542704	      0.00757373
              68	       -0.019792	     -0.00563829	       0.0074653
              69	       -0.099756	     -0.00700232	      0.00748068
              70	         -0.0141	     -0.00710371	       0.0073745
              71	       -0.022796	     -0.00732473	      0.00727395
              72	        0.010404	      -0.0070785	      0.00717709
              73	       -0.038024	     -0.00750241	      0.00709128
              74	       -0.063192	     -0.00825497	      0.00703527
              75	        0.012684	     -0.00797579	      0.00694701
              76	        -0.06338	     -0.00870479	      0.00689374
              77	        0.035176	     -0.00813491	      0.00682773
              78	       -0.091476	     -0.00920338	      0.00682328
              79	        0.128068	     -0.00746577	      0.00695464
              80	        0.130196	       -0.005745	      0.00707739
              81	       -0.015064	     -0.00586005	      0.00699095
              82	        0.110004	     -0.00444707	      0.00704704
              83	       -0.059052	     -0.00510496	      0.00699278
              84	       -0.044604	     -0.00557519	      0.00692532
              85	       -0.050844	     -0.00610776	       0.0068643
              86	         0.02576	     -0.00573721	      0.00679447
              87	        0.047664	      -0.0051234	      0.00674405
              88	        0.079088	     -0.00416645	      0.00673496
              89	         0.01408	     -0.00396144	      0.00666241
              90	        0.034636	     -0.00353258	      0.00660217
              91	        0.015988	     -0.00331807	       0.0065331
              92	        0.077408	     -0.00244061	      0.00652075
              93	       -0.035292	     -0.00279385	      0.00646019
              94	       -0.107952	     -0.00391255	      0.00648761
              95	       -0.042664	     -0.00432046	      0.00643213
              96	        0.102512	     -0.00320763	      0.00646068
              97	        0.046604	      -0.0026941	      0.00641445
              98	       -0.050576	     -0.00318269	      0.00636757
              99	       -0.037044	     -0.00352473	      0.00631243
             100	       -0.043464	     -0.00392412	      0.00626193
             101	       -0.001592	     -0.00390103	      0.00619998
             102	        0.030624	     -0.00356255	      0.00614842
             103	        -0.04064	     -0.00392252	      0.00609926
             104	       -0.107212	     -0.00491569	      0.00612094
             105	        0.004076	     -0.00483006	      0.00606324
             106	         0.06778	     -0.00414506	      0.00604461
             107	       -0.006576	     -0.00416778	      0.00598816
             108	        0.052392	     -0.00364407	      0.00595558
             109	       -0.087116	     -0.00440987	      0.00594997
             110	       -0.016232	     -0.00451735	      0.00589685
             111	       -0.040768	     -0.00484393	      0.00585276
             112	        0.046276	      -0.0043875	      0.00581827
             113	       -0.071452	     -0.00498099	      0.00579697
             114	         0.02402	      -0.0047266	       0.0057517
             115	       -0.095924	     -0.00551962	       0.0057561
             116	        0.039484	     -0.00513166	      0.00571954
             117	        0.017372	     -0.00493932	      0.00567388
             118	       -0.005136	     -0.00494098	       0.0056258
             119	       -0.031668	     -0.00516558	      0.00558301
             120	       -0.024412	     -0.00532597	      0.00553878
             121	          0.0076	     -0.00521914	      0.00549404
             122	       -0.066264	     -0.00571951	      0.00547174
             123	       -0.077704	     -0.00630475	      0.00545847
             124	       -0.001144	     -0.00626313	      0.00541461
             125	        0.003688	     -0.00618352	      0.00537187
             126	         -0.0286	     -0.00636143	      0.00533218
             127	          0.0273	     -0.00609638	      0.00529678
             128	        0.002156	     -0.00603191	      0.00525579
             129	       -0.016824	     -0.00611557	      0.00521572
             130	        0.003956	     -0.00603809	      0.00517617
             131	       -0.024364	     -0.00617798	      0.00513855
             132	       -0.044316	     -0.00646691	      0.00510774
             133	        0.077708	     -0.00583402	      0.00510839
             134	        0.038672	     -0.00550188	      0.00508106
             135	        -0.08682	     -0.00610424	        0.005079
             136	       -0.057552	     -0.00648253	      0.00505572
             137	       -0.109432	     -0.00723399	      0.00507436
             138	        0.039808	      -0.0068931	      0.00504902
             139	       -0.000156	     -0.00684463	      0.00501293
             140	       -0.022664	     -0.00695763	       0.0049784
             141	        0.047452	     -0.00657174	      0.00495802
             142	        0.031092	     -0.00630651	       0.0049302
             143	       -0.007228	     -0.00631295	      0.00489572
             144	       -0.046208	        -0.00659	      0.00486956
             145	       -0.027052	     -0.00673112	      0.00483802
             146	       -0.007944	     -0.00673942	      0.00480489
             147	         0.00832	     -0.00663698	       0.0047733
             148	        0.020344	     -0.00645468	      0.00474452
             149	        0.006032	     -0.00637087	      0.00471342
             150	        0.061296	     -0.00591976	      0.00470354
             151	        0.128876	     -0.00502707	      0.00475634
             152	       -0.057068	     -0.00536945	      0.00473736
             153	       -0.168032	      -0.0064326	      0.00482422
             154	        0.052608	     -0.00604922	       0.0048081
             155	        0.154032	     -0.00501644	      0.00488674
             156	       -0.069512	     -0.00542987	      0.00487288
             157	         0.05832	     -0.00502382	      0.00485873
             158	       -0.113808	     -0.00571233	      0.00487651
             159	        0.042552	     -0.00540878	      0.00485528
             160	        -0.05864	     -0.00574148	      0.00483632
             161	       -0.136464	     -0.00655342	      0.00487396
             162	       -0.133816	     -0.00733899	      0.00490678
             163	        0.011316	     -0.00722454	      0.00487801
             164	       -0.006488	     -0.00722005	      0.00484827
             165	       -0.161696	     -0.00815627	      0.00490844
             166	       -0.034268	     -0.00831357	      0.00488139
             167	        0.118028	     -0.00755703	      0.00491044
             168	        -0.08682	     -0.00802883	      0.00490382
             169	        0.012808	     -0.00790554	      0.00487636
             170	       -0.064056	     -0.00823584	      0.00485885
             171	       -0.116264	     -0.00886758	      0.00487133
             172	        0.091256	     -0.00828547	      0.00487766
             173	       -0.009448	     -0.00829218	      0.00484947
             174	       -0.000864	     -0.00824949	      0.00482179
             175	       -0.017944	     -0.00830489	      0.00479456
             176	        0.018376	      -0.0081533	      0.00476971
             177	         -0.0167	     -0.00820158	      0.00474301
             178	        0.088164	      -0.0076602	      0.00474716
             179	        0.068796	     -0.00723307	      0.00473981
             180	        0.095648	     -0.00666151	      0.00474782
             181	       -0.050044	     -0.00690119	      0.00472763
             182	        0.027516	     -0.00671209	      0.00470544
             183	        0.076808	     -0.00625569	      0.00470181
             184	        0.017616	     -0.00612596	      0.00467804
             185	        0.012544	     -0.00602504	      0.00465384
             186	        0.028576	     -0.00583901	      0.00463254
             187	         0.07686	     -0.00539677	      0.00462883
             188	        0.048976	     -0.00510755	      0.00461323
             189	        -0.01032	     -0.00513513	      0.00458891
             190	        0.104556	     -0.00455781	      0.00460093
             191	        0.003484	     -0.00451571	      0.00457703
             192	       -0.046516	     -0.00473446	      0.00455842
             193	        0.059224	     -0.00440307	      0.00454683
             194	        0.106216	     -0.00383287	        0.004559
             195	         0.12822	     -0.00315567	      0.00458564
             196	         0.13408	     -0.00245549	      0.00461539
             197	       -0.061536	     -0.00275539	       0.0046017
             198	        0.007052	     -0.00270586	      0.00457872
             199	         0.03352	     -0.00252382	      0.00455933
             200	       -0.140668	     -0.00321454	      0.00458856
             201	       -0.009512	     -0.00324587	      0.00456584
             202	        0.052236	     -0.00297121	      0.00455149
             203	        -0.03896	     -0.00314849	      0.00453252
             204	       -0.018828	     -0.00322535	      0.00451095
             205	        -0.05332	     -0.00346972	      0.00449556
             206	         0.06098	     -0.00315685	      0.00448461
             207	       -0.026696	     -0.00327057	      0.00446439
             208	        0.008176	     -0.00321554	      0.00444326
             209	         0.05058	     -0.00295814	      0.00442945
             210	           0.118	     -0.00238215	      0.00444565
             211	        0.041692	     -0.00217327	      0.00442949
             212	        0.017832	     -0.00207891	       0.0044096
             213	       -0.120784	     -0.00263621	      0.00442397
             214	       -0.061868	     -0.00291299	      0.00441195
             215	        0.010748	     -0.00284945	      0.00439189
             216	        0.117592	     -0.00229185	      0.00440681
             217	        0.028996	     -0.00214767	      0.00438886
             218	        0.023468	     -0.00203017	       0.0043703
             219	       -0.041084	     -0.00220849	      0.00435398
             220	       -0.014556	     -0.00226462	      0.00433455
             221	       -0.092432	     -0.00267262	       0.0043341
             222	         0.03676	     -0.00249499	      0.00431821
             223	       -0.071456	     -0.00280423	      0.00430991
             224	        0.032124	      -0.0026483	      0.00429349
             225	         0.10974	      -0.0021488	      0.00430336
             226	        0.026112	     -0.00202375	      0.00428614
             227	        0.122724	      -0.0014742	      0.00430234
             228	         0.09134	     -0.00106712	      0.00430269
             229	       -0.028808	     -0.00118826	       0.0042856
             230	         -0.0271	     -0.00130092	      0.00426845
             231	       -0.019492	     -0.00137967	       0.0042507
             232	       -0.044584	      -0.0015659	      0.00423645
             233	        0.067312	     -0.00127028	      0.00422857
             234	       -0.010544	     -0.00130991	      0.00421069
             235	         0.14888	    -0.000670809	      0.00424099
             236	         0.08088	    -0.000325254	      0.00423708
             237	         0.05188	    -0.000104979	      0.00422492
             238	        -0.02776	    -0.000221176	      0.00420877
             239	       -0.063648	    -0.000486561	      0.00419952
             240	         0.05494	    -0.000255617	      0.00418836
             241	        0.033228	     -0.00011668	      0.00417329
             242	       -0.019828	    -0.000198132	      0.00415684
             243	        -0.05438	    -0.000421103	      0.00414571
             244	       -0.080516	    -0.000749361	      0.00414169
             245	        0.177544	    -2.16327e-05	      0.00418823
             246	        0.067156	     0.000251447	       0.0041801
             247	       -0.014048	     0.000193555	      0.00416358
             248	       -0.103104	    -0.000222968	      0.00416757
             249	       -0.043628	    -0.000397285	      0.00415448
             250	       -0.026648	    -0.000502288	      0.00413919
             251	       -0.054512	    -0.000717466	      0.00412829
             252	         0.15712	     -9.1127e-05	      0.00415915
             253	         0.16372	     0.000556348	       0.0041928
             254	       -0.075328	     0.000257591	      0.00418693
             255	        0.055544	       0.0004744	      0.00417612
             256	        0.093504	     0.000837797	      0.00417558
             257	        0.011596	     0.000879658	      0.00415955
             258	       -0.104104	     0.000472744	      0.00416328
             259	        0.062972	     0.000714054	      0.00415419
             260	       -0.025772	     0.000612185	      0.00413947
             261	          -0.051	     0.000414437	      0.00412833
             262	        -0.07504	     0.000126443	       0.0041226
             263	        0.153068	      0.00070797	      0.00414774
             264	        0.178712	      0.00138223	      0.00418647
             265	        0.119084	      0.00182638	      0.00419417
             266	        0.016844	      0.00188284	      0.00417878
             267	        0.038484	      0.00201993	      0.00416538
             268	        0.012188	      0.00205787	      0.00415001
             269	         -0.0382	      0.00190821	      0.00413728
             270	       -0.036188	      0.00176711	      0.00412436
             271	        0.064948	      0.00200025	      0.00411573
             272	        0.100348	      0.00236182	      0.00411645
             273	         0.13422	      0.00284482	      0.00412961
             274	        0.005576	      0.00285479	      0.00411455
             275	        0.046272	      0.00301267	      0.00410261
             276	        0.135796	      0.00349377	      0.00411586
             277	       -0.000248	      0.00348026	      0.00410102
             278	        0.048984	      0.00364394	      0.00408954
             279	       -0.014472	      0.00357901	      0.00407539
             280	        0.022136	      0.00364529	      0.00406138
             281	          0.1673	      0.00422769	      0.00408847
             282	       -0.069428	       0.0039665	      0.00408231
             283	        0.110384	      0.00434253	      0.00408516
             284	       -0.031444	      0.00421652	      0.00407272
             285	       -0.106936	      0.00382651	      0.00407706
             286	        0.190292	      0.00447849	      0.00411461
             287	         -0.0497	      0.00428971	       0.0041046
             288	        -0.10274	      0.00391808	      0.00410714
             289	       -0.019836	      0.00383589	      0.00409375
             290	       -0.023284	      0.00374237	       0.0040807
             291	        0.010028	      0.00376397	      0.00406673
             292	       -0.021236	      0.00367836	      0.00405371
             293	        0.047112	      0.00382659	      0.00404258
             294	        0.023588	      0.00389381	      0.00402939
             295	       -0.043472	      0.00373325	      0.00401893
             296	        0.009152	      0.00375155	      0.00400539
             297	         0.01454	      0.00378788	      0.00399207
             298	        -0.02998	      0.00367456	      0.00398028
             299	         -0.0371	      0.00353819	      0.00396931
             300	        0.018992	      0.00358971	      0.00395641
             301	        0.032952	      0.00368726	      0.00394447
             302	        0.069212	      0.00390423	      0.00393737
             303	        0.007512	      0.00391613	      0.00392439
             304	       -0.004512	      0.00388841	      0.00391158
             305	        0.062316	      0.00407997	      0.00390344
             306	        -0.11272	      0.00369827	      0.00390931
             307	       -0.114256	      0.00331406	      0.00391541
             308	       -0.059896	      0.00310883	      0.00390807
             309	       -0.098084	      0.00278135	      0.00390912
             310	       -0.124804	      0.00236978	      0.00391811
             311	        0.036932	      0.00248091	      0.00390709
             312	       -0.086964	      0.00219423	      0.00390507
             313	        0.098176	      0.00250088	      0.00390462
             314	       -0.032128	       0.0023906	      0.00389374
             315	       -0.019616	      0.00232074	      0.00388201
             316	       -0.022824	      0.00224116	      0.00387054
             317	        0.017908	      0.00229059	      0.00385864
             318	        0.026156	      0.00236564	      0.00384724
             319	       -0.009792	      0.00232752	      0.00383537
             320	        0.061572	      0.00251266	      0.00382785
             321	        0.019448	      0.00256542	      0.00381629
             322	       -0.040348	      0.00243215	      0.00380676
             323	        0.065608	      0.00262774	          0.0038
             324	        -0.10336	      0.00230062	      0.00380232
             325	        0.018108	      0.00234926	      0.00379093
             326	       -0.195072	      0.00174367	      0.00382737
             327	       -0.093396	      0.00145272	      0.00382671
             328	       -0.060448	        0.001264	      0.00381969
             329	        0.040948	      0.00138462	      0.00380998
             330	        0.035764	       0.0014888	      0.00379986
             331	         0.06786	      0.00168932	      0.00379367
             332	       -0.013988	       0.0016421	      0.00378254
             333	        0.014188	      0.00167977	      0.00377137
             334	       -0.044796	      0.00154062	      0.00376264
             335	         0.03362	      0.00163638	      0.00375263
             336	       -0.009684	      0.00160269	      0.00374161
             337	        0.104272	      0.00190735	      0.00374289
             338	       -0.040084	      0.00178311	      0.00373388
             339	       -0.034412	      0.00167634	      0.00372439
             340	       -0.004692	      0.00165761	      0.00371348
             341	        0.061292	      0.00183249	      0.00370671
             342	        0.062968	      0.00201125	      0.00370018
             343	        0.000144	      0.00200581	      0.00368939
             344	       -0.006824	      0.00198014	      0.00367876
             345	        0.074012	      0.00218893	      0.00367402
             346	       -0.017308	      0.00213258	      0.00366383
             347	       -0.099876	      0.00183861	      0.00366504
             348	       -0.004468	      0.00182048	      0.00365456
             349	        -0.06788	      0.00162077	      0.00364954
             350	        0.055964	      0.00177603	      0.00364241
             351	         0.04716	      0.00190533	      0.00363433
             352	       -0.009076	      0.00187414	      0.00362414
             353	       -0.075236	      0.00165569	      0.00362045
             354	        0.070648	      0.00185059	      0.00361546
             355	         0.05068	      0.00198814	       0.0036079
             356	       -0.063928	      0.00180298	      0.00360251
             357	        0.012692	      0.00183348	      0.00359255
             358	        0.039616	      0.00193902	      0.00358406
             359	        0.065588	      0.00211631	      0.00357846
             360	        0.076348	      0.00232251	      0.00357446
             361	        0.091644	      0.00256994	      0.00357311
             362	       -0.002392	      0.00255623	      0.00356326
             363	       -0.022764	      0.00248648	      0.00355413
             364	        0.037176	      0.00258178	      0.00354564
             365	        0.039464	      0.00268283	      0.00353737
             366	        -0.01296	      0.00264009	      0.00352796
             367	        0.053284	      0.00277808	      0.00352105
             368	        0.015608	      0.00281295	      0.00351165
             369	         0.15244	      0.00321844	      0.00352547
             370	        0.006364	      0.00322694	      0.00351595
             371	       -0.113784	      0.00291155	      0.00352059
             372	       -0.048924	       0.0027722	      0.00351388
             373	         0.08432	      0.00299083	      0.00351126
             374	         0.01548	      0.00302422	      0.00350203
             375	        -0.08886	       0.0027792	      0.00350125
             376	         6.4e-05	      0.00277198	      0.00349195
             377	        0.013304	      0.00279992	       0.0034828
             378	       -0.035092	      0.00269967	      0.00347502
             379	       -0.005464	      0.00267813	      0.00346592
             380	       -0.051296	      0.00253609	      0.00345971
             381	       -0.014444	      0.00249153	      0.00345092
             382	       -0.064624	      0.00231583	      0.00344635
             383	        0.037004	       0.0024064	      0.00343854
             384	        0.062392	      0.00256261	      0.00343314
             385	        -0.05418	      0.00241523	      0.00342738
             386	        0.040744	      0.00251453	      0.00341994
             387	         0.06622	      0.00267914	      0.00341506
             388	       -0.088544	      0.00244403	      0.00341434
             389	       -0.115616	      0.00214053	      0.00341903
             390	       -0.073916	      0.00194552	      0.00341582
             391	        0.013376	      0.00197475	      0.00340721
             392	        0.061356	      0.00212623	      0.00340188
             393	        0.076932	      0.00231658	      0.00339855
             394	       -0.135408	      0.00196703	      0.00340785
             395	        0.035332	      0.00205149	      0.00340027
             396	        0.068452	      0.00221917	      0.00339582
             397	       -0.025108	      0.00215034	      0.00338796
             398	       -0.063336	       0.0019858	      0.00338344
             399	       -0.137444	      0.00163635	      0.00339296
             400	        0.012124	      0.00166257	      0.00338458
             401	        0.020472	      0.00170948	      0.00337646
             402	        -0.02886	      0.00163343	      0.00336892
             403	       -0.106188	      0.00136589	      0.00337117
             404	        0.023116	      0.00141972	      0.00336325
             405	       -0.007424	      0.00139789	      0.00335502
             406	       -0.118852	       0.0011017	       0.0033598
             407	        0.014032	      0.00113347	       0.0033517
             408	        0.121704	      0.00142899	      0.00335649
             409	        0.144256	       0.0017782	       0.0033664
             410	        0.030332	      0.00184784	      0.00335891
             411	        -0.14546	      0.00148943	       0.0033698
             412	        0.062388	      0.00163724	      0.00336486
             413	        0.072384	      0.00180854	      0.00336107
             414	        0.012596	       0.0018346	      0.00335305
             415	       -0.016316	      0.00179086	      0.00334526
             416	       -0.090172	       0.0015698	      0.00334452
             417	       -0.112512	      0.00129622	      0.00334767
             418	       -0.025872	      0.00123122	      0.00334029
             419	       -0.034084	      0.00114694	      0.00333338
             420	        0.132064	      0.00145865	      0.00333998
             421	       -0.053076	      0.00132911	      0.00333456
             422	         0.19068	      0.00177781	      0.00335671
             423	       -0.064056	      0.00162217	      0.00335238
             424	        0.012404	       0.0016476	      0.00334457
             425	        -0.00288	      0.00163695	      0.00333672
             426	        0.109608	       0.0018904	       0.0033385
             427	       -0.013516	      0.00185432	      0.00333088
             428	       -0.106864	      0.00160031	      0.00333277
             429	           0.113	      0.00185998	       0.0033351
             430	       -0.037664	      0.00176807	      0.00332861
             431	       -0.045788	      0.00165773	      0.00332271
             432	        0.002908	      0.00166062	      0.00331502
             433	       -0.004524	      0.00164634	       0.0033074
             434	        0.012688	      0.00167178	      0.00329987
             435	        0.034692	      0.00174769	      0.00329316
             436	         0.05994	      0.00188116	      0.00328831
             437	        0.041264	      0.00197128	      0.00328202
             438	        -0.07004	      0.00180687	      0.00327864
             439	        0.185304	      0.00222486	      0.00329771
             440	       -0.040008	      0.00212887	      0.00329161
             441	        0.154448	      0.00247427	      0.00330222
             442	       -0.120832	      0.00219529	      0.00330651
             443	       -0.016444	      0.00215322	      0.00329932
             444	        0.020288	      0.00219406	      0.00329214
             445	        0.058988	      0.00232169	      0.00328721
             446	        0.035948	      0.00239709	      0.00328071
             447	       -0.045468	         0.00229	      0.00327512
             448	       -0.048528	      0.00217657	      0.00326977
             449	        0.073812	      0.00233612	      0.00326638
             450	       -0.032796	      0.00225804	      0.00326005
             451	        0.057608	      0.00238077	      0.00325513
             452	        0.117932	      0.00263642	      0.00325795
             453	       -0.003704	      0.00262242	      0.00325079
             454	        0.030152	      0.00268306	       0.0032442
             455	        0.092504	      0.00288047	      0.00324307
             456	        0.081772	      0.00305347	      0.00324057
             457	       -0.099532	        0.002829	      0.00324124
             458	       -0.017096	      0.00278549	      0.00323446
             459	        0.070748	      0.00293356	       0.0032308
             460	          -0.103	      0.00270327	      0.00323197
             461	       -0.004404	      0.00268785	        0.003225
             462	        0.062916	      0.00281822	      0.00322065
             463	        0.014332	      0.00284308	      0.00321379
             464	       -0.072792	      0.00268008	        0.003211
             465	        0.042628	      0.00276599	      0.00320524
             466	       -0.046232	      0.00266084	      0.00320008
             467	       -0.055948	      0.00253534	      0.00319569
             468	        0.130228	      0.00280819	      0.00320049
             469	       -0.093908	      0.00260197	       0.0032003
             470	        0.122984	       0.0028581	      0.00320373
             471	       -0.021068	       0.0028073	      0.00319733
             472	         0.05608	      0.00292017	      0.00319255
             473	        0.075448	      0.00307351	      0.00318948
             474	        0.003676	      0.00307478	      0.00318275
             475	       -0.032008	      0.00300092	       0.0031769
             476	        0.028084	      0.00305361	      0.00317067
             477	        0.011024	      0.00307032	      0.00316406
             478	        0.095592	      0.00326388	      0.00316336
             479	        0.045052	      0.00335112	      0.00315796
             480	        0.116444	      0.00358673	      0.00316016
             481	         -0.0084	      0.00356181	      0.00315368
             482	        0.019636	      0.00359516	      0.00314732
             483	        0.020492	      0.00363014	        0.003141
             484	       -0.146372	      0.00332022	      0.00314976
             485	       -0.060492	      0.00318865	      0.00314601
             486	       -0.029316	      0.00312177	      0.00314025
             487	        0.045728	      0.00320926	      0.00313502
             488	        -0.01316	      0.00317571	      0.00312877
             489	       -0.029604	      0.00310868	      0.00312309
             490	        0.052224	      0.00320891	      0.00311833
             491	       -0.002572	      0.00319714	        0.003112
             492	        0.052036	      0.00329641	      0.00310726
             493	        0.042268	      0.00337546	      0.00310196
             494	       -0.115224	      0.00313538	      0.00310496
             495	        0.028448	      0.00318651	      0.00309911
             496	       -0.127724	      0.00292258	      0.00310408
             497	        0.017248	       0.0029514	      0.00309796
             498	        0.059364	      0.00306468	      0.00309381
             499	        0.042144	        0.003143	       0.0030886
             500	        -0.02964	      0.00307743	      0.00308312
