#     BLOCK:   ACTUAL_CV:    CV_AVE:      ERROR:
           1	 4.44089e-12	 4.44089e-12	           0
           2	   0.0324378	   0.0162189	   0.0114685
           3	 4.44089e-12	   0.0108126	  0.00882846
           4	  0.00818227	    0.010155	  0.00664579
           5	 4.44089e-12	  0.00812402	  0.00561841
           6	 4.44089e-12	  0.00677001	  0.00484241
           7	 4.44089e-12	  0.00580287	  0.00424612
           8	 4.44089e-12	  0.00507751	  0.00377681
           9	   0.0385294	  0.00879438	   0.0048529
          10	 4.44089e-12	  0.00791494	  0.00444658
          11	  0.00802314	  0.00792478	  0.00404236
          12	   0.0134154	  0.00838233	   0.0037313
          13	   0.0113699	  0.00861214	  0.00345135
          14	 4.44089e-12	  0.00799699	  0.00325918
          15	 4.44089e-12	  0.00746386	   0.0030852
          16	 4.44089e-12	  0.00699737	  0.00292743
          17	 4.44089e-12	  0.00658576	  0.00278401
          18	    0.160993	   0.0151639	  0.00874132
          19	 4.44089e-12	   0.0143658	  0.00831761
          20	 4.44089e-12	   0.0136476	  0.00793268
          21	 4.44089e-12	   0.0129977	  0.00758151
          22	  0.00266209	   0.0125279	  0.00725144
          23	 4.44089e-12	   0.0119832	  0.00695658
          24	 4.44089e-12	   0.0114839	  0.00668462
          25	 4.44089e-12	   0.0110245	    0.006433
          26	 4.44089e-12	   0.0106005	  0.00619953
          27	 4.44089e-12	   0.0102079	  0.00598234
          28	   0.0136301	   0.0103301	  0.00576993
          29	 4.44089e-12	  0.00997391	  0.00558196
          30	 4.44089e-12	  0.00964144	  0.00540578
          31	 4.44089e-12	  0.00933043	  0.00524034
          32	   0.0081294	   0.0092929	  0.00507672
          33	    0.438948	   0.0223127	   0.0137337
          34	 4.44089e-12	   0.0216565	   0.0133454
          35	 4.44089e-12	   0.0210377	   0.0129785
          36	 4.44089e-12	   0.0204533	   0.0126311
          37	 4.44089e-12	   0.0199006	   0.0123018
          38	 4.44089e-12	   0.0193769	   0.0119892
          39	 4.44089e-12	     0.01888	   0.0116921
          40	 4.44089e-12	    0.018408	   0.0114093
          41	   0.0135225	   0.0182889	   0.0111317
          42	 4.44089e-12	   0.0178534	   0.0108751
          43	 4.44089e-12	   0.0174382	   0.0106302
          44	  0.00266209	   0.0171024	   0.0103939
          45	 4.44089e-12	   0.0167223	   0.0101698
          46	   0.0393965	   0.0172153	  0.00996069
          47	   0.0220501	   0.0173181	  0.00974929
          48	 4.44089e-12	   0.0169573	  0.00955285
          49	 4.44089e-12	   0.0166113	  0.00936416
          50	 4.44089e-12	    0.016279	  0.00918277
          51	 4.44089e-12	   0.0159598	  0.00900826
          52	 4.44089e-12	   0.0156529	  0.00884025
          53	 4.44089e-12	   0.0153576	  0.00867839
          54	 4.44089e-12	   0.0150732	  0.00852234
          55	 4.44089e-12	   0.0147991	  0.00837179
          56	 4.44089e-12	   0.0145349	  0.00822646
          57	  0.00266209	   0.0143266	  0.00808478
          58	 4.44089e-12	   0.0140795	  0.00794916
          59	 4.44089e-12	   0.0138409	  0.00781801
          60	 4.44089e-12	   0.0136102	  0.00769111
          61	 4.44089e-12	   0.0133871	  0.00756826
          62	 4.44089e-12	   0.0131712	  0.00744927
          63	 4.44089e-12	   0.0129621	  0.00733396
          64	 4.44089e-12	   0.0127596	  0.00722216
          65	  0.00266209	   0.0126042	  0.00711273
          66	 4.44089e-12	   0.0124133	  0.00700752
          67	 4.44089e-12	    0.012228	  0.00690538
          68	 4.44089e-12	   0.0120482	  0.00680617
          69	 4.44089e-12	   0.0118736	  0.00670977
          70	 4.44089e-12	   0.0117039	  0.00661606
          71	 4.44089e-12	   0.0115391	  0.00652493
          72	 4.44089e-12	   0.0113788	  0.00643627
          73	 4.44089e-12	    0.011223	  0.00634999
          74	 4.44089e-12	   0.0110713	  0.00626599
          75	 4.44089e-12	   0.0109237	  0.00618418
          76	 4.44089e-12	   0.0107799	  0.00610448
          77	 4.44089e-12	   0.0106399	  0.00602681
          78	 4.44089e-12	   0.0105035	  0.00595109
          79	 4.44089e-12	   0.0103706	  0.00587724
          80	 4.44089e-12	   0.0102409	   0.0058052
          81	 4.44089e-12	   0.0101145	  0.00573491
          82	 4.44089e-12	  0.00999117	   0.0056663
          83	 4.44089e-12	  0.00987079	  0.00559931
          84	 4.44089e-12	  0.00975328	  0.00553388
          85	 4.44089e-12	  0.00963854	  0.00546997
          86	 4.44089e-12	  0.00952646	  0.00540751
          87	 4.44089e-12	  0.00941696	  0.00534647
          88	 4.44089e-12	  0.00930995	  0.00528678
          89	 4.44089e-12	  0.00920535	  0.00522841
          90	 4.44089e-12	  0.00910307	  0.00517132
          91	   0.0161039	     0.00918	  0.00511507
          92	 4.44089e-12	  0.00908022	  0.00506044
          93	 4.44089e-12	  0.00898258	  0.00500697
          94	 4.44089e-12	  0.00888702	  0.00495462
          95	 4.44089e-12	  0.00879347	  0.00490334
          96	    0.010722	  0.00881356	  0.00485231
          97	 4.44089e-12	   0.0087227	  0.00480314
          98	  0.00266209	  0.00866086	  0.00475452
          99	 4.44089e-12	  0.00857337	   0.0047073
         100	 4.44089e-12	  0.00848764	  0.00466101
