#     BLOCK:   ACTUAL_TE:    TE_AVE:      ERROR:
           1	   -0.504045	   -0.504045	           0
           2	   -0.515496	    -0.50977	  0.00404861
           3	   -0.512761	   -0.510767	  0.00281911
           4	   -0.512862	   -0.511291	  0.00216241
           5	   -0.514316	   -0.511896	   0.0018126
           6	   -0.514672	   -0.512359	  0.00156844
           7	   -0.520846	   -0.513571	  0.00175146
           8	   -0.514886	   -0.513735	  0.00154021
           9	   -0.508277	   -0.513129	   0.0014837
          10	    -0.51054	    -0.51287	  0.00135773
          11	   -0.527779	   -0.514225	  0.00178705
          12	   -0.508262	   -0.513728	  0.00170582
          13	   -0.511534	    -0.51356	  0.00158293
          14	   -0.516378	   -0.513761	   0.0014826
          15	   -0.509418	   -0.513471	  0.00141176
          16	   -0.513635	   -0.513482	  0.00132356
          17	   -0.504292	   -0.512941	  0.00135159
          18	   -0.512189	   -0.512899	  0.00127715
          19	   -0.522477	   -0.513403	  0.00130562
          20	   -0.522927	    -0.51388	  0.00132434
          21	   -0.509334	   -0.513663	  0.00127884
          22	   -0.517253	   -0.513826	  0.00123108
          23	    -0.51086	   -0.513697	  0.00118429
          24	   -0.508185	   -0.513468	    0.001157
          25	   -0.508478	   -0.513268	   0.0011278
          26	   -0.524283	   -0.513692	  0.00116128
          27	   -0.512366	   -0.513643	  0.00111931
          28	   -0.514204	   -0.513663	  0.00107951
          29	    -0.50693	    -0.51343	  0.00106695
          30	   -0.513818	   -0.513443	  0.00103147
          31	   -0.507414	   -0.513249	  0.00101636
          32	   -0.508806	    -0.51311	 0.000994042
          33	   -0.509943	   -0.513014	 0.000968541
          34	   -0.505238	   -0.512785	 0.000966678
          35	   -0.508318	   -0.512658	 0.000947446
          36	    -0.51199	   -0.512639	  0.00092131
          37	   -0.502534	   -0.512366	 0.000936013
          38	   -0.510503	   -0.512317	 0.000912664
          39	   -0.514718	   -0.512379	 0.000891337
          40	   -0.513309	   -0.512402	 0.000869356
          41	   -0.508249	   -0.512301	 0.000854034
          42	   -0.511639	   -0.512285	 0.000833845
          43	   -0.514845	   -0.512344	 0.000816575
          44	   -0.518719	   -0.512489	 0.000810768
          45	   -0.521888	   -0.512698	 0.000819211
          46	   -0.504831	   -0.512527	 0.000819059
          47	   -0.520071	   -0.512688	 0.000817209
          48	   -0.511518	   -0.512663	 0.000800547
          49	   -0.505187	   -0.512511	 0.000798616
          50	   -0.515237	   -0.512565	 0.000784503
          51	   -0.514708	   -0.512607	 0.000770245
          52	   -0.524091	   -0.512828	 0.000786456
          53	   -0.519226	   -0.512949	 0.000780825
          54	   -0.519553	   -0.513071	 0.000775884
          55	   -0.513105	   -0.513072	 0.000761777
          56	    -0.51719	   -0.513145	 0.000751715
          57	   -0.507464	   -0.513046	 0.000745105
          58	   -0.515139	   -0.513082	 0.000733132
          59	   -0.516336	   -0.513137	 0.000722778
          60	   -0.514504	    -0.51316	 0.000711091
          61	      -0.517	   -0.513223	 0.000702215
          62	    -0.51771	   -0.513295	  0.00069461
          63	   -0.508937	   -0.513226	 0.000687021
          64	   -0.524137	   -0.513396	 0.000697118
          65	   -0.511562	   -0.513368	 0.000686964
          66	   -0.518034	   -0.513439	 0.000680183
          67	   -0.518073	   -0.513508	 0.000673539
          68	   -0.515104	   -0.513531	 0.000664043
          69	   -0.513331	   -0.513528	 0.000654425
          70	   -0.518434	   -0.513599	 0.000648818
          71	   -0.505258	   -0.513481	 0.000650226
          72	   -0.511043	   -0.513447	 0.000642076
          73	   -0.513462	   -0.513447	 0.000633281
          74	   -0.518914	   -0.513521	 0.000629016
          75	   -0.509582	   -0.513469	 0.000622819
          76	   -0.517005	   -0.513515	 0.000616359
          77	   -0.502336	    -0.51337	  0.00062522
          78	   -0.511222	   -0.513343	 0.000617811
          79	   -0.518621	   -0.513409	 0.000613592
          80	   -0.519901	   -0.513491	 0.000611264
          81	   -0.505526	   -0.513392	 0.000611576
          82	    -0.50657	   -0.513309	  0.00060975
          83	   -0.524032	   -0.513438	 0.000615938
          84	   -0.516605	   -0.513476	 0.000609758
          85	   -0.511849	   -0.513457	 0.000602885
          86	    -0.51739	   -0.513502	 0.000597606
          87	   -0.515314	   -0.513523	   0.0005911
          88	   -0.519473	   -0.513591	 0.000588236
          89	   -0.511266	   -0.513565	 0.000582206
          90	   -0.519334	   -0.513629	 0.000579256
          91	    -0.52109	   -0.513711	 0.000578664
          92	   -0.509446	   -0.513665	 0.000574228
          93	   -0.519936	   -0.513732	 0.000571999
          94	   -0.516053	   -0.513757	 0.000566447
          95	    -0.50902	   -0.513707	 0.000562674
          96	   -0.519516	   -0.513767	 0.000560058
          97	   -0.514554	   -0.513775	 0.000554343
          98	   -0.509677	   -0.513734	 0.000550261
          99	   -0.519155	   -0.513788	 0.000547422
         100	   -0.509608	   -0.513747	 0.000543541
