#     BLOCK:   ACTUAL_M:     M_AVE:       ERROR:
           1	     0.32188	     0.32188	           0
           2	     0.17176	     0.24682	   0.0530754
           3	     0.42472	     0.30612	   0.0599694
           4	      0.5062	     0.35614	   0.0624455
           5	     0.27052	    0.339016	   0.0522515
           6	     0.39932	    0.349067	   0.0444991
           7	     0.27292	    0.338189	   0.0394493
           8	     0.50368	    0.358875	   0.0395719
           9	     0.58532	    0.384036	   0.0424264
          10	     0.22664	    0.368296	   0.0409995
          11	      0.2364	    0.356305	   0.0389862
          12	     0.26228	     0.34847	   0.0365163
          13	     0.52248	    0.361855	   0.0360773
          14	     0.18308	    0.349086	   0.0356888
          15	     0.42564	    0.354189	   0.0336725
          16	     0.41756	     0.35815	      0.0318
          17	      0.3692	      0.3588	   0.0299361
          18	     0.42092	    0.362251	   0.0284712
          19	     0.27424	    0.357619	   0.0273469
          20	     0.22068	    0.350772	    0.026823
          21	     0.57592	    0.361493	   0.0276054
          22	      0.1262	    0.350798	   0.0283468
          23	     0.38432	    0.352256	   0.0271518
          24	     0.17948	    0.345057	   0.0269579
          25	     0.36464	     0.34584	    0.025891
          26	     0.38356	    0.347291	   0.0249358
          27	     0.41896	    0.349945	   0.0241531
          28	     0.61152	    0.359287	    0.025032
          29	      0.3986	    0.360643	   0.0242056
          30	     0.19544	    0.355136	   0.0240169
          31	     0.06576	    0.345801	   0.0249905
          32	      0.4226	    0.348201	   0.0243245
          33	     0.20804	    0.343954	   0.0239554
          34	     0.32336	    0.343348	   0.0232584
          35	     0.13724	    0.337459	   0.0233275
          36	     0.32844	    0.337209	   0.0226809
          37	      0.2412	    0.334614	   0.0222158
          38	     0.33136	    0.334528	   0.0216313
          39	     0.17696	    0.330488	   0.0214507
          40	     0.48476	    0.334345	   0.0212583
          41	     0.32116	    0.334023	   0.0207422
          42	      0.5294	    0.338675	   0.0207635
          43	     0.30836	     0.33797	   0.0202925
          44	     0.21672	    0.335215	   0.0200176
          45	     0.44856	    0.337733	   0.0197306
          46	      0.1724	    0.334139	   0.0196263
          47	     0.50096	    0.337689	    0.019527
          48	       0.439	    0.339799	   0.0192339
          49	     0.22408	    0.337438	   0.0189858
          50	     0.26676	    0.336024	   0.0186587
          51	     0.39328	    0.337147	   0.0183266
          52	     0.30972	    0.336619	   0.0179817
          53	     0.37344	    0.337314	   0.0176559
          54	      0.3726	    0.337967	    0.017341
          55	     0.24268	    0.336235	    0.017112
          56	     0.38932	    0.337183	   0.0168327
          57	      0.3492	    0.337394	   0.0165387
          58	       0.071	    0.332801	   0.0168793
          59	     0.30684	    0.332361	   0.0165989
          60	     0.44612	    0.334257	   0.0164302
          61	     0.60248	    0.338654	   0.0167389
          62	     0.19988	    0.336415	   0.0166179
          63	     0.17504	    0.333854	   0.0165503
          64	     0.44864	    0.335647	   0.0163886
          65	     0.25744	    0.334444	   0.0161806
          66	     0.25048	    0.333172	   0.0159854
          67	     0.46516	    0.335142	   0.0158677
          68	     0.35124	    0.335379	   0.0156361
          69	     0.42212	    0.336636	     0.01546
          70	     0.25248	    0.335434	   0.0152858
          71	     0.44272	    0.336945	    0.015145
          72	      0.6028	    0.340637	   0.0153782
          73	     0.28908	    0.339931	   0.0151837
          74	     0.41892	    0.340998	    0.015016
          75	     0.29916	    0.340441	   0.0148262
          76	      0.3202	    0.340174	   0.0146335
          77	     0.37564	    0.340635	   0.0144507
          78	     0.50904	    0.342794	   0.0144258
          79	     0.29032	     0.34213	   0.0142585
          80	     0.40532	    0.342919	   0.0141021
          81	     0.34488	    0.342944	    0.013928
          82	    -0.03292	     0.33836	   0.0144928
          83	     0.51312	    0.340466	   0.0144703
          84	      0.5776	    0.343289	   0.0145708
          85	     0.24056	     0.34208	   0.0144495
          86	     0.40412	    0.342801	   0.0142994
          87	     0.23288	    0.341538	   0.0141908
          88	     0.37316	    0.341897	   0.0140341
          89	     0.46232	     0.34325	   0.0139415
          90	     0.22296	    0.341914	   0.0138505
          91	      0.4048	    0.342605	   0.0137155
          92	     0.32756	    0.342441	   0.0135674
          93	     0.55868	    0.344766	   0.0136193
          94	     0.31496	    0.344449	   0.0134781
          95	     0.23988	    0.343349	   0.0133811
          96	     0.29668	    0.342862	   0.0132505
          97	      0.4254	    0.343713	   0.0131412
          98	    -0.05364	    0.339659	   0.0136183
          99	     0.29552	    0.339213	    0.013488
         100	     0.25076	    0.338328	   0.0133821
