#     BLOCK:   ACTUAL_TE:    TE_AVE:      ERROR:
               1	       -0.588024	       -0.588024	               0
               2	       -0.590864	       -0.589444	      0.00100409
               3	        -0.58748	       -0.588789	      0.00085663
               4	        -0.58724	       -0.588402	      0.00072477
               5	       -0.588152	       -0.588352	     0.000581538
               6	       -0.591856	       -0.588936	     0.000720462
               7	       -0.590256	       -0.589125	     0.000641742
               8	       -0.588744	       -0.589077	     0.000563285
               9	       -0.590016	       -0.589181	     0.000510269
              10	       -0.590616	       -0.589325	     0.000478986
              11	        -0.58656	       -0.589073	     0.000497032
              12	       -0.589656	       -0.589122	     0.000457977
              13	       -0.590488	       -0.589227	     0.000434635
              14	       -0.589048	       -0.589214	     0.000403778
              15	       -0.587992	       -0.589133	     0.000384994
              16	        -0.58884	       -0.589115	     0.000361367
              17	       -0.586608	       -0.588967	     0.000368965
              18	       -0.587824	       -0.588904	     0.000353889
              19	       -0.588704	       -0.588893	     0.000335419
              20	       -0.587072	       -0.588802	     0.000330776
              21	       -0.590376	       -0.588877	     0.000323405
              22	       -0.588544	       -0.588862	     0.000309059
              23	       -0.590752	       -0.588944	     0.000306353
              24	       -0.590384	       -0.589004	     0.000299406
              25	       -0.588152	        -0.58897	     0.000289363
              26	       -0.588784	       -0.588963	     0.000278322
              27	       -0.583784	       -0.588771	     0.000327504
              28	       -0.585536	       -0.588655	     0.000335567
              29	       -0.586048	       -0.588566	     0.000335826
              30	       -0.587784	       -0.588539	      0.00032564
              31	       -0.590184	       -0.588593	     0.000319428
              32	       -0.590816	       -0.588662	     0.000316913
              33	        -0.58864	       -0.588661	      0.00030731
              34	       -0.588256	       -0.588649	     0.000298503
              35	       -0.590328	       -0.588697	     0.000293801
              36	       -0.588624	       -0.588695	     0.000285647
              37	          -0.587	        -0.58865	     0.000281578
              38	        -0.58884	       -0.588655	     0.000274213
              39	       -0.589632	        -0.58868	     0.000268325
              40	       -0.581712	       -0.588505	     0.000313092
              41	       -0.590496	       -0.588554	     0.000309197
              42	       -0.590656	       -0.588604	     0.000305859
              43	       -0.591872	        -0.58868	     0.000308044
              44	        -0.58864	       -0.588679	     0.000301044
              45	       -0.589624	         -0.5887	     0.000295086
              46	       -0.587232	       -0.588668	     0.000290392
              47	       -0.588304	        -0.58866	     0.000284316
              48	       -0.586688	       -0.588619	     0.000281347
              49	        -0.59176	       -0.588683	     0.000282812
              50	       -0.589496	         -0.5887	     0.000277622
              51	       -0.591704	       -0.588759	     0.000278358
              52	       -0.587864	       -0.588741	     0.000273536
              53	       -0.587112	       -0.588711	     0.000270097
              54	       -0.587592	        -0.58869	     0.000265889
              55	       -0.593424	       -0.588776	     0.000274633
              56	       -0.587008	       -0.588744	     0.000271538
              57	       -0.588688	       -0.588743	     0.000266776
              58	       -0.586224	         -0.5887	     0.000265689
              59	       -0.589712	       -0.588717	     0.000261739
              60	       -0.587664	         -0.5887	     0.000257965
              61	       -0.590576	        -0.58873	     0.000255563
              62	        -0.58956	       -0.588744	     0.000251791
              63	       -0.587336	       -0.588721	     0.000248784
              64	       -0.588976	       -0.588725	     0.000244929
              65	       -0.590824	       -0.588758	     0.000243279
              66	       -0.585784	       -0.588713	      0.00024373
              67	       -0.583384	       -0.588633	     0.000252735
              68	       -0.588096	       -0.588625	     0.000249142
              69	       -0.588552	       -0.588624	     0.000245533
              70	       -0.586376	       -0.588592	     0.000244117
              71	       -0.586552	       -0.588563	     0.000242364
              72	       -0.590096	       -0.588585	     0.000239931
              73	       -0.586792	        -0.58856	     0.000237897
              74	       -0.591688	       -0.588602	     0.000238408
              75	       -0.589384	       -0.588613	     0.000235457
              76	        -0.58508	       -0.588566	     0.000236903
              77	        -0.58884	        -0.58857	     0.000233853
              78	       -0.590064	       -0.588589	     0.000231638
              79	        -0.59068	       -0.588615	     0.000230213
              80	       -0.592264	       -0.588661	     0.000231809
              81	       -0.586272	       -0.588632	     0.000230816
              82	       -0.586936	       -0.588611	     0.000228925
              83	       -0.588656	       -0.588611	     0.000226168
              84	       -0.588224	       -0.588607	     0.000223522
              85	        -0.58972	        -0.58862	     0.000221276
              86	        -0.58856	       -0.588619	     0.000218704
              87	       -0.589032	       -0.588624	     0.000216242
              88	         -0.5852	       -0.588585	     0.000217257
              89	       -0.593872	       -0.588644	     0.000222789
              90	       -0.587168	       -0.588628	     0.000220917
              91	       -0.591496	        -0.58866	     0.000220726
              92	       -0.588696	        -0.58866	     0.000218327
              93	       -0.587488	       -0.588647	     0.000216343
              94	       -0.590264	       -0.588665	     0.000214724
              95	       -0.593032	        -0.58871	     0.000217329
              96	        -0.58508	       -0.588673	     0.000218331
              97	        -0.59008	       -0.588687	     0.000216562
              98	       -0.589736	       -0.588698	     0.000214616
              99	         -0.5876	       -0.588687	     0.000212735
             100	       -0.589272	       -0.588693	     0.000210688
             101	       -0.593576	       -0.588741	     0.000214078
             102	       -0.588352	       -0.588737	     0.000212013
             103	       -0.587872	       -0.588729	     0.000210121
             104	        -0.58468	        -0.58869	     0.000211676
             105	       -0.591352	       -0.588715	     0.000211173
             106	       -0.589768	       -0.588725	     0.000209414
             107	       -0.589672	       -0.588734	     0.000207644
             108	       -0.589152	       -0.588738	     0.000205758
             109	       -0.588136	       -0.588732	     0.000203944
             110	       -0.589752	       -0.588742	     0.000202301
             111	       -0.587216	       -0.588728	     0.000200944
             112	       -0.587256	       -0.588715	     0.000199579
             113	       -0.591096	       -0.588736	     0.000198923
             114	       -0.592168	       -0.588766	     0.000199443
             115	       -0.587456	       -0.588755	     0.000198034
             116	       -0.590272	       -0.588768	     0.000196758
             117	       -0.588976	       -0.588769	     0.000195085
             118	        -0.58824	       -0.588765	     0.000193483
             119	       -0.585656	       -0.588739	     0.000193613
             120	       -0.592688	       -0.588772	     0.000194776
             121	       -0.585456	       -0.588744	     0.000195085
             122	       -0.593144	        -0.58878	     0.000196791
             123	       -0.592288	       -0.588809	     0.000197246
             124	       -0.587976	       -0.588802	      0.00019577
             125	       -0.587512	       -0.588792	     0.000194476
             126	       -0.588376	       -0.588789	      0.00019296
             127	       -0.586168	       -0.588768	     0.000192541
             128	       -0.589712	       -0.588775	     0.000191178
             129	       -0.590232	       -0.588787	     0.000190029
             130	       -0.589456	       -0.588792	     0.000188637
             131	       -0.589288	       -0.588795	     0.000187235
             132	       -0.585312	       -0.588769	     0.000187667
             133	        -0.59144	       -0.588789	     0.000187328
             134	       -0.587432	       -0.588779	     0.000186203
             135	       -0.585216	       -0.588753	     0.000186685
             136	       -0.586936	       -0.588739	      0.00018579
             137	       -0.589752	       -0.588747	     0.000184581
             138	        -0.58804	       -0.588742	     0.000183314
             139	       -0.586904	       -0.588728	     0.000182471
             140	       -0.592208	       -0.588753	     0.000182853
             141	       -0.588632	       -0.588752	     0.000181558
             142	         -0.5866	       -0.588737	     0.000180911
             143	       -0.588392	       -0.588735	     0.000179662
             144	       -0.586856	       -0.588722	     0.000178887
             145	       -0.589048	       -0.588724	     0.000177668
             146	       -0.590936	       -0.588739	     0.000177096
             147	       -0.583408	       -0.588703	     0.000179566
             148	        -0.58916	       -0.588706	     0.000178379
             149	       -0.589864	       -0.588714	     0.000177351
             150	       -0.584648	       -0.588687	     0.000178228
             151	       -0.589864	       -0.588694	     0.000177218
             152	        -0.58552	       -0.588674	     0.000177279
             153	       -0.591824	       -0.588694	     0.000177312
             154	        -0.58712	       -0.588684	     0.000176455
             155	       -0.588832	       -0.588685	     0.000175319
             156	       -0.589464	        -0.58869	     0.000174266
             157	       -0.584144	       -0.588661	     0.000175545
             158	       -0.590984	       -0.588676	     0.000175049
             159	       -0.588968	       -0.588677	     0.000173958
             160	       -0.586848	       -0.588666	     0.000173246
             161	       -0.590184	       -0.588675	     0.000172426
             162	       -0.590648	       -0.588688	     0.000171791
             163	       -0.589072	        -0.58869	     0.000170753
             164	       -0.588144	       -0.588687	     0.000169745
             165	       -0.587632	        -0.58868	     0.000168836
             166	        -0.59068	       -0.588692	     0.000168248
             167	       -0.585488	       -0.588673	     0.000168331
             168	       -0.585784	       -0.588656	     0.000168206
             169	       -0.588816	       -0.588657	     0.000167213
             170	       -0.587072	       -0.588648	     0.000166489
             171	       -0.584416	       -0.588623	     0.000167344
             172	       -0.590864	       -0.588636	     0.000166878
             173	        -0.59092	       -0.588649	     0.000166435
             174	       -0.588792	        -0.58865	      0.00016548
             175	       -0.588056	       -0.588646	     0.000164569
             176	       -0.588736	       -0.588647	     0.000163635
             177	          -0.592	       -0.588666	     0.000163804
             178	       -0.586152	       -0.588652	     0.000163491
             179	       -0.588128	       -0.588649	     0.000162604
             180	       -0.587792	       -0.588644	      0.00016177
             181	         -0.5896	       -0.588649	     0.000160963
             182	       -0.585616	       -0.588633	     0.000160939
             183	       -0.588696	       -0.588633	      0.00016006
             184	        -0.58652	       -0.588622	     0.000159601
             185	       -0.590808	       -0.588633	     0.000159176
             186	       -0.586744	       -0.588623	     0.000158644
             187	       -0.587272	       -0.588616	      0.00015796
             188	       -0.591752	       -0.588633	     0.000157998
             189	       -0.591152	       -0.588646	     0.000157723
             190	        -0.59036	       -0.588655	     0.000157151
             191	       -0.589096	       -0.588657	     0.000156345
             192	       -0.590184	       -0.588665	     0.000155733
             193	       -0.588056	       -0.588662	     0.000154958
             194	         -0.5896	       -0.588667	     0.000154234
             195	       -0.589184	        -0.58867	     0.000153466
             196	        -0.58692	       -0.588661	     0.000152943
             197	       -0.589672	       -0.588666	     0.000152252
             198	       -0.589672	       -0.588671	     0.000151568
             199	       -0.595584	       -0.588706	     0.000154736
             200	        -0.58772	       -0.588701	     0.000154041
             201	       -0.587272	       -0.588694	     0.000153439
             202	       -0.588856	       -0.588694	     0.000152681
             203	       -0.593072	       -0.588716	     0.000153444
             204	       -0.591752	       -0.588731	     0.000153412
             205	       -0.586704	       -0.588721	     0.000152982
             206	        -0.58772	       -0.588716	     0.000152317
             207	        -0.58568	       -0.588701	     0.000152285
             208	       -0.586736	       -0.588692	     0.000151846
             209	       -0.588232	        -0.58869	     0.000151136
             210	       -0.588056	       -0.588687	     0.000150446
             211	       -0.589224	       -0.588689	     0.000149755
             212	        -0.58824	       -0.588687	     0.000149063
             213	       -0.589864	       -0.588693	     0.000148466
             214	       -0.586408	       -0.588682	     0.000148155
             215	         -0.5868	       -0.588673	     0.000147725
             216	       -0.587224	       -0.588667	     0.000147193
             217	       -0.591488	        -0.58868	     0.000147088
             218	       -0.591592	       -0.588693	     0.000147019
             219	       -0.586344	       -0.588682	     0.000146738
             220	       -0.588136	        -0.58868	     0.000146092
             221	       -0.587552	       -0.588675	      0.00014552
             222	       -0.591008	       -0.588685	     0.000145244
             223	       -0.584616	       -0.588667	     0.000145734
             224	       -0.587096	        -0.58866	     0.000145252
             225	        -0.59128	       -0.588672	     0.000145073
             226	       -0.592984	       -0.588691	      0.00014568
             227	         -0.5894	       -0.588694	     0.000145072
             228	        -0.58864	       -0.588694	     0.000144436
             229	       -0.589864	       -0.588699	     0.000143896
             230	        -0.58564	       -0.588685	     0.000143883
             231	       -0.585368	       -0.588671	     0.000143975
             232	       -0.589592	       -0.588675	     0.000143409
             233	       -0.587136	       -0.588668	     0.000142946
             234	       -0.587856	       -0.588665	     0.000142377
             235	       -0.590152	       -0.588671	     0.000141912
             236	       -0.590792	        -0.58868	     0.000141595
             237	       -0.589352	       -0.588683	     0.000141026
             238	       -0.587264	       -0.588677	     0.000140559
             239	        -0.58968	       -0.588681	     0.000140034
             240	       -0.588864	       -0.588682	     0.000139452
             241	       -0.587656	       -0.588678	     0.000138938
             242	        -0.58604	       -0.588667	     0.000138791
             243	        -0.58828	       -0.588665	     0.000138229
             244	       -0.594816	        -0.58869	     0.000139942
             245	       -0.588304	       -0.588689	      0.00013938
             246	       -0.586928	       -0.588682	     0.000138997
             247	          -0.588	       -0.588679	     0.000138462
             248	        -0.58532	       -0.588665	     0.000138564
             249	       -0.588552	       -0.588665	     0.000138009
             250	       -0.589352	       -0.588668	     0.000137484
             251	       -0.587272	       -0.588662	     0.000137049
             252	       -0.586696	       -0.588654	     0.000136727
             253	        -0.58764	        -0.58865	     0.000136245
             254	       -0.586128	        -0.58864	      0.00013607
             255	         -0.5888	       -0.588641	     0.000135538
             256	        -0.58688	       -0.588634	     0.000135183
             257	       -0.586992	       -0.588628	     0.000134808
             258	        -0.58588	       -0.588617	     0.000134705
             259	       -0.589256	        -0.58862	     0.000134208
             260	       -0.588024	       -0.588617	     0.000133711
             261	       -0.591536	       -0.588628	     0.000133666
             262	       -0.589704	       -0.588633	     0.000133218
             263	       -0.591152	       -0.588642	     0.000133056
             264	       -0.585864	       -0.588632	     0.000132967
             265	       -0.590544	       -0.588639	     0.000132661
             266	       -0.586264	        -0.58863	     0.000132463
             267	       -0.591664	       -0.588641	     0.000132453
             268	       -0.590936	        -0.58865	     0.000132235
             269	       -0.588624	        -0.58865	     0.000131744
             270	       -0.589672	       -0.588654	      0.00013131
             271	       -0.587272	       -0.588648	     0.000130925
             272	       -0.587136	       -0.588643	     0.000130561
             273	       -0.588584	       -0.588643	     0.000130083
             274	        -0.58848	       -0.588642	      0.00012961
             275	       -0.590232	       -0.588648	     0.000129267
             276	       -0.587456	       -0.588644	     0.000128871
             277	       -0.589384	       -0.588646	     0.000128434
             278	       -0.584344	       -0.588631	     0.000128901
             279	       -0.589328	       -0.588633	     0.000128463
             280	       -0.590464	        -0.58864	      0.00012817
             281	        -0.58832	       -0.588639	     0.000127719
             282	       -0.585704	       -0.588628	      0.00012769
             283	         -0.5884	       -0.588627	     0.000127241
             284	       -0.589312	        -0.58863	     0.000126816
             285	       -0.587992	       -0.588628	     0.000126391
             286	       -0.590352	       -0.588634	     0.000126092
             287	        -0.58736	       -0.588629	     0.000125731
             288	       -0.588208	       -0.588628	     0.000125303
             289	       -0.589152	        -0.58863	     0.000124883
             290	       -0.591008	       -0.588638	     0.000124721
             291	       -0.588048	       -0.588636	     0.000124309
             292	        -0.59016	       -0.588641	     0.000123993
             293	       -0.588008	       -0.588639	     0.000123588
             294	       -0.588912	        -0.58864	     0.000123171
             295	       -0.590936	       -0.588647	        0.000123
             296	       -0.592368	        -0.58866	     0.000123225
             297	       -0.590392	       -0.588666	     0.000122948
             298	       -0.587408	       -0.588662	     0.000122608
             299	       -0.586896	       -0.588656	      0.00012234
             300	       -0.587176	       -0.588651	     0.000122031
             301	       -0.586376	       -0.588643	      0.00012186
             302	       -0.588248	       -0.588642	     0.000121463
             303	       -0.591048	        -0.58865	     0.000121322
             304	       -0.590928	       -0.588657	     0.000121154
             305	       -0.589464	        -0.58866	     0.000120785
             306	        -0.58864	        -0.58866	     0.000120391
             307	       -0.590808	       -0.588667	     0.000120202
             308	         -0.5864	        -0.58866	     0.000120036
             309	        -0.58768	       -0.588656	      0.00011969
             310	       -0.589264	       -0.588658	      0.00011932
             311	        -0.58908	        -0.58866	     0.000118944
             312	        -0.58472	       -0.588647	     0.000119231
             313	       -0.588208	       -0.588646	     0.000118858
             314	       -0.588904	       -0.588647	     0.000118483
             315	       -0.590224	       -0.588652	     0.000118212
             316	       -0.589208	       -0.588653	     0.000117851
             317	       -0.589264	       -0.588655	     0.000117495
             318	       -0.589984	       -0.588659	       0.0001172
             319	          -0.586	       -0.588651	     0.000117129
             320	       -0.587768	       -0.588648	     0.000116795
             321	       -0.586104	        -0.58864	       0.0001167
             322	       -0.588568	        -0.58864	     0.000116338
             323	       -0.585496	        -0.58863	     0.000116384
             324	       -0.586424	       -0.588624	     0.000116224
             325	       -0.589208	       -0.588625	      0.00011588
             326	         -0.5918	       -0.588635	     0.000115933
             327	       -0.585488	       -0.588626	     0.000115978
             328	       -0.590728	       -0.588632	     0.000115801
             329	       -0.589088	       -0.588633	     0.000115457
             330	       -0.593016	       -0.588647	     0.000115869
             331	       -0.587584	       -0.588643	     0.000115563
             332	       -0.589112	       -0.588645	     0.000115224
             333	       -0.586888	        -0.58864	     0.000114998
             334	       -0.589296	       -0.588642	     0.000114671
             335	        -0.58736	       -0.588638	     0.000114392
             336	        -0.59168	       -0.588647	      0.00011441
             337	       -0.585872	       -0.588639	     0.000114366
             338	       -0.585632	        -0.58863	     0.000114373
             339	       -0.587264	       -0.588626	     0.000114107
             340	        -0.58776	       -0.588623	     0.000113799
             341	        -0.58788	       -0.588621	     0.000113487
             342	       -0.588504	       -0.588621	     0.000113155
             343	        -0.58912	       -0.588622	     0.000112835
             344	       -0.591312	        -0.58863	     0.000112777
             345	       -0.589744	       -0.588633	     0.000112497
             346	       -0.588752	       -0.588633	     0.000112172
             347	        -0.58284	       -0.588617	     0.000113085
             348	        -0.58716	       -0.588612	     0.000112837
             349	       -0.589088	       -0.588614	     0.000112522
             350	        -0.58756	       -0.588611	     0.000112241
             351	       -0.589608	       -0.588614	     0.000111957
             352	       -0.586824	       -0.588609	     0.000111754
             353	       -0.588504	       -0.588608	     0.000111438
             354	       -0.588832	       -0.588609	     0.000111125
             355	         -0.5858	       -0.588601	     0.000111093
             356	       -0.590168	       -0.588605	     0.000110868
             357	       -0.586464	       -0.588599	      0.00011072
             358	         -0.5916	       -0.588608	     0.000110728
             359	         -0.5854	       -0.588599	     0.000110779
             360	       -0.588608	       -0.588599	     0.000110471
             361	       -0.589136	         -0.5886	     0.000110175
             362	       -0.585496	       -0.588592	     0.000110204
             363	       -0.589456	       -0.588594	     0.000109926
             364	       -0.588968	       -0.588595	     0.000109629
             365	       -0.592328	       -0.588605	     0.000109805
             366	        -0.58756	       -0.588603	     0.000109542
             367	       -0.586656	       -0.588597	     0.000109372
             368	       -0.587048	       -0.588593	     0.000109156
             369	        -0.59004	       -0.588597	      0.00010893
             370	       -0.587208	       -0.588593	       0.0001087
             371	        -0.59096	         -0.5886	     0.000108594
             372	       -0.585728	       -0.588592	     0.000108577
             373	       -0.587688	       -0.588589	     0.000108312
             374	       -0.587536	       -0.588587	      0.00010806
             375	        -0.58776	       -0.588584	     0.000107794
             376	       -0.588416	       -0.588584	     0.000107508
             377	       -0.589576	       -0.588587	     0.000107255
             378	       -0.590352	       -0.588591	     0.000107073
             379	        -0.58832	       -0.588591	     0.000106793
             380	       -0.588016	       -0.588589	     0.000106523
             381	       -0.590096	       -0.588593	     0.000106316
             382	       -0.592336	       -0.588603	     0.000106489
             383	       -0.590496	       -0.588608	     0.000106325
             384	       -0.589208	       -0.588609	      0.00010606
             385	       -0.589784	       -0.588612	     0.000105828
             386	        -0.58992	       -0.588616	     0.000105608
             387	        -0.59252	       -0.588626	     0.000105816
             388	       -0.587512	       -0.588623	     0.000105582
             389	       -0.588176	       -0.588622	     0.000105317
             390	       -0.589112	       -0.588623	     0.000105055
             391	       -0.587448	        -0.58862	     0.000104829
             392	       -0.588696	        -0.58862	     0.000104562
             393	        -0.58936	       -0.588622	     0.000104313
             394	       -0.588032	       -0.588621	     0.000104059
             395	       -0.587744	       -0.588618	     0.000103819
             396	        -0.58884	       -0.588619	     0.000103558
             397	       -0.591784	       -0.588627	     0.000103604
             398	       -0.587208	       -0.588623	     0.000103405
             399	       -0.590144	       -0.588627	     0.000103216
             400	       -0.589336	       -0.588629	     0.000102973
             401	       -0.585752	       -0.588622	     0.000102966
             402	       -0.590992	       -0.588628	     0.000102878
             403	       -0.592192	       -0.588637	     0.000103002
             404	       -0.587944	       -0.588635	     0.000102762
             405	       -0.589496	       -0.588637	      0.00010253
             406	       -0.586896	       -0.588633	     0.000102367
             407	        -0.58592	       -0.588626	     0.000102332
             408	       -0.585968	        -0.58862	     0.000102289
             409	       -0.590512	       -0.588624	     0.000102143
             410	       -0.587968	       -0.588623	     0.000101907
             411	       -0.589864	       -0.588626	     0.000101703
             412	       -0.587008	       -0.588622	     0.000101532
             413	       -0.587824	        -0.58862	     0.000101305
             414	       -0.591984	       -0.588628	     0.000101386
             415	        -0.58888	       -0.588628	     0.000101143
             416	       -0.586992	       -0.588625	     0.000100976
             417	       -0.590096	       -0.588628	     0.000100796
             418	       -0.589576	        -0.58863	      0.00010058
             419	       -0.586576	       -0.588625	      0.00010046
             420	        -0.58768	       -0.588623	     0.000100246
             421	        -0.58584	       -0.588617	     0.000100225
             422	        -0.58992	        -0.58862	     0.000100035
             423	       -0.586728	       -0.588615	     9.98988e-05
             424	        -0.58612	       -0.588609	     9.98364e-05
             425	       -0.591768	       -0.588617	     9.98778e-05
             426	       -0.587816	       -0.588615	      9.9661e-05
             427	       -0.588152	       -0.588614	     9.94335e-05
             428	        -0.59084	       -0.588619	     9.93371e-05
             429	       -0.591216	       -0.588625	     9.92899e-05
             430	       -0.586952	       -0.588621	     9.91352e-05
             431	        -0.59124	       -0.588627	     9.90912e-05
             432	       -0.588216	       -0.588626	     9.88664e-05
             433	       -0.586464	       -0.588621	     9.87641e-05
             434	       -0.590864	       -0.588626	     9.86716e-05
             435	       -0.584456	       -0.588617	     9.89094e-05
             436	       -0.586856	       -0.588613	      9.8765e-05
             437	        -0.58764	       -0.588611	     9.85641e-05
             438	       -0.591584	       -0.588617	     9.85726e-05
             439	       -0.588208	       -0.588616	     9.83524e-05
             440	       -0.587384	       -0.588614	     9.81688e-05
             441	       -0.589048	       -0.588615	     9.79511e-05
             442	       -0.588288	       -0.588614	     9.77323e-05
             443	       -0.586416	       -0.588609	     9.76375e-05
             444	       -0.589008	        -0.58861	     9.74218e-05
             445	       -0.587432	       -0.588607	     9.72388e-05
             446	       -0.587784	       -0.588605	     9.70383e-05
             447	       -0.586392	         -0.5886	     9.69474e-05
             448	       -0.590264	       -0.588604	     9.68021e-05
             449	       -0.589088	       -0.588605	     9.65925e-05
             450	       -0.592344	       -0.588613	     9.67345e-05
             451	       -0.588976	       -0.588614	     9.65234e-05
             452	       -0.591648	       -0.588621	     9.65429e-05
             453	       -0.590136	       -0.588624	     9.63877e-05
             454	       -0.589496	       -0.588626	     9.61945e-05
             455	        -0.58652	       -0.588622	     9.60944e-05
             456	       -0.591664	       -0.588628	      9.6115e-05
             457	       -0.590512	       -0.588632	     9.59931e-05
             458	       -0.589392	       -0.588634	     9.57978e-05
             459	       -0.588392	       -0.588634	     9.55905e-05
             460	       -0.589232	       -0.588635	     9.53916e-05
             461	        -0.59036	       -0.588639	      9.5258e-05
             462	       -0.590648	       -0.588643	     9.51511e-05
             463	       -0.585144	       -0.588635	     9.52452e-05
             464	        -0.59076	        -0.58864	       9.515e-05
             465	        -0.58896	       -0.588641	     9.49478e-05
             466	       -0.590248	       -0.588644	     9.48067e-05
             467	       -0.584728	       -0.588636	     9.49738e-05
             468	       -0.590976	       -0.588641	     9.49024e-05
             469	         -0.5878	       -0.588639	      9.4717e-05
             470	       -0.588208	       -0.588638	     9.45199e-05
             471	       -0.586976	       -0.588634	     9.43851e-05
             472	       -0.589736	       -0.588637	      9.4214e-05
             473	        -0.58652	       -0.588632	      9.4121e-05
             474	        -0.58632	       -0.588627	     9.40488e-05
             475	       -0.589704	        -0.58863	     9.38781e-05
             476	        -0.58968	       -0.588632	     9.37068e-05
             477	       -0.587224	       -0.588629	     9.35568e-05
             478	        -0.58932	        -0.58863	     9.33723e-05
             479	       -0.589016	       -0.588631	     9.31808e-05
             480	       -0.590824	       -0.588636	     9.30986e-05
             481	         -0.5886	       -0.588636	     9.29051e-05
             482	       -0.589984	       -0.588638	     9.27544e-05
             483	       -0.586968	       -0.588635	     9.26268e-05
             484	       -0.588616	       -0.588635	     9.24355e-05
             485	       -0.589072	       -0.588636	     9.22493e-05
             486	       -0.590376	       -0.588639	     9.21289e-05
             487	       -0.586912	       -0.588636	      9.2008e-05
             488	       -0.588464	       -0.588636	     9.18201e-05
             489	       -0.592256	       -0.588643	     9.19304e-05
             490	       -0.587056	        -0.58864	     9.17998e-05
             491	       -0.586128	       -0.588635	     9.17553e-05
             492	       -0.592384	       -0.588642	     9.18847e-05
             493	       -0.587496	        -0.58864	     9.17277e-05
             494	       -0.591288	       -0.588645	     9.16985e-05
             495	       -0.587448	       -0.588643	     9.15452e-05
             496	        -0.58888	       -0.588643	     9.13619e-05
             497	       -0.587568	       -0.588641	     9.12036e-05
             498	       -0.588712	       -0.588641	     9.10206e-05
             499	       -0.587088	       -0.588638	     9.08914e-05
             500	       -0.589184	       -0.588639	     9.07162e-05
