#     BLOCK:   ACTUAL_M:     M_AVE:       ERROR:
           1	       8e-05	       8e-05	           0
           2	     0.00268	     0.00138	 0.000919239
           3	    -0.00664	 -0.00129333	  0.00226716
           4	    -0.01556	    -0.00486	  0.00352592
           5	     0.00212	   -0.003464	  0.00308474
           6	    -0.01348	 -0.00513333	  0.00298836
           7	     0.02988	-0.000131429	  0.00529206
           8	     0.00664	    0.000715	  0.00469776
           9	    -0.01428	-0.000951111	  0.00446146
          10	    -0.02336	   -0.003192	  0.00454337
          11	    -0.02388	 -0.00507273	   0.0045028
          12	     0.01652	 -0.00327333	  0.00447268
          13	    -0.00476	 -0.00338769	  0.00413009
          14	     -0.0482	 -0.00658857	  0.00492155
          15	     0.00588	 -0.00575733	  0.00466311
          16	    -0.01376	  -0.0062575	  0.00439841
          17	     0.00472	 -0.00561176	  0.00418681
          18	     0.00492	 -0.00502667	  0.00399489
          19	    -0.03396	 -0.00654947	  0.00406452
          20	     0.00868	   -0.005788	  0.00393198
          21	     0.00192	 -0.00542095	  0.00376183
          22	     -0.0092	 -0.00559273	  0.00359476
          23	    -0.01172	 -0.00585913	  0.00344832
          24	     0.00492	    -0.00541	  0.00333376
          25	     0.02452	  -0.0042128	  0.00340861
          26	      0.0052	 -0.00385077	  0.00329668
          27	     0.03476	 -0.00242074	   0.0034709
          28	    -0.03076	 -0.00343286	  0.00349139
          29	    -0.01168	 -0.00371724	  0.00338256
          30	    -0.00176	   -0.003652	  0.00327044
          31	    -0.02712	 -0.00440903	  0.00325138
          32	    -0.01152	 -0.00463125	  0.00315736
          33	    -0.00312	 -0.00458545	  0.00306201
          34	    -0.00868	 -0.00470588	  0.00297432
          35	     0.00928	 -0.00430629	  0.00291606
          36	    -0.02284	 -0.00482111	  0.00288014
          37	    -0.01276	 -0.00503568	  0.00281028
          38	      0.0118	 -0.00459263	  0.00277103
          39	     0.03356	 -0.00361436	  0.00286747
          40	     0.00848	   -0.003312	  0.00281168
          41	     0.00788	 -0.00303902	  0.00275632
          42	     0.00396	 -0.00287238	  0.00269572
          43	    -0.00268	 -0.00286791	  0.00263304
          44	    -0.00356	 -0.00288364	  0.00257324
          45	    -0.00068	 -0.00283467	  0.00251653
          46	    -0.00484	 -0.00287826	   0.0024622
          47	    -0.01172	 -0.00306638	  0.00241698
          48	    -0.01004	 -0.00321167	  0.00237099
          49	     0.00448	 -0.00305469	   0.0023278
          50	      0.0132	  -0.0027296	  0.00230383
          51	    -0.00248	 -0.00272471	  0.00225866
          52	    -0.00704	 -0.00280769	  0.00221675
          53	     0.01116	 -0.00254415	  0.00219053
          54	    -0.02328	 -0.00292815	  0.00218337
          55	    -0.00016	 -0.00287782	  0.00214425
          56	    -0.02036	    -0.00319	  0.00212856
          57	    -0.00868	 -0.00328632	   0.0020934
          58	     0.00652	 -0.00311724	  0.00206412
          59	    -0.02696	 -0.00352136	  0.00206832
          60	      0.0064	   -0.003356	  0.00204044
          61	       0.004	 -0.00323541	  0.00201055
          62	    -0.00032	 -0.00318839	  0.00197867
          63	     0.02348	 -0.00276508	  0.00199203
          64	    -0.01052	 -0.00288625	  0.00196459
          65	     0.01224	 -0.00265354	   0.0019481
          66	    -0.00448	 -0.00268121	  0.00191878
          67	     0.03012	 -0.00219164	   0.0019516
          68	      -0.005	 -0.00223294	  0.00192333
          69	      0.0056	 -0.00211942	  0.00189881
          70	     -0.0368	 -0.00261486	  0.00193524
          71	    -0.01636	 -0.00280845	  0.00191764
          72	     0.00928	 -0.00264056	  0.00189834
          73	    -0.00064	 -0.00261315	  0.00187253
          74	     -0.0204	 -0.00285351	  0.00186259
          75	    -0.00564	 -0.00289067	  0.00183813
          76	      0.0168	 -0.00263158	  0.00183211
          77	     0.00504	 -0.00253195	  0.00181102
          78	     0.02316	 -0.00220256	  0.00181751
          79	    -0.00052	 -0.00218127	  0.00179463
          80	     0.00168	   -0.002133	  0.00177285
          81	      -0.006	 -0.00218074	   0.0017516
          82	    -0.02288	 -0.00243317	  0.00174834
          83	     0.02568	 -0.00209446	  0.00175978
          84	     0.00404	 -0.00202143	  0.00174034
          85	    -0.00676	 -0.00207718	  0.00172076
          86	      -0.005	 -0.00211116	  0.00170109
          87	     0.00532	 -0.00202575	  0.00168368
          88	    -0.00956	 -0.00211136	  0.00166672
          89	    -0.00048	 -0.00209303	  0.00164809
          90	    -0.00792	 -0.00215778	  0.00163105
          91	       8e-05	 -0.00213319	  0.00161331
          92	     0.02296	 -0.00186043	  0.00161867
          93	    -0.04324	 -0.00230538	  0.00166129
          94	      0.0226	 -0.00204043	  0.00166461
          95	     0.03224	 -0.00167958	  0.00168575
          96	    -0.00216	 -0.00168458	   0.0016682
          97	     0.01396	  -0.0015233	  0.00165878
          98	     0.00288	 -0.00147837	  0.00164246
          99	    -0.00884	 -0.00155273	  0.00162755
         100	    -0.01496	  -0.0016868	  0.00161679
