#     BLOCK:   ACTUAL_TE:    TE_AVE:      ERROR:
               1	       -0.601752	       -0.601752	               0
               2	       -0.605264	       -0.603508	      0.00124168
               3	       -0.598744	        -0.60192	      0.00153831
               4	       -0.597472	       -0.600808	      0.00150283
               5	        -0.60048	       -0.600742	       0.0012037
               6	       -0.604552	       -0.601377	       0.0011585
               7	       -0.604024	       -0.601755	      0.00105289
               8	        -0.60356	       -0.601981	     0.000945135
               9	       -0.601488	       -0.601926	     0.000841706
              10	       -0.599336	       -0.601667	     0.000796394
              11	       -0.599328	       -0.601455	      0.00075185
              12	       -0.600936	       -0.601411	     0.000690437
              13	       -0.601672	       -0.601431	     0.000637617
              14	       -0.602168	       -0.601484	      0.00059424
              15	       -0.601992	       -0.601518	     0.000555588
              16	       -0.599656	       -0.601402	     0.000532911
              17	       -0.598992	        -0.60126	      0.00052007
              18	       -0.599488	       -0.601161	     0.000500405
              19	       -0.602664	        -0.60124	     0.000480277
              20	       -0.597152	       -0.601036	     0.000497871
              21	       -0.600888	       -0.601029	     0.000474212
              22	       -0.599288	        -0.60095	     0.000459212
              23	       -0.602016	       -0.600996	      0.00044158
              24	       -0.600624	       -0.600981	     0.000423453
              25	       -0.600208	        -0.60095	     0.000407641
              26	       -0.599264	       -0.600885	     0.000397086
              27	       -0.599432	       -0.600831	     0.000386008
              28	       -0.602496	       -0.600891	     0.000376774
              29	       -0.600456	       -0.600876	     0.000364079
              30	       -0.598864	       -0.600809	     0.000358065
              31	        -0.59912	       -0.600754	     0.000350633
              32	       -0.601896	        -0.60079	     0.000341486
              33	       -0.600472	        -0.60078	     0.000331274
              34	       -0.597056	       -0.600671	     0.000339156
              35	       -0.603344	       -0.600747	     0.000337958
              36	        -0.60144	       -0.600766	     0.000329118
              37	       -0.600184	        -0.60075	     0.000320599
              38	       -0.601024	       -0.600758	     0.000312243
              39	       -0.599448	       -0.600724	     0.000306037
              40	       -0.600432	       -0.600717	     0.000298473
              41	       -0.603592	       -0.600787	     0.000299318
              42	       -0.601752	        -0.60081	     0.000293072
              43	       -0.600584	       -0.600805	     0.000286304
              44	       -0.600176	        -0.60079	     0.000280153
              45	       -0.599584	       -0.600764	     0.000275207
              46	       -0.601016	       -0.600769	     0.000269279
              47	       -0.600552	       -0.600764	     0.000263589
              48	        -0.60252	       -0.600801	     0.000260623
              49	       -0.602176	       -0.600829	      0.00025681
              50	       -0.600824	       -0.600829	     0.000251674
              51	       -0.599696	       -0.600807	     0.000247718
              52	       -0.602112	       -0.600832	     0.000244222
              53	       -0.601032	       -0.600836	     0.000239644
              54	         -0.5988	       -0.600798	     0.000238152
              55	       -0.602608	       -0.600831	     0.000236085
              56	       -0.600048	       -0.600817	     0.000232283
              57	       -0.600072	       -0.600804	     0.000228575
              58	       -0.598448	       -0.600763	     0.000228214
              59	        -0.59896	       -0.600733	     0.000226383
              60	       -0.603208	       -0.600774	     0.000226338
              61	        -0.59992	        -0.60076	      0.00022306
              62	       -0.601344	       -0.600769	     0.000219662
              63	       -0.603088	       -0.600806	     0.000219237
              64	       -0.599864	       -0.600791	     0.000216305
              65	        -0.60088	       -0.600793	     0.000212981
              66	       -0.598536	       -0.600759	     0.000212481
              67	       -0.602368	       -0.600783	     0.000210663
              68	       -0.600056	       -0.600772	     0.000207836
              69	        -0.60124	       -0.600779	     0.000204935
              70	       -0.596488	       -0.600717	     0.000210975
              71	       -0.603544	       -0.600757	     0.000211726
              72	        -0.60028	       -0.600751	     0.000208889
              73	       -0.601752	       -0.600764	     0.000206478
              74	       -0.599864	       -0.600752	     0.000204046
              75	       -0.598512	       -0.600722	     0.000203499
              76	       -0.600736	       -0.600722	     0.000200822
              77	       -0.601696	       -0.600735	     0.000198611
              78	       -0.602344	       -0.600756	     0.000197133
              79	       -0.601264	       -0.600762	     0.000194743
              80	       -0.599648	       -0.600748	     0.000192806
              81	       -0.599248	        -0.60073	     0.000191313
              82	       -0.598384	       -0.600701	     0.000191107
              83	       -0.601792	       -0.600714	     0.000189256
              84	        -0.60148	       -0.600723	     0.000187222
              85	         -0.5992	       -0.600705	     0.000185875
              86	       -0.601736	       -0.600717	       0.0001841
              87	       -0.602696	        -0.60074	     0.000183383
              88	       -0.601328	       -0.600747	     0.000181421
              89	       -0.604464	       -0.600789	     0.000184127
              90	       -0.600176	       -0.600782	     0.000182207
              91	       -0.602024	       -0.600795	     0.000180715
              92	       -0.601024	       -0.600798	     0.000178768
              93	        -0.59896	       -0.600778	     0.000177935
              94	       -0.601712	       -0.600788	     0.000176319
              95	         -0.5996	       -0.600776	     0.000174906
              96	        -0.59868	       -0.600754	     0.000174441
              97	       -0.602256	       -0.600769	     0.000173329
              98	       -0.600952	       -0.600771	      0.00017157
              99	        -0.60436	       -0.600807	     0.000173625
             100	        -0.60052	       -0.600804	     0.000171912
             101	       -0.603624	       -0.600832	     0.000172462
             102	       -0.600528	       -0.600829	     0.000170797
             103	       -0.604472	       -0.600865	     0.000172761
             104	       -0.602136	       -0.600877	     0.000171532
             105	       -0.602072	       -0.600888	     0.000170275
             106	       -0.599784	       -0.600878	     0.000168987
             107	         -0.5994	       -0.600864	     0.000167972
             108	       -0.602072	       -0.600875	     0.000166788
             109	       -0.599544	       -0.600863	     0.000165705
             110	       -0.602112	       -0.600874	     0.000164587
             111	       -0.600528	       -0.600871	     0.000163134
             112	       -0.599064	       -0.600855	     0.000162473
             113	       -0.602672	       -0.600871	     0.000161829
             114	        -0.60172	       -0.600879	     0.000160581
             115	       -0.601184	       -0.600881	     0.000159206
             116	       -0.600192	       -0.600875	     0.000157945
             117	       -0.600016	       -0.600868	     0.000156765
             118	       -0.601856	       -0.600876	      0.00015566
             119	       -0.598168	       -0.600854	     0.000156007
             120	       -0.599784	       -0.600845	     0.000154962
             121	         -0.6012	       -0.600848	     0.000153709
             122	       -0.599104	       -0.600833	     0.000153112
             123	       -0.600024	       -0.600827	     0.000152009
             124	       -0.596712	       -0.600794	     0.000154362
             125	       -0.599352	       -0.600782	     0.000153558
             126	       -0.605032	       -0.600816	     0.000155999
             127	        -0.59692	       -0.600785	     0.000157758
             128	       -0.600512	       -0.600783	      0.00015654
             129	       -0.599272	       -0.600771	     0.000155764
             130	       -0.601288	       -0.600775	     0.000154617
             131	       -0.603224	       -0.600794	     0.000154562
             132	       -0.600256	        -0.60079	     0.000153445
             133	         -0.6034	        -0.60081	     0.000153541
             134	       -0.598624	       -0.600793	     0.000153259
             135	       -0.601632	       -0.600799	      0.00015225
             136	       -0.602808	       -0.600814	     0.000151845
             137	       -0.602112	       -0.600824	     0.000151032
             138	        -0.60296	       -0.600839	     0.000150729
             139	       -0.601992	       -0.600847	     0.000149872
             140	       -0.604232	       -0.600872	     0.000150739
             141	       -0.601352	       -0.600875	     0.000149708
             142	       -0.600408	       -0.600872	      0.00014869
             143	       -0.601448	       -0.600876	     0.000147705
             144	        -0.60108	       -0.600877	     0.000146686
             145	       -0.599168	       -0.600865	     0.000146147
             146	       -0.603768	       -0.600885	     0.000146492
             147	       -0.597744	       -0.600864	     0.000147046
             148	       -0.603224	        -0.60088	     0.000146915
             149	       -0.597648	       -0.600858	     0.000147521
             150	       -0.600112	       -0.600853	     0.000146621
             151	       -0.596896	       -0.600827	     0.000147974
             152	       -0.598968	       -0.600815	     0.000147505
             153	       -0.603872	       -0.600835	     0.000147888
             154	       -0.600608	       -0.600833	     0.000146935
             155	       -0.600488	       -0.600831	     0.000146004
             156	       -0.599664	       -0.600824	      0.00014526
             157	        -0.59824	       -0.600807	     0.000145264
             158	       -0.601112	       -0.600809	     0.000144357
             159	       -0.596824	       -0.600784	     0.000145609
             160	       -0.600752	       -0.600784	     0.000144699
             161	       -0.599504	       -0.600776	     0.000144018
             162	       -0.599864	        -0.60077	     0.000143239
             163	       -0.600336	       -0.600768	     0.000142385
             164	       -0.600872	       -0.600768	     0.000141518
             165	       -0.603192	       -0.600783	     0.000141421
             166	       -0.599768	       -0.600777	     0.000140701
             167	       -0.602136	       -0.600785	     0.000140094
             168	        -0.59964	       -0.600778	     0.000139426
             169	       -0.603664	       -0.600795	     0.000139642
             170	       -0.602376	       -0.600804	      0.00013913
             171	       -0.600952	       -0.600805	     0.000138319
             172	       -0.601928	       -0.600812	     0.000137669
             173	       -0.603784	       -0.600829	     0.000137941
             174	       -0.600816	       -0.600829	     0.000137148
             175	       -0.599576	       -0.600822	     0.000136551
             176	       -0.600304	       -0.600819	     0.000135807
             177	       -0.603176	       -0.600832	     0.000135691
             178	       -0.600232	       -0.600829	     0.000134971
             179	       -0.601552	       -0.600833	     0.000134277
             180	       -0.602024	       -0.600839	     0.000133694
             181	       -0.598672	       -0.600827	     0.000133491
             182	       -0.599744	       -0.600822	      0.00013289
             183	       -0.601176	       -0.600823	     0.000132178
             184	        -0.60132	       -0.600826	     0.000131487
             185	       -0.601656	       -0.600831	     0.000130853
             186	        -0.60076	        -0.60083	      0.00013015
             187	       -0.598048	       -0.600815	     0.000130302
             188	         -0.6002	       -0.600812	      0.00012965
             189	       -0.599696	       -0.600806	     0.000129098
             190	       -0.604064	       -0.600823	     0.000129552
             191	       -0.601152	       -0.600825	     0.000128885
             192	       -0.605176	       -0.600848	     0.000130191
             193	        -0.60184	       -0.600853	     0.000129618
             194	       -0.596496	        -0.60083	     0.000130881
             195	       -0.600136	       -0.600827	     0.000130258
             196	       -0.603568	       -0.600841	     0.000130342
             197	       -0.599624	       -0.600835	     0.000129827
             198	       -0.601872	        -0.60084	     0.000129277
             199	       -0.601432	       -0.600843	     0.000128662
             200	       -0.597064	       -0.600824	     0.000129398
             201	        -0.59976	       -0.600819	     0.000128863
             202	        -0.59952	       -0.600812	     0.000128385
             203	       -0.600576	       -0.600811	     0.000127758
             204	       -0.602152	       -0.600818	     0.000127301
             205	       -0.598424	       -0.600806	     0.000127214
             206	        -0.60032	       -0.600804	     0.000126618
             207	       -0.599448	       -0.600797	     0.000126176
             208	       -0.598584	       -0.600786	     0.000126017
             209	        -0.59916	       -0.600779	     0.000125654
             210	       -0.598536	       -0.600768	     0.000125509
             211	       -0.598752	       -0.600758	     0.000125277
             212	       -0.600272	       -0.600756	     0.000124707
             213	       -0.601672	        -0.60076	     0.000124196
             214	       -0.599096	       -0.600753	     0.000123859
             215	       -0.598952	       -0.600744	     0.000123565
             216	       -0.599024	       -0.600736	      0.00012325
             217	       -0.604376	       -0.600753	     0.000123818
             218	       -0.602784	       -0.600762	       0.0001236
             219	       -0.603696	       -0.600776	     0.000123759
             220	       -0.599624	       -0.600771	     0.000123307
             221	        -0.60112	       -0.600772	      0.00012276
             222	       -0.604776	        -0.60079	     0.000123524
             223	       -0.601368	       -0.600793	     0.000122998
             224	       -0.597096	       -0.600776	     0.000123551
             225	       -0.603032	       -0.600786	     0.000123408
             226	       -0.604152	       -0.600801	     0.000123757
             227	       -0.597008	       -0.600784	     0.000124335
             228	       -0.601008	       -0.600785	     0.000123793
             229	       -0.600912	       -0.600786	     0.000123254
             230	        -0.60084	       -0.600786	     0.000122718
             231	       -0.600712	       -0.600786	     0.000122187
             232	        -0.60252	       -0.600793	     0.000121889
             233	       -0.602464	       -0.600801	     0.000121577
             234	       -0.600536	       -0.600799	     0.000121062
             235	       -0.600568	       -0.600798	     0.000120551
             236	       -0.601136	         -0.6008	     0.000120049
             237	       -0.603544	       -0.600811	       0.0001201
             238	       -0.598672	       -0.600802	     0.000119931
             239	       -0.605704	       -0.600823	      0.00012117
             240	        -0.60244	        -0.60083	     0.000120852
             241	       -0.596672	       -0.600812	     0.000121576
             242	       -0.597016	       -0.600797	     0.000122081
             243	       -0.601776	       -0.600801	     0.000121646
             244	       -0.599184	       -0.600794	     0.000121327
             245	       -0.597768	       -0.600782	     0.000121459
             246	       -0.599448	       -0.600776	     0.000121086
             247	       -0.604304	       -0.600791	     0.000121436
             248	       -0.598776	       -0.600783	     0.000121217
             249	       -0.602936	       -0.600791	     0.000121039
             250	       -0.601536	       -0.600794	     0.000120591
             251	       -0.602168	         -0.6008	     0.000120235
             252	          -0.601	         -0.6008	      0.00011976
             253	       -0.601216	       -0.600802	     0.000119298
             254	       -0.603888	       -0.600814	     0.000119446
             255	       -0.600696	       -0.600814	     0.000118978
             256	         -0.5976	       -0.600801	     0.000119174
             257	       -0.600304	       -0.600799	     0.000118726
             258	       -0.599984	       -0.600796	     0.000118308
             259	       -0.599504	       -0.600791	     0.000117956
             260	        -0.60148	       -0.600794	     0.000117532
             261	       -0.597792	       -0.600782	     0.000117643
             262	       -0.596736	       -0.600767	     0.000118203
             263	       -0.604336	        -0.60078	     0.000118531
             264	       -0.598248	       -0.600771	     0.000118469
             265	       -0.597928	        -0.60076	     0.000118507
             266	       -0.601688	       -0.600764	     0.000118113
             267	       -0.600808	       -0.600764	      0.00011767
             268	        -0.59932	       -0.600758	     0.000117354
             269	       -0.599304	       -0.600753	     0.000117043
             270	        -0.60452	       -0.600767	     0.000117438
             271	       -0.598616	       -0.600759	     0.000117272
             272	       -0.601488	       -0.600762	     0.000116872
             273	       -0.602056	       -0.600766	      0.00011654
             274	       -0.605416	       -0.600783	     0.000117343
             275	       -0.600504	       -0.600782	     0.000116921
             276	        -0.59712	       -0.600769	     0.000117248
             277	       -0.598608	       -0.600761	     0.000117084
             278	       -0.599272	       -0.600756	     0.000116785
             279	       -0.599832	       -0.600753	     0.000116414
             280	       -0.601328	       -0.600755	     0.000116016
             281	       -0.598056	       -0.600745	        0.000116
             282	       -0.601648	       -0.600748	     0.000115633
             283	          -0.601	       -0.600749	     0.000115228
             284	       -0.600256	       -0.600747	     0.000114835
             285	       -0.600336	       -0.600746	     0.000114441
             286	       -0.602328	       -0.600752	     0.000114175
             287	         -0.5992	       -0.600746	     0.000113905
             288	       -0.601488	       -0.600749	     0.000113538
             289	       -0.599024	       -0.600743	     0.000113302
             290	       -0.601192	       -0.600744	     0.000112922
             291	       -0.601672	       -0.600747	     0.000112579
             292	       -0.600584	       -0.600747	     0.000112195
             293	       -0.601296	       -0.600749	     0.000111828
             294	       -0.604384	       -0.600761	     0.000112129
             295	       -0.600616	       -0.600761	      0.00011175
             296	       -0.600672	        -0.60076	     0.000111373
             297	       -0.603376	       -0.600769	     0.000111345
             298	       -0.597184	       -0.600757	      0.00011162
             299	       -0.600032	       -0.600755	     0.000111273
             300	       -0.598384	       -0.600747	     0.000111182
             301	       -0.602576	       -0.600753	     0.000110979
             302	        -0.60124	       -0.600754	     0.000110623
             303	       -0.599336	        -0.60075	     0.000110357
             304	       -0.598608	       -0.600743	     0.000110219
             305	       -0.602408	       -0.600748	     0.000109992
             306	        -0.60064	       -0.600748	     0.000109633
             307	         -0.6008	       -0.600748	     0.000109276
             308	       -0.602512	       -0.600754	     0.000109072
             309	       -0.601016	       -0.600755	     0.000108722
             310	       -0.601632	       -0.600757	     0.000108408
             311	       -0.602784	       -0.600764	     0.000108255
             312	       -0.599632	        -0.60076	     0.000107969
             313	        -0.60184	       -0.600764	     0.000107679
             314	       -0.601672	       -0.600767	     0.000107375
             315	       -0.601432	       -0.600769	     0.000107055
             316	       -0.599088	       -0.600763	     0.000106848
             317	       -0.601368	       -0.600765	     0.000106528
             318	       -0.601752	       -0.600768	     0.000106238
             319	       -0.598944	       -0.600763	     0.000106059
             320	       -0.601768	       -0.600766	     0.000105774
             321	       -0.602368	       -0.600771	     0.000105562
             322	       -0.597632	       -0.600761	     0.000105684
             323	       -0.599936	       -0.600759	     0.000105387
             324	        -0.59988	       -0.600756	     0.000105097
             325	       -0.600928	       -0.600756	     0.000104775
             326	       -0.602144	       -0.600761	      0.00010454
             327	          -0.601	       -0.600761	     0.000104223
             328	       -0.598336	       -0.600754	     0.000104167
             329	       -0.601344	       -0.600756	     0.000103866
             330	       -0.600232	       -0.600754	     0.000103563
             331	       -0.599712	       -0.600751	     0.000103298
             332	       -0.602336	       -0.600756	     0.000103097
             333	         -0.5992	       -0.600751	     0.000102894
             334	       -0.602768	       -0.600757	     0.000102763
             335	       -0.598976	       -0.600752	     0.000102593
             336	        -0.60192	       -0.600755	     0.000102347
             337	       -0.600288	       -0.600754	     0.000102052
             338	       -0.601184	       -0.600755	     0.000101758
             339	       -0.598736	       -0.600749	     0.000101632
             340	       -0.602912	       -0.600756	     0.000101532
             341	       -0.602352	        -0.60076	     0.000101343
             342	        -0.60484	       -0.600772	     0.000101746
             343	       -0.600208	       -0.600771	     0.000101463
             344	       -0.603264	       -0.600778	     0.000101426
             345	        -0.60028	       -0.600776	     0.000101142
             346	       -0.598992	       -0.600771	     0.000100982
             347	       -0.599336	       -0.600767	     0.000100775
             348	       -0.599632	       -0.600764	     0.000100538
             349	       -0.601472	       -0.600766	     0.000100271
             350	       -0.599712	       -0.600763	     0.000100029
             351	       -0.600952	       -0.600763	     9.97459e-05
             352	       -0.603736	       -0.600772	     9.98194e-05
             353	        -0.59844	       -0.600765	      9.9755e-05
             354	       -0.602272	        -0.60077	      9.9564e-05
             355	       -0.602312	       -0.600774	     9.93783e-05
             356	       -0.601712	       -0.600776	      9.9134e-05
             357	       -0.598496	        -0.60077	     9.90619e-05
             358	        -0.59848	       -0.600764	     9.89916e-05
             359	       -0.600552	       -0.600763	     9.87176e-05
             360	       -0.600096	       -0.600761	     9.84608e-05
             361	        -0.60256	       -0.600766	      9.8314e-05
             362	       -0.600392	       -0.600765	     9.80479e-05
             363	       -0.598944	        -0.60076	      9.7906e-05
             364	        -0.60156	       -0.600762	     9.76617e-05
             365	       -0.600392	       -0.600761	     9.73994e-05
             366	       -0.601936	       -0.600765	     9.71862e-05
             367	       -0.604568	       -0.600775	     9.74723e-05
             368	         -0.6002	       -0.600773	       9.722e-05
             369	       -0.600664	       -0.600773	      9.6957e-05
             370	       -0.596416	       -0.600761	     9.74074e-05
             371	       -0.602232	       -0.600765	     9.72255e-05
             372	       -0.597776	       -0.600757	     9.72957e-05
             373	       -0.603552	       -0.600765	     9.73229e-05
             374	       -0.597712	       -0.600757	     9.74043e-05
             375	       -0.598704	       -0.600751	     9.72983e-05
             376	       -0.601376	       -0.600753	     9.70537e-05
             377	       -0.598896	       -0.600748	     9.69211e-05
             378	        -0.60136	       -0.600749	     9.66783e-05
             379	       -0.600656	       -0.600749	     9.64235e-05
             380	       -0.601024	        -0.60075	     9.61725e-05
             381	       -0.596904	        -0.60074	     9.64483e-05
             382	       -0.599584	       -0.600737	     9.62433e-05
             383	       -0.602296	       -0.600741	     9.60781e-05
             384	       -0.601224	       -0.600742	     9.58361e-05
             385	       -0.600704	       -0.600742	     9.55872e-05
             386	        -0.60044	       -0.600741	     9.53428e-05
             387	       -0.602576	       -0.600746	     9.52142e-05
             388	       -0.600256	       -0.600745	     9.49772e-05
             389	         -0.6002	       -0.600743	     9.47434e-05
             390	        -0.59924	       -0.600739	     9.45788e-05
             391	       -0.601768	       -0.600742	     9.43735e-05
             392	       -0.600944	       -0.600743	     9.41342e-05
             393	       -0.596232	       -0.600731	     9.45918e-05
             394	       -0.600792	       -0.600731	     9.43518e-05
             395	       -0.602448	       -0.600736	      9.4213e-05
             396	       -0.601728	       -0.600738	     9.40084e-05
             397	       -0.598336	       -0.600732	     9.39661e-05
             398	       -0.601648	       -0.600734	     9.37582e-05
             399	       -0.600416	       -0.600734	     9.35266e-05
             400	       -0.600752	       -0.600734	     9.32928e-05
             401	        -0.59988	       -0.600732	     9.30844e-05
             402	       -0.601456	       -0.600733	     9.28703e-05
             403	        -0.59908	       -0.600729	     9.27304e-05
             404	       -0.599568	       -0.600726	     9.25455e-05
             405	       -0.599784	       -0.600724	     9.23462e-05
             406	       -0.603168	        -0.60073	     9.23147e-05
             407	       -0.601616	       -0.600732	     9.21136e-05
             408	       -0.602792	       -0.600737	      9.2026e-05
             409	       -0.598576	       -0.600732	     9.19526e-05
             410	        -0.60052	       -0.600731	     9.17298e-05
             411	       -0.604872	       -0.600742	     9.20582e-05
             412	       -0.600064	        -0.60074	     9.18494e-05
             413	       -0.600472	       -0.600739	     9.16293e-05
             414	        -0.60276	       -0.600744	     9.15379e-05
             415	       -0.600008	       -0.600742	     9.13345e-05
             416	       -0.601984	       -0.600745	     9.11637e-05
             417	       -0.602064	       -0.600749	     9.09999e-05
             418	       -0.602088	       -0.600752	     9.08386e-05
             419	       -0.600176	        -0.60075	     9.06322e-05
             420	       -0.599248	       -0.600747	      9.0487e-05
             421	       -0.599232	       -0.600743	     9.03436e-05
             422	       -0.600536	       -0.600743	     9.01308e-05
             423	       -0.598544	       -0.600737	     9.00675e-05
             424	       -0.600272	       -0.600736	     8.98617e-05
             425	       -0.601688	       -0.600739	     8.96782e-05
             426	       -0.600384	       -0.600738	     8.94715e-05
             427	        -0.60316	       -0.600743	     8.94417e-05
             428	        -0.60256	       -0.600748	     8.93333e-05
             429	        -0.59992	       -0.600746	     8.91459e-05
             430	       -0.600056	       -0.600744	      8.8953e-05
             431	       -0.601744	       -0.600746	     8.87769e-05
             432	       -0.600256	       -0.600745	     8.85787e-05
             433	       -0.597528	       -0.600738	     8.86852e-05
             434	       -0.600672	       -0.600738	      8.8481e-05
             435	       -0.602576	       -0.600742	     8.83784e-05
             436	       -0.598688	       -0.600737	     8.83012e-05
             437	       -0.601168	       -0.600738	     8.81046e-05
             438	         -0.6014	        -0.60074	     8.79164e-05
             439	       -0.598592	       -0.600735	     8.78522e-05
             440	       -0.601584	       -0.600737	     8.76737e-05
             441	       -0.599976	       -0.600735	     8.74919e-05
             442	       -0.602224	       -0.600738	     8.73588e-05
             443	       -0.599272	       -0.600735	     8.72243e-05
             444	       -0.602568	       -0.600739	     8.71254e-05
             445	       -0.601824	       -0.600742	     8.69637e-05
             446	       -0.594616	       -0.600728	     8.78467e-05
             447	       -0.598624	       -0.600723	     8.77762e-05
             448	       -0.599392	        -0.60072	     8.76305e-05
             449	       -0.596768	       -0.600712	     8.78763e-05
             450	       -0.602072	       -0.600715	      8.7733e-05
             451	       -0.599392	       -0.600712	     8.75875e-05
             452	       -0.601528	       -0.600713	     8.74124e-05
             453	       -0.602904	       -0.600718	      8.7353e-05
             454	       -0.602368	       -0.600722	     8.72362e-05
             455	        -0.59848	       -0.600717	     8.71835e-05
             456	       -0.600944	       -0.600717	     8.69937e-05
             457	       -0.598648	       -0.600713	     8.69211e-05
             458	       -0.598544	       -0.600708	     8.68603e-05
             459	       -0.601104	       -0.600709	     8.66753e-05
             460	         -0.5996	       -0.600707	     8.65204e-05
             461	       -0.602264	        -0.60071	     8.63987e-05
             462	       -0.603128	       -0.600715	       8.637e-05
             463	       -0.597304	       -0.600708	     8.64972e-05
             464	       -0.599512	       -0.600705	     8.63491e-05
             465	       -0.596912	       -0.600697	     8.65479e-05
             466	       -0.601568	       -0.600699	     8.63824e-05
             467	        -0.60244	       -0.600703	     8.62778e-05
             468	       -0.601008	       -0.600703	     8.60959e-05
             469	         -0.5978	       -0.600697	     8.61346e-05
             470	       -0.601736	       -0.600699	     8.59797e-05
             471	       -0.597952	       -0.600694	     8.59948e-05
             472	       -0.603728	         -0.6007	     8.60526e-05
             473	        -0.60236	       -0.600704	     8.59422e-05
             474	       -0.601824	       -0.600706	     8.57934e-05
             475	       -0.598696	       -0.600702	      8.5717e-05
             476	       -0.600208	       -0.600701	     8.55432e-05
             477	       -0.602592	       -0.600705	     8.54557e-05
             478	       -0.600632	       -0.600704	     8.52771e-05
             479	        -0.59968	       -0.600702	     8.51259e-05
             480	        -0.59932	       -0.600699	     8.49972e-05
             481	       -0.601064	         -0.6007	     8.48239e-05
             482	       -0.600968	       -0.600701	     8.46497e-05
             483	       -0.599712	       -0.600699	     8.44992e-05
             484	         -0.6002	       -0.600698	     8.43309e-05
             485	       -0.600072	       -0.600696	     8.41669e-05
             486	       -0.602488	         -0.6007	     8.40744e-05
             487	       -0.602496	       -0.600704	     8.39826e-05
             488	       -0.603496	       -0.600709	     8.40052e-05
             489	       -0.601272	       -0.600711	     8.38413e-05
             490	       -0.598912	       -0.600707	     8.37505e-05
             491	       -0.602936	       -0.600711	     8.37029e-05
             492	       -0.600552	       -0.600711	     8.35334e-05
             493	        -0.60064	       -0.600711	     8.33641e-05
             494	        -0.60692	       -0.600724	     8.41375e-05
             495	       -0.600432	       -0.600723	     8.39696e-05
             496	       -0.600384	       -0.600722	     8.38031e-05
             497	       -0.601848	       -0.600725	     8.36651e-05
             498	       -0.602072	       -0.600727	     8.35408e-05
             499	       -0.600832	       -0.600727	     8.33736e-05
             500	        -0.60452	       -0.600735	     8.35512e-05
