#     BLOCK:   ACTUAL_X:     X_AVE:       ERROR:
           1	     2.97606	     2.97606	           0
           2	     2.63172	     2.80389	    0.121742
           3	       2.524	     2.71059	     0.11131
           4	     2.85561	     2.74685	   0.0891911
           5	     3.10479	     2.81843	   0.0958707
           6	     3.10451	     2.86611	   0.0909789
           7	     3.05138	     2.89258	   0.0817411
           8	     3.04011	     2.91102	   0.0735744
           9	     3.05425	     2.92694	   0.0670986
          10	     3.27408	     2.96165	   0.0687852
          11	        2.82	     2.94877	    0.063726
          12	     3.01476	     2.95427	   0.0586523
          13	     3.06535	     2.96282	   0.0547594
          14	     2.68659	     2.94309	   0.0542863
          15	     2.98372	      2.9458	   0.0507348
          16	     2.42056	     2.91297	   0.0572065
          17	     2.76197	     2.90409	   0.0545266
          18	     2.74907	     2.89547	    0.052173
          19	     2.62631	     2.88131	   0.0513143
          20	     2.94028	     2.88426	   0.0488333
          21	     2.76287	     2.87848	   0.0468487
          22	      3.2462	     2.89519	   0.0476076
          23	      2.9018	     2.89548	   0.0455386
          24	     2.68321	     2.88663	   0.0444918
          25	      3.0889	     2.89472	   0.0434415
          26	     2.80687	     2.89135	   0.0419019
          27	     2.77831	     2.88716	   0.0405585
          28	     2.51797	     2.87397	   0.0411975
          29	     2.87842	     2.87413	   0.0397772
          30	       2.764	     2.87046	   0.0386203
          31	     2.25814	      2.8507	   0.0421238
          32	     3.42496	     2.86865	   0.0444659
          33	     2.67285	     2.86272	   0.0435126
          34	      2.8013	     2.86091	   0.0422703
          35	     2.90254	      2.8621	   0.0410793
          36	     2.75363	     2.85909	   0.0400485
          37	     2.56845	     2.85123	    0.039729
          38	     2.96732	     2.85429	   0.0388008
          39	     3.06017	     2.85957	   0.0381633
          40	     2.58214	     2.85263	   0.0378342
          41	     3.13977	     2.85963	    0.037554
          42	     3.01735	     2.86339	   0.0368472
          43	     2.94682	     2.86533	   0.0360413
          44	     3.26885	      2.8745	   0.0363703
          45	     2.78541	     2.87252	   0.0356159
          46	     2.53245	     2.86513	   0.0356006
          47	     2.82445	     2.86426	   0.0348537
          48	     2.83915	     2.86374	   0.0341315
          49	     3.15054	     2.86959	    0.033933
          50	     2.75313	     2.86726	   0.0333342
          51	     2.94254	     2.86874	   0.0327133
          52	     3.01493	     2.87155	   0.0322048
          53	     2.96389	     2.87329	   0.0316442
          54	     2.89876	     2.87376	   0.0310617
          55	     2.39183	       2.865	   0.0317088
          56	     3.20851	     2.87113	   0.0317303
          57	     2.95927	     2.87268	   0.0312113
          58	      2.6818	     2.86939	   0.0308462
          59	     3.15724	     2.87427	   0.0307068
          60	     3.05448	     2.87727	   0.0303416
          61	     3.61538	     2.88937	   0.0321665
          62	     3.22901	     2.89485	   0.0321108
          63	     2.85003	     2.89414	    0.031609
          64	     2.70327	     2.89116	   0.0312555
          65	     2.75335	     2.88904	   0.0308464
          66	     2.65352	     2.88547	   0.0305848
          67	     2.93854	     2.88626	   0.0301386
          68	      2.7187	      2.8838	   0.0297959
          69	     3.31014	     2.88998	   0.0299979
          70	     2.61527	     2.88605	    0.029825
          71	     2.80946	     2.88497	   0.0294244
          72	     2.79223	     2.88368	   0.0290439
          73	     3.12823	     2.88703	   0.0288386
          74	     3.05961	     2.88937	    0.028543
          75	     3.03606	     2.89132	   0.0282294
          76	     3.18873	     2.89523	   0.0281279
          77	     2.36208	     2.88831	   0.0286021
          78	     3.02552	     2.89007	   0.0282894
          79	     2.32721	     2.88295	   0.0288146
          80	     2.56749	       2.879	   0.0287229
          81	     2.41087	     2.87322	   0.0289439
          82	     2.98158	     2.87454	   0.0286211
          83	      2.8071	     2.87373	   0.0282878
          84	     3.15324	     2.87706	   0.0281461
          85	     3.15228	      2.8803	   0.0280006
          86	     2.66721	     2.87782	   0.0277844
          87	      2.7049	     2.87583	    0.027536
          88	     2.97482	     2.87696	   0.0272461
          89	     2.81949	     2.87631	   0.0269476
          90	     2.83741	     2.87588	   0.0266516
          91	     2.35989	     2.87021	   0.0269552
          92	     3.12439	     2.87297	   0.0268034
          93	     2.95346	     2.87384	   0.0265292
          94	     2.71059	      2.8721	   0.0263037
          95	     2.87155	     2.87209	   0.0260269
          96	     2.94715	     2.87288	   0.0257675
          97	     3.36225	     2.87792	   0.0259911
          98	     2.50434	     2.87411	   0.0260039
          99	       3.052	     2.87591	   0.0258032
         100	     2.79335	     2.87508	   0.0255584
