#     BLOCK:   ACTUAL_TE:    TE_AVE:      ERROR:
               1	       -0.329536	       -0.329536	               0
               2	       -0.330104	        -0.32982	     0.000200818
               3	       -0.328864	       -0.329501	     0.000292613
               4	       -0.326696	         -0.3288	     0.000645805
               5	        -0.32548	       -0.328136	     0.000787171
               6	       -0.331832	       -0.328752	     0.000864012
               7	       -0.331504	       -0.329145	     0.000825193
               8	       -0.328368	       -0.329048	     0.000727739
               9	        -0.32876	       -0.329016	     0.000647582
              10	       -0.328312	       -0.328946	     0.000586638
              11	       -0.328984	       -0.328949	     0.000533318
              12	       -0.329776	       -0.329018	     0.000493306
              13	       -0.330568	       -0.329137	     0.000469548
              14	       -0.329368	       -0.329154	     0.000436298
              15	       -0.329808	       -0.329197	     0.000409386
              16	        -0.32952	       -0.329218	     0.000384296
              17	       -0.328312	       -0.329164	     0.000365363
              18	       -0.329984	        -0.32921	     0.000347892
              19	       -0.328344	       -0.329164	     0.000332552
              20	        -0.32704	       -0.329058	     0.000332453
              21	       -0.329616	       -0.329085	     0.000317682
              22	          -0.328	       -0.329035	     0.000307043
              23	       -0.330408	       -0.329095	     0.000299438
              24	       -0.327896	       -0.329045	     0.000291099
              25	       -0.330824	       -0.329116	     0.000288021
              26	       -0.330616	       -0.329174	     0.000282661
              27	       -0.325296	        -0.32903	     0.000306517
              28	       -0.329304	        -0.32904	     0.000295726
              29	       -0.328624	       -0.329026	     0.000285876
              30	       -0.328384	       -0.329004	     0.000277146
              31	       -0.326752	       -0.328932	     0.000277565
              32	        -0.32692	       -0.328869	     0.000275918
              33	        -0.33056	        -0.32892	     0.000272275
              34	       -0.328016	       -0.328893	     0.000265562
              35	       -0.327808	       -0.328862	     0.000259779
              36	       -0.328536	       -0.328853	     0.000252721
              37	       -0.328936	       -0.328856	     0.000245901
              38	         -0.3298	        -0.32888	     0.000240682
              39	       -0.329624	       -0.328899	     0.000235265
              40	       -0.325336	        -0.32881	     0.000245672
              41	       -0.329272	       -0.328822	     0.000239938
              42	       -0.331096	       -0.328876	     0.000240258
              43	       -0.331504	       -0.328937	      0.00024232
              44	       -0.324288	       -0.328831	     0.000258825
              45	       -0.329664	        -0.32885	     0.000253734
              46	       -0.329424	       -0.328862	     0.000248525
              47	       -0.328504	       -0.328855	     0.000243354
              48	       -0.327096	       -0.328818	     0.000241026
              49	       -0.327896	       -0.328799	     0.000236841
              50	       -0.329792	       -0.328819	     0.000232935
              51	       -0.327936	       -0.328802	      0.00022901
              52	       -0.328928	       -0.328804	     0.000224619
              53	       -0.327656	       -0.328782	     0.000221423
              54	        -0.32468	       -0.328707	     0.000229987
              55	       -0.329816	       -0.328727	     0.000226688
              56	       -0.327136	       -0.328698	     0.000224413
              57	       -0.330848	       -0.328736	     0.000223622
              58	        -0.32676	       -0.328702	     0.000222347
              59	       -0.325352	       -0.328645	     0.000225711
              60	       -0.329352	       -0.328657	     0.000222257
              61	       -0.328624	       -0.328656	     0.000218614
              62	       -0.329312	       -0.328667	     0.000215343
              63	       -0.329856	       -0.328686	     0.000212751
              64	       -0.330064	       -0.328707	     0.000210513
              65	       -0.330368	       -0.328733	     0.000208819
              66	       -0.330752	       -0.328764	     0.000207884
              67	       -0.327592	       -0.328746	     0.000205515
              68	       -0.330264	       -0.328768	     0.000203702
              69	        -0.32808	       -0.328758	     0.000200994
              70	       -0.325568	       -0.328713	     0.000203224
              71	       -0.327176	       -0.328691	     0.000201511
              72	        -0.32952	       -0.328703	     0.000199041
              73	       -0.329568	       -0.328715	     0.000196667
              74	       -0.330488	       -0.328738	     0.000195464
              75	       -0.327072	       -0.328716	     0.000194117
              76	       -0.328056	       -0.328708	     0.000191757
              77	        -0.32664	       -0.328681	     0.000191138
              78	       -0.330448	       -0.328703	     0.000190025
              79	       -0.328288	       -0.328698	     0.000187693
              80	       -0.326536	       -0.328671	     0.000187282
              81	       -0.330224	        -0.32869	     0.000185949
              82	       -0.328304	       -0.328686	     0.000183741
              83	       -0.330264	       -0.328705	     0.000182508
              84	       -0.329384	       -0.328713	     0.000180515
              85	       -0.327256	       -0.328696	     0.000179203
              86	       -0.329584	       -0.328706	     0.000177417
              87	       -0.330192	       -0.328723	     0.000176198
              88	        -0.32936	        -0.32873	     0.000174344
              89	       -0.331632	       -0.328763	     0.000175407
              90	       -0.327344	       -0.328747	     0.000174165
              91	       -0.327312	       -0.328731	     0.000172964
              92	        -0.32816	       -0.328725	     0.000171195
              93	        -0.32968	       -0.328735	     0.000169662
              94	        -0.32804	       -0.328728	     0.000168018
              95	       -0.327736	       -0.328717	     0.000166574
              96	       -0.327184	       -0.328702	     0.000165603
              97	       -0.326712	       -0.328681	     0.000165161
              98	       -0.328408	       -0.328678	     0.000163499
              99	       -0.328976	       -0.328681	     0.000161875
             100	       -0.327856	       -0.328673	     0.000160467
             101	         -0.3296	       -0.328682	      0.00015914
             102	       -0.331208	       -0.328707	     0.000159495
             103	       -0.327568	       -0.328696	     0.000158329
             104	       -0.324032	       -0.328651	     0.000163034
             105	       -0.328856	       -0.328653	     0.000161493
             106	       -0.330024	       -0.328666	     0.000160487
             107	       -0.325544	       -0.328637	     0.000161617
             108	       -0.329328	       -0.328643	     0.000160248
             109	       -0.327384	       -0.328632	     0.000159193
             110	        -0.33084	       -0.328652	     0.000159007
             111	        -0.32668	       -0.328634	     0.000158563
             112	       -0.327656	       -0.328625	     0.000157388
             113	        -0.33052	       -0.328642	     0.000156886
             114	       -0.329576	        -0.32865	     0.000155723
             115	       -0.327256	       -0.328638	      0.00015484
             116	       -0.329296	       -0.328644	     0.000153609
             117	       -0.329536	       -0.328651	     0.000152486
             118	       -0.328744	       -0.328652	     0.000151196
             119	       -0.329104	       -0.328656	     0.000149973
             120	       -0.330296	        -0.32867	     0.000149344
             121	       -0.329768	       -0.328679	     0.000148386
             122	        -0.32984	       -0.328688	     0.000147475
             123	       -0.328688	       -0.328688	     0.000146276
             124	       -0.329136	       -0.328692	     0.000145141
             125	       -0.327536	       -0.328682	     0.000144274
             126	        -0.32836	        -0.32868	     0.000143151
             127	       -0.330312	       -0.328693	       0.0001426
             128	       -0.327976	       -0.328687	     0.000141596
             129	       -0.330216	       -0.328699	     0.000140993
             130	       -0.329904	       -0.328708	     0.000140213
             131	       -0.329032	       -0.328711	     0.000139164
             132	       -0.327648	       -0.328703	     0.000138343
             133	       -0.330656	       -0.328717	      0.00013808
             134	       -0.328848	       -0.328718	     0.000137053
             135	       -0.328424	       -0.328716	     0.000136055
             136	       -0.327448	       -0.328707	     0.000135374
             137	        -0.32872	       -0.328707	     0.000134386
             138	        -0.32936	       -0.328712	     0.000133495
             139	       -0.326304	       -0.328694	     0.000133654
             140	       -0.329136	       -0.328698	     0.000132736
             141	       -0.329888	       -0.328706	     0.000132063
             142	        -0.32652	       -0.328691	     0.000132027
             143	       -0.329768	       -0.328698	     0.000131319
             144	       -0.329576	       -0.328704	     0.000130548
             145	       -0.325744	       -0.328684	     0.000131235
             146	       -0.329624	        -0.32869	     0.000130494
             147	       -0.326424	       -0.328675	     0.000130514
             148	       -0.330064	       -0.328684	     0.000129969
             149	       -0.328816	       -0.328685	       0.0001291
             150	       -0.328128	       -0.328681	     0.000128292
             151	         -0.3306	       -0.328694	      0.00012807
             152	       -0.327056	       -0.328683	      0.00012768
             153	       -0.327552	       -0.328676	      0.00012706
             154	       -0.328648	       -0.328676	     0.000126235
             155	       -0.331344	       -0.328693	     0.000126589
             156	       -0.328144	       -0.328689	     0.000125826
             157	       -0.326704	       -0.328677	     0.000125659
             158	       -0.327496	       -0.328669	     0.000125085
             159	        -0.32972	       -0.328676	     0.000124473
             160	       -0.326848	       -0.328665	     0.000124218
             161	        -0.32492	       -0.328641	     0.000125605
             162	       -0.329104	       -0.328644	     0.000124862
             163	       -0.327096	       -0.328635	     0.000124457
             164	        -0.32988	       -0.328642	      0.00012393
             165	       -0.328064	       -0.328639	     0.000123228
             166	       -0.331416	       -0.328655	     0.000123616
             167	       -0.327768	        -0.32865	      0.00012299
             168	        -0.32772	       -0.328645	     0.000122383
             169	       -0.327792	        -0.32864	     0.000121762
             170	       -0.327264	       -0.328631	     0.000121315
             171	       -0.329616	       -0.328637	     0.000120742
             172	        -0.33032	       -0.328647	     0.000120436
             173	       -0.329248	        -0.32865	      0.00011979
             174	       -0.329352	       -0.328654	     0.000119169
             175	       -0.327496	       -0.328648	     0.000118672
             176	       -0.327264	        -0.32864	     0.000118258
             177	       -0.329264	       -0.328644	     0.000117642
             178	       -0.328944	       -0.328645	     0.000116993
             179	       -0.328272	       -0.328643	     0.000116358
             180	       -0.328688	       -0.328643	     0.000115712
             181	       -0.329424	       -0.328648	     0.000115153
             182	       -0.330256	       -0.328657	     0.000114859
             183	        -0.33004	       -0.328664	      0.00011448
             184	       -0.328072	       -0.328661	     0.000113903
             185	       -0.329712	       -0.328667	     0.000113429
             186	       -0.329064	       -0.328669	     0.000112839
             187	       -0.327432	       -0.328662	     0.000112429
             188	        -0.33048	       -0.328672	     0.000112246
             189	       -0.334304	       -0.328702	     0.000115541
             190	        -0.32844	         -0.3287	     0.000114941
             191	       -0.327592	       -0.328694	     0.000114485
             192	       -0.330696	       -0.328705	     0.000114363
             193	       -0.328504	       -0.328704	     0.000113775
             194	       -0.328376	       -0.328702	     0.000113201
             195	       -0.328512	       -0.328701	     0.000112625
             196	       -0.329208	       -0.328704	      0.00011208
             197	       -0.327392	       -0.328697	     0.000111708
             198	       -0.332328	       -0.328715	     0.000112639
             199	       -0.330888	       -0.328726	     0.000112601
             200	       -0.327688	       -0.328721	     0.000112158
             201	        -0.32732	       -0.328714	     0.000111816
             202	       -0.332712	       -0.328734	     0.000113001
             203	       -0.331424	       -0.328747	     0.000113218
             204	       -0.331736	       -0.328762	     0.000113607
             205	        -0.32676	       -0.328752	     0.000113472
             206	       -0.326704	       -0.328742	     0.000113356
             207	       -0.328496	       -0.328741	     0.000112815
             208	       -0.331624	       -0.328755	      0.00011312
             209	       -0.326352	       -0.328743	     0.000113162
             210	       -0.329048	       -0.328745	     0.000112632
             211	       -0.330632	       -0.328754	     0.000112453
             212	       -0.325616	       -0.328739	     0.000112892
             213	       -0.327704	       -0.328734	     0.000112467
             214	       -0.326448	       -0.328723	     0.000112448
             215	       -0.327704	       -0.328719	     0.000112024
             216	       -0.327688	       -0.328714	     0.000111607
             217	       -0.328032	       -0.328711	     0.000111137
             218	       -0.330224	       -0.328718	     0.000110844
             219	       -0.329944	       -0.328723	     0.000110479
             220	       -0.329344	       -0.328726	     0.000110013
             221	       -0.326688	       -0.328717	     0.000109901
             222	       -0.329616	       -0.328721	     0.000109481
             223	       -0.327584	       -0.328716	     0.000109108
             224	       -0.325704	       -0.328702	     0.000109447
             225	       -0.327416	       -0.328697	     0.000109109
             226	       -0.329104	       -0.328698	     0.000108642
             227	       -0.328568	       -0.328698	     0.000108164
             228	       -0.327376	       -0.328692	     0.000107845
             229	       -0.327208	       -0.328686	     0.000107569
             230	       -0.326472	       -0.328676	     0.000107531
             231	       -0.325496	       -0.328662	     0.000107943
             232	       -0.329888	       -0.328667	     0.000107607
             233	       -0.329176	        -0.32867	     0.000107167
             234	        -0.32872	        -0.32867	     0.000106709
             235	       -0.329912	       -0.328675	     0.000106386
             236	         -0.3296	       -0.328679	     0.000106008
             237	       -0.331472	       -0.328691	     0.000106213
             238	        -0.32572	       -0.328678	     0.000106498
             239	       -0.328504	       -0.328678	     0.000106055
             240	       -0.329384	       -0.328681	     0.000105654
             241	       -0.329984	       -0.328686	     0.000105354
             242	       -0.330504	       -0.328693	     0.000105186
             243	       -0.326128	       -0.328683	     0.000105282
             244	       -0.330664	       -0.328691	     0.000105163
             245	       -0.328232	       -0.328689	      0.00010475
             246	       -0.327728	       -0.328685	     0.000104397
             247	       -0.328408	       -0.328684	     0.000103981
             248	       -0.326872	       -0.328677	     0.000103818
             249	       -0.327248	       -0.328671	     0.000103559
             250	       -0.329336	       -0.328674	     0.000103179
             251	        -0.32556	       -0.328661	     0.000103511
             252	       -0.328208	        -0.32866	     0.000103116
             253	       -0.330136	       -0.328665	     0.000102873
             254	       -0.325744	       -0.328654	     0.000103109
             255	       -0.329888	       -0.328659	     0.000102819
             256	       -0.327032	       -0.328652	     0.000102613
             257	       -0.331048	       -0.328662	     0.000102636
             258	       -0.330032	       -0.328667	     0.000102376
             259	       -0.328448	       -0.328666	     0.000101984
             260	        -0.32772	       -0.328663	     0.000101657
             261	       -0.326912	       -0.328656	     0.000101488
             262	        -0.33108	       -0.328665	     0.000101522
             263	         -0.3294	       -0.328668	     0.000101174
             264	       -0.328872	       -0.328669	     0.000100794
             265	       -0.331984	       -0.328681	     0.000101187
             266	        -0.33028	       -0.328687	     0.000100985
             267	       -0.332344	       -0.328701	     0.000101531
             268	       -0.327168	       -0.328695	     0.000101313
             269	       -0.327376	        -0.32869	     0.000101055
             270	       -0.332992	       -0.328706	     0.000101929
             271	       -0.328304	       -0.328705	     0.000101564
             272	       -0.327888	       -0.328702	     0.000101235
             273	       -0.329048	       -0.328703	     0.000100872
             274	       -0.329344	       -0.328705	     0.000100531
             275	        -0.32896	       -0.328706	      0.00010017
             276	       -0.326232	       -0.328697	     0.000100207
             277	       -0.327656	       -0.328693	     9.99159e-05
             278	        -0.32544	       -0.328682	      0.00010024
             279	       -0.329648	       -0.328685	     9.99401e-05
             280	       -0.325552	       -0.328674	     0.000100208
             281	       -0.328576	       -0.328674	     9.98516e-05
             282	       -0.329208	       -0.328676	     9.95155e-05
             283	       -0.328664	       -0.328676	     9.91639e-05
             284	        -0.32948	       -0.328678	     9.88552e-05
             285	       -0.328552	       -0.328678	     9.85093e-05
             286	         -0.3288	       -0.328678	     9.81658e-05
             287	       -0.332496	       -0.328692	     9.87209e-05
             288	       -0.332264	       -0.328704	     9.91543e-05
             289	       -0.328744	       -0.328704	     9.88113e-05
             290	       -0.329424	       -0.328707	     9.85017e-05
             291	       -0.332856	       -0.328721	     9.91899e-05
             292	       -0.330632	       -0.328728	     9.90659e-05
             293	       -0.329352	        -0.32873	     9.87507e-05
             294	       -0.330928	       -0.328737	     9.86975e-05
             295	        -0.33008	       -0.328742	     9.84678e-05
             296	        -0.32796	       -0.328739	     9.81706e-05
             297	        -0.33188	        -0.32875	      9.8408e-05
             298	       -0.330392	       -0.328755	      9.8232e-05
             299	       -0.329096	       -0.328756	     9.79101e-05
             300	       -0.327032	       -0.328751	     9.77523e-05
             301	       -0.328344	       -0.328749	     9.74369e-05
             302	         -0.3272	       -0.328744	     9.72491e-05
             303	       -0.328864	       -0.328744	      9.6929e-05
             304	        -0.33168	       -0.328754	       9.709e-05
             305	        -0.32888	       -0.328754	     9.67725e-05
             306	       -0.328344	       -0.328753	     9.64656e-05
             307	       -0.332536	       -0.328765	     9.69351e-05
             308	       -0.328008	       -0.328763	     9.66516e-05
             309	        -0.32556	       -0.328753	     9.68931e-05
             310	       -0.328888	       -0.328753	     9.65815e-05
             311	       -0.330336	       -0.328758	      9.6405e-05
             312	       -0.324976	       -0.328746	     9.68551e-05
             313	        -0.32748	       -0.328742	     9.66301e-05
             314	       -0.329968	       -0.328746	     9.64012e-05
             315	        -0.32796	       -0.328743	     9.61275e-05
             316	       -0.326784	       -0.328737	      9.6023e-05
             317	       -0.329448	       -0.328739	     9.57463e-05
             318	       -0.327536	       -0.328736	       9.552e-05
             319	       -0.326328	       -0.328728	     9.55183e-05
             320	       -0.327616	       -0.328725	      9.5283e-05
             321	       -0.327584	       -0.328721	     9.50524e-05
             322	       -0.327752	       -0.328718	     9.48048e-05
             323	       -0.331144	       -0.328726	     9.48083e-05
             324	       -0.326672	       -0.328719	     9.47274e-05
             325	       -0.332288	        -0.32873	     9.50702e-05
             326	       -0.329008	       -0.328731	     9.47824e-05
             327	       -0.326368	       -0.328724	     9.47676e-05
             328	       -0.330608	        -0.32873	     9.46526e-05
             329	       -0.326992	       -0.328724	     9.45122e-05
             330	        -0.33048	        -0.32873	     9.43754e-05
             331	       -0.326792	       -0.328724	     9.42717e-05
             332	        -0.32864	       -0.328724	      9.3988e-05
             333	       -0.324256	        -0.32871	     9.46585e-05
             334	       -0.331312	       -0.328718	     9.46951e-05
             335	       -0.329352	        -0.32872	     9.44313e-05
             336	       -0.327824	       -0.328717	     9.41879e-05
             337	       -0.329496	       -0.328719	     9.39367e-05
             338	       -0.326704	       -0.328713	     9.38479e-05
             339	       -0.325832	       -0.328705	     9.39552e-05
             340	       -0.328944	       -0.328706	     9.36815e-05
             341	       -0.327776	       -0.328703	     9.34464e-05
             342	       -0.327952	       -0.328701	      9.3199e-05
             343	       -0.330208	       -0.328705	     9.30308e-05
             344	       -0.331752	       -0.328714	      9.3181e-05
             345	       -0.330152	       -0.328718	     9.30041e-05
             346	       -0.326544	       -0.328712	     9.29474e-05
             347	       -0.327912	        -0.32871	     9.27081e-05
             348	       -0.326512	       -0.328703	     9.26565e-05
             349	       -0.329696	       -0.328706	     9.24347e-05
             350	       -0.328904	       -0.328707	     9.21723e-05
             351	       -0.331408	       -0.328714	     9.22304e-05
             352	        -0.32752	       -0.328711	     9.20308e-05
             353	          -0.328	       -0.328709	     9.17921e-05
             354	         -0.3268	       -0.328704	     9.16911e-05
             355	       -0.327768	       -0.328701	     9.14707e-05
             356	       -0.325464	       -0.328692	     9.16645e-05
             357	       -0.328648	       -0.328692	     9.14079e-05
             358	       -0.329568	       -0.328694	     9.11853e-05
             359	       -0.325768	       -0.328686	     9.12949e-05
             360	       -0.328744	       -0.328686	     9.10414e-05
             361	         -0.3286	       -0.328686	     9.07895e-05
             362	         -0.3284	       -0.328685	     9.05422e-05
             363	        -0.32904	       -0.328686	      9.0298e-05
             364	       -0.330896	       -0.328692	     9.02538e-05
             365	       -0.330744	       -0.328698	     9.01814e-05
             366	       -0.328544	       -0.328697	      8.9936e-05
             367	       -0.329144	       -0.328699	     8.96992e-05
             368	       -0.329096	         -0.3287	     8.94619e-05
             369	       -0.328032	       -0.328698	     8.92378e-05
             370	       -0.329288	         -0.3287	     8.90109e-05
             371	       -0.331688	       -0.328708	     8.91347e-05
             372	       -0.328344	       -0.328707	     8.89004e-05
             373	       -0.328872	       -0.328707	     8.86632e-05
             374	       -0.329768	        -0.32871	     8.84715e-05
             375	        -0.32796	       -0.328708	     8.82582e-05
             376	       -0.326856	       -0.328703	     8.81608e-05
             377	        -0.32796	       -0.328701	     8.79489e-05
             378	       -0.327352	       -0.328697	     8.77886e-05
             379	       -0.328264	       -0.328696	     8.75645e-05
             380	       -0.327672	       -0.328694	     8.73755e-05
             381	       -0.329696	       -0.328696	     8.71858e-05
             382	       -0.329048	       -0.328697	     8.69624e-05
             383	        -0.32896	       -0.328698	      8.6738e-05
             384	       -0.326728	       -0.328693	     8.66637e-05
             385	       -0.326176	       -0.328686	     8.66848e-05
             386	       -0.329456	       -0.328688	     8.64832e-05
             387	       -0.331568	       -0.328696	     8.65793e-05
             388	       -0.327376	       -0.328692	     8.64229e-05
             389	        -0.32836	       -0.328691	     8.62049e-05
             390	       -0.331008	       -0.328697	     8.61883e-05
             391	       -0.327744	       -0.328695	     8.60024e-05
             392	       -0.328928	       -0.328695	      8.5785e-05
             393	        -0.33024	       -0.328699	     8.56567e-05
             394	       -0.328728	       -0.328699	     8.54394e-05
             395	       -0.329192	       -0.328701	     8.52322e-05
             396	       -0.327768	       -0.328698	     8.50495e-05
             397	       -0.329672	       -0.328701	     8.48706e-05
             398	       -0.326296	       -0.328695	     8.48721e-05
             399	        -0.33028	       -0.328699	     8.47524e-05
             400	       -0.328384	       -0.328698	     8.45442e-05
             401	       -0.326792	       -0.328693	     8.44668e-05
             402	       -0.333088	       -0.328704	     8.49612e-05
             403	       -0.332032	       -0.328712	     8.51508e-05
             404	       -0.328344	       -0.328711	     8.49449e-05
             405	       -0.328776	       -0.328712	     8.47353e-05
             406	       -0.331312	       -0.328718	     8.47683e-05
             407	        -0.32668	       -0.328713	     8.47078e-05
             408	       -0.327152	       -0.328709	     8.45866e-05
             409	       -0.329296	       -0.328711	     8.43919e-05
             410	        -0.32704	       -0.328707	     8.42844e-05
             411	       -0.331624	       -0.328714	     8.43777e-05
             412	        -0.33136	        -0.32872	      8.4417e-05
             413	         -0.3306	       -0.328725	     8.43353e-05
             414	       -0.330768	        -0.32873	     8.42759e-05
             415	        -0.33028	       -0.328733	     8.41556e-05
             416	       -0.326168	       -0.328727	     8.41789e-05
             417	       -0.329352	       -0.328729	     8.39904e-05
             418	       -0.327528	       -0.328726	     8.38385e-05
             419	       -0.327304	       -0.328722	     8.37071e-05
             420	       -0.328312	       -0.328721	     8.35135e-05
             421	       -0.328624	       -0.328721	     8.33154e-05
             422	       -0.326008	       -0.328715	     8.33657e-05
             423	       -0.331616	       -0.328722	     8.34503e-05
             424	       -0.330232	       -0.328725	     8.33295e-05
             425	         -0.3294	       -0.328727	     8.31485e-05
             426	        -0.32824	       -0.328726	     8.29612e-05
             427	        -0.32872	       -0.328726	     8.27669e-05
             428	       -0.330048	       -0.328729	     8.26312e-05
             429	       -0.328344	       -0.328728	     8.24434e-05
             430	       -0.329648	        -0.32873	     8.22795e-05
             431	       -0.329656	       -0.328732	     8.21166e-05
             432	       -0.328664	       -0.328732	     8.19267e-05
             433	        -0.32612	       -0.328726	     8.19592e-05
             434	       -0.329608	       -0.328728	     8.17956e-05
             435	       -0.327288	       -0.328725	     8.16745e-05
             436	       -0.327176	       -0.328721	     8.15644e-05
             437	       -0.327032	       -0.328717	     8.14692e-05
             438	       -0.329312	       -0.328719	     8.12946e-05
             439	       -0.327624	       -0.328716	     8.11476e-05
             440	       -0.329472	       -0.328718	     8.09814e-05
             441	       -0.326696	       -0.328713	     8.09274e-05
             442	        -0.32588	       -0.328707	     8.09977e-05
             443	       -0.327216	       -0.328703	     8.08848e-05
             444	        -0.32756	       -0.328701	     8.07436e-05
             445	       -0.327184	       -0.328697	     8.06341e-05
             446	       -0.328848	       -0.328698	      8.0454e-05
             447	       -0.327752	       -0.328696	     8.03018e-05
             448	       -0.330608	         -0.3287	     8.02359e-05
             449	       -0.329024	       -0.328701	     8.00605e-05
             450	        -0.33056	       -0.328705	     7.99891e-05
             451	       -0.326872	       -0.328701	     7.99149e-05
             452	        -0.32816	       -0.328699	     7.97471e-05
             453	       -0.327512	       -0.328697	     7.96141e-05
             454	        -0.33008	         -0.3287	      7.9497e-05
             455	       -0.329008	       -0.328701	     7.93252e-05
             456	       -0.330312	       -0.328704	     7.92299e-05
             457	       -0.330432	       -0.328708	     7.91467e-05
             458	       -0.333832	       -0.328719	     7.97607e-05
             459	        -0.33272	       -0.328728	     8.00618e-05
             460	       -0.329192	       -0.328729	     7.98941e-05
             461	       -0.328888	       -0.328729	     7.97216e-05
             462	       -0.329288	        -0.32873	     7.95582e-05
             463	       -0.329976	       -0.328733	     7.94318e-05
             464	        -0.33048	       -0.328737	     7.93498e-05
             465	       -0.325664	        -0.32873	     7.94539e-05
             466	       -0.330288	       -0.328734	     7.93537e-05
             467	       -0.328368	       -0.328733	     7.91876e-05
             468	       -0.327216	        -0.32873	     7.90847e-05
             469	       -0.327232	       -0.328726	     7.89805e-05
             470	       -0.331608	       -0.328732	     7.90501e-05
             471	       -0.329624	       -0.328734	     7.89049e-05
             472	        -0.32892	       -0.328735	     7.87387e-05
             473	       -0.328608	       -0.328734	     7.85727e-05
             474	       -0.326816	        -0.32873	     7.85111e-05
             475	       -0.330368	       -0.328734	     7.84215e-05
             476	       -0.327232	       -0.328731	     7.83202e-05
             477	       -0.328512	        -0.32873	     7.81573e-05
             478	        -0.33064	       -0.328734	     7.80959e-05
             479	       -0.328488	       -0.328734	     7.79345e-05
             480	       -0.332472	       -0.328742	     7.81603e-05
             481	       -0.328168	        -0.32874	     7.80069e-05
             482	       -0.327952	       -0.328739	     7.78622e-05
             483	       -0.329312	        -0.32874	     7.77101e-05
             484	       -0.330192	       -0.328743	     7.76074e-05
             485	       -0.331176	       -0.328748	     7.76094e-05
             486	       -0.330056	       -0.328751	     7.74963e-05
             487	       -0.328656	        -0.32875	     7.73374e-05
             488	       -0.327688	       -0.328748	     7.72096e-05
             489	       -0.332024	       -0.328755	     7.73418e-05
             490	       -0.327984	       -0.328753	     7.71999e-05
             491	       -0.325456	       -0.328747	     7.73342e-05
             492	        -0.32668	       -0.328742	      7.7291e-05
             493	       -0.326168	       -0.328737	     7.73105e-05
             494	       -0.327872	       -0.328735	     7.71738e-05
             495	       -0.328792	       -0.328736	      7.7018e-05
             496	       -0.329456	       -0.328737	     7.68764e-05
             497	       -0.329808	       -0.328739	     7.67519e-05
             498	       -0.327968	       -0.328738	     7.66134e-05
             499	       -0.330248	       -0.328741	     7.65197e-05
             500	       -0.329248	       -0.328742	     7.63733e-05
