#     BLOCK:   ACTUAL_TE:    TE_AVE:      ERROR:
           1	   -0.711757	   -0.711757	           0
           2	   -0.711933	   -0.711845	 6.22254e-05
           3	   -0.702306	   -0.708665	  0.00259636
           4	   -0.718547	   -0.711136	  0.00289297
           5	   -0.709377	   -0.710784	  0.00233566
           6	   -0.710304	   -0.710704	  0.00194776
           7	   -0.697258	   -0.708783	  0.00243927
           8	   -0.711574	   -0.709132	  0.00215916
           9	   -0.708359	   -0.709046	  0.00192096
          10	   -0.717969	   -0.709938	  0.00192497
          11	   -0.707802	   -0.709744	  0.00175974
          12	   -0.722127	   -0.710776	  0.00189162
          13	   -0.695522	   -0.709603	   0.0020784
          14	    -0.71602	   -0.710061	  0.00197985
          15	   -0.713425	   -0.710285	  0.00186051
          16	   -0.734564	   -0.711803	  0.00228057
          17	   -0.718174	   -0.712177	  0.00217699
          18	   -0.710456	   -0.712082	  0.00205815
          19	   -0.716423	    -0.71231	  0.00196247
          20	    -0.71378	   -0.712384	  0.00186572
          21	   -0.722001	   -0.712842	  0.00183222
          22	   -0.726982	   -0.713485	  0.00185826
          23	    -0.71651	   -0.713616	  0.00178211
          24	   -0.721798	   -0.713957	  0.00174016
          25	   -0.721433	   -0.714256	  0.00169605
          26	   -0.709592	   -0.714077	  0.00164028
          27	   -0.710054	   -0.713928	  0.00158628
          28	   -0.700495	   -0.713448	  0.00160052
          29	   -0.715807	   -0.713529	   0.0015474
          30	   -0.719235	   -0.713719	  0.00150746
          31	   -0.708893	   -0.713564	  0.00146685
          32	   -0.696484	    -0.71303	  0.00151501
          33	    -0.72017	   -0.713246	  0.00148447
          34	    -0.71191	   -0.713207	  0.00144133
          35	   -0.709777	   -0.713109	  0.00140348
          36	   -0.706889	   -0.712936	  0.00137508
          37	   -0.706137	   -0.712752	  0.00135014
          38	   -0.719432	   -0.712928	  0.00132601
          39	   -0.702448	    -0.71266	  0.00131896
          40	    -0.70337	   -0.712427	  0.00130627
          41	   -0.711604	   -0.712407	  0.00127456
          42	   -0.708299	   -0.712309	  0.00124796
          43	   -0.709048	   -0.712234	  0.00122124
          44	   -0.704222	   -0.712051	  0.00120698
          45	     -0.7213	   -0.712257	  0.00119753
          46	   -0.709519	   -0.712197	  0.00117298
          47	   -0.716306	   -0.712285	  0.00115127
          48	   -0.714114	   -0.712323	  0.00112792
          49	   -0.702807	   -0.712129	  0.00112149
          50	   -0.713915	   -0.712165	  0.00109963
          51	    -0.71741	   -0.712267	  0.00108287
          52	   -0.714846	   -0.712317	  0.00106318
          53	   -0.706651	    -0.71221	  0.00104848
          54	   -0.716083	   -0.712282	  0.00103152
          55	   -0.710775	   -0.712254	  0.00101313
          56	   -0.720522	   -0.712402	  0.00100573
          57	   -0.717936	   -0.712499	 0.000992763
          58	   -0.713111	    -0.71251	 0.000975702
          59	   -0.705379	   -0.712389	 0.000966621
          60	    -0.70672	   -0.712294	 0.000955117
          61	   -0.710829	    -0.71227	 0.000939761
          62	   -0.726693	   -0.712503	 0.000952959
          63	   -0.712578	   -0.712504	 0.000937834
          64	   -0.722326	   -0.712658	 0.000935653
          65	   -0.710444	   -0.712624	 0.000921878
          66	   -0.716028	   -0.712675	 0.000909352
          67	   -0.713091	   -0.712681	 0.000895801
          68	   -0.711643	   -0.712666	 0.000882758
          69	    -0.70725	   -0.712588	 0.000873446
          70	   -0.716928	    -0.71265	 0.000863167
          71	   -0.718535	   -0.712732	 0.000854981
          72	   -0.716309	   -0.712782	 0.000844548
          73	   -0.720666	    -0.71289	 0.000839855
          74	   -0.708653	   -0.712833	 0.000830455
          75	   -0.723545	   -0.712976	 0.000831573
          76	   -0.711959	   -0.712962	 0.000820739
          77	   -0.712266	   -0.712953	  0.00081013
          78	   -0.721085	   -0.713058	 0.000806424
          79	   -0.721395	   -0.713163	 0.000803092
          80	    -0.71244	   -0.713154	 0.000793104
          81	   -0.715295	    -0.71318	 0.000783753
          82	   -0.713065	   -0.713179	 0.000774197
          83	   -0.706779	   -0.713102	 0.000768699
          84	   -0.699535	    -0.71294	  0.00077633
          85	   -0.717376	   -0.712993	 0.000768948
          86	   -0.709461	   -0.712952	 0.000761103
          87	   -0.699998	   -0.712803	 0.000766779
          88	   -0.717686	   -0.712858	 0.000760071
          89	   -0.710181	   -0.712828	 0.000752126
          90	   -0.703447	   -0.712724	 0.000750957
          91	   -0.721285	   -0.712818	 0.000748574
          92	   -0.713289	   -0.712823	 0.000740455
          93	   -0.716982	   -0.712868	 0.000733842
          94	   -0.721207	   -0.712956	 0.000731378
          95	   -0.714935	   -0.712977	 0.000723976
          96	   -0.703606	    -0.71288	 0.000722986
          97	   -0.715134	   -0.712903	 0.000715906
          98	   -0.715341	   -0.712928	 0.000709033
          99	   -0.715762	   -0.712956	 0.000702449
         100	   -0.698679	   -0.712814	 0.000709785
