#     BLOCK:   ACTUAL_X:     X_AVE:       ERROR:
               1	         3.01124	         3.01124	               0
               2	         3.24276	           3.127	        0.081858
               3	         2.79494	         3.01631	        0.105573
               4	         3.01265	          3.0154	        0.079184
               5	         3.08929	         3.03018	       0.0647118
               6	         3.53712	         3.11467	       0.0941111
               7	         3.17871	         3.12382	       0.0811101
               8	         2.93582	         3.10032	       0.0742974
               9	         3.68871	         3.16569	        0.090337
              10	         3.69771	         3.21889	       0.0956951
              11	         3.30506	         3.22673	       0.0873156
              12	         3.49694	         3.24925	        0.082892
              13	         2.56324	         3.19648	       0.0917885
              14	         3.69906	         3.23237	       0.0919847
              15	         3.21024	          3.2309	       0.0858643
              16	         3.36547	         3.23931	       0.0809086
              17	         2.74235	         3.21008	       0.0812588
              18	         3.51265	         3.22689	       0.0784638
              19	            2.45	           3.186	       0.0843176
              20	         2.90735	         3.17206	       0.0812446
              21	         2.92265	         3.16019	       0.0782392
              22	         3.03382	         3.15444	       0.0748934
              23	         2.73941	          3.1364	        0.073779
              24	         3.51824	         3.15231	          0.0724
              25	         3.37641	         3.16127	       0.0700567
              26	         3.12153	         3.15974	       0.0673789
              27	         3.18871	         3.16082	       0.0648919
              28	         2.91306	         3.15197	       0.0631747
              29	         2.95229	         3.14508	       0.0613704
              30	         3.18853	         3.14653	       0.0593418
              31	         2.97612	         3.14103	       0.0576816
              32	           3.434	         3.15019	       0.0566009
              33	         3.15782	         3.15042	       0.0548862
              34	         2.65994	         3.13599	       0.0551351
              35	         3.39241	         3.14332	       0.0540444
              36	         2.98159	         3.13883	       0.0527296
              37	         3.08482	         3.13737	       0.0513246
              38	         3.65018	         3.15086	       0.0517177
              39	         3.26459	         3.15378	       0.0504737
              40	         2.89618	         3.14734	        0.049621
              41	         3.20512	         3.14875	       0.0484308
              42	         3.16188	         3.14906	       0.0472787
              43	         2.79453	         3.14082	       0.0468926
              44	         3.71453	         3.15386	       0.0476051
              45	         3.97441	         3.17209	       0.0499175
              46	         3.11018	         3.17074	       0.0488505
              47	         2.98865	         3.16687	       0.0479645
              48	         3.61759	         3.17626	       0.0478756
              49	         3.05724	         3.17383	       0.0469601
              50	         3.55429	         3.18144	       0.0466333
              51	            3.55	         3.18867	       0.0462755
              52	         3.55359	         3.19568	       0.0459146
              53	         3.52776	         3.20195	       0.0454738
              54	         3.03259	         3.19881	       0.0447397
              55	         3.06388	         3.19636	       0.0439935
              56	            3.31	         3.19839	       0.0432547
              57	         2.85494	         3.19236	       0.0429134
              58	         3.49153	         3.19752	       0.0424824
              59	         3.49965	         3.20264	       0.0420699
              60	         2.64212	          3.1933	       0.0423933
              61	         3.12741	         3.19222	        0.041712
              62	         3.45024	         3.19638	       0.0412463
              63	         3.47059	         3.20073	       0.0408206
              64	         3.23859	         3.20133	       0.0401871
              65	         3.29406	         3.20275	       0.0395942
              66	         3.23282	         3.20321	       0.0389969
              67	         2.88394	         3.19844	       0.0387049
              68	         3.22641	         3.19885	       0.0381379
              69	         3.28429	         3.20009	       0.0376052
              70	           2.981	         3.19696	        0.037198
              71	         3.37882	         3.19952	       0.0367622
              72	         3.17153	         3.19914	       0.0362537
              73	         3.22629	         3.19951	        0.035759
              74	         3.32171	         3.20116	       0.0353138
              75	         3.12447	         3.20014	       0.0348578
              76	         2.97994	         3.19724	       0.0345193
              77	         2.74576	         3.19138	       0.0345654
              78	         3.05053	         3.18957	       0.0341694
              79	         3.21147	         3.18985	        0.033738
              80	         3.04912	         3.18809	       0.0333621
              81	         3.15782	         3.18771	       0.0329523
              82	         2.60306	         3.18058	       0.0333129
              83	         2.78371	          3.1758	       0.0332529
              84	         3.40053	         3.17848	       0.0329645
              85	         2.98335	         3.17618	       0.0326565
              86	         3.39153	         3.17869	       0.0323726
              87	         3.23271	         3.17931	       0.0320065
              88	         3.36482	         3.18142	       0.0317121
              89	         2.82841	         3.17745	       0.0316029
              90	         3.70706	         3.18333	       0.0317949
              91	         3.60218	         3.18794	       0.0317769
              92	           3.313	          3.1893	       0.0314606
              93	         3.16824	         3.18907	       0.0311231
              94	         3.60565	          3.1935	       0.0311059
              95	         2.70741	         3.18838	       0.0311965
              96	         3.26924	         3.18923	       0.0308829
              97	         3.12865	          3.1886	       0.0305708
              98	         2.89041	         3.18556	       0.0304099
              99	         3.07653	         3.18446	       0.0301227
             100	         2.87971	         3.18141	       0.0299752
             101	         3.34294	         3.18301	       0.0297211
             102	         2.65365	         3.17782	       0.0298794
             103	         3.66435	         3.18254	       0.0299603
             104	         3.02453	         3.18102	       0.0297107
             105	         2.81971	         3.17758	       0.0296264
             106	         3.38859	         3.17957	       0.0294137
             107	         3.27441	         3.18046	       0.0291522
             108	         2.78471	          3.1768	       0.0291116
             109	         2.87465	         3.17402	       0.0289762
             110	         3.70994	          3.1789	       0.0291195
             111	         3.22394	          3.1793	         0.02886
             112	           3.358	          3.1809	       0.0286464
             113	         3.58171	         3.18444	       0.0286116
             114	         2.86888	         3.18168	       0.0284942
             115	         3.33965	         3.18305	       0.0282795
             116	         3.51965	         3.18595	       0.0281842
             117	         2.98488	         3.18423	       0.0279957
             118	         3.37365	         3.18584	       0.0278044
             119	         3.08024	         3.18495	       0.0275849
             120	         3.52476	         3.18778	          0.0275
             121	         2.92447	         3.18561	       0.0273587
             122	         3.53571	         3.18848	       0.0272845
             123	         3.12212	         3.18794	        0.027068
             124	         3.23259	          3.1883	       0.0268522
             125	         3.34053	         3.18951	       0.0266649
             126	         2.82524	         3.18662	       0.0266096
             127	         2.95424	         3.18479	       0.0264629
             128	         2.81624	         3.18191	       0.0264123
             129	         2.97324	          3.1803	       0.0262571
             130	         3.17982	         3.18029	       0.0260551
             131	         3.58471	         3.18338	       0.0260385
             132	         3.50182	         3.18579	       0.0259527
             133	         3.47953	           3.188	       0.0258514
             134	         3.55871	         3.19077	       0.0258061
             135	         3.35235	         3.19196	       0.0256426
             136	         2.83829	         3.18936	       0.0255856
             137	         3.09241	         3.18866	       0.0254087
             138	         3.15176	         3.18839	       0.0252259
             139	         3.10706	          3.1878	       0.0250512
             140	         2.85676	         3.18544	       0.0249836
             141	         3.56141	         3.18811	       0.0249483
             142	         2.92612	         3.18626	       0.0248408
             143	         3.21771	         3.18648	        0.024668
             144	         3.38376	         3.18785	       0.0245348
             145	         3.33112	         3.18884	       0.0243854
             146	         2.93288	         3.18709	       0.0242813
             147	         3.18971	          3.1871	       0.0241162
             148	         3.31488	         3.18797	       0.0239687
             149	         3.32053	         3.18886	       0.0238243
             150	         2.86153	         3.18667	       0.0237652
             151	         3.54082	         3.18902	       0.0237233
             152	         3.38206	         3.19029	       0.0236012
             153	         3.27882	         3.19087	        0.023454
             154	         3.13676	         3.19052	       0.0233043
             155	         2.72647	         3.18752	       0.0233455
             156	         3.01953	         3.18645	       0.0232207
             157	         3.65329	         3.18942	       0.0232624
             158	           3.345	          3.1904	        0.023136
             159	         3.23894	         3.19071	       0.0229925
             160	         3.41518	         3.19211	       0.0228916
             161	         3.37806	         3.19327	       0.0227785
             162	           3.372	         3.19437	       0.0226646
             163	         2.92976	         3.19275	       0.0225836
             164	         3.33206	          3.1936	       0.0224619
             165	         3.08853	         3.19296	       0.0223348
             166	         3.62212	         3.19555	       0.0223493
             167	         3.43276	         3.19697	       0.0222606
             168	         3.37082	           3.198	       0.0221521
             169	         3.05724	         3.19717	       0.0220367
             170	         3.22271	         3.19732	       0.0219076
             171	         3.17824	         3.19721	       0.0217798
             172	         3.72706	         3.20029	       0.0218699
             173	         3.11806	         3.19981	       0.0217487
             174	         2.99406	         3.19863	       0.0216558
             175	         2.65653	         3.19553	       0.0217525
             176	         2.82541	         3.19343	       0.0217303
             177	         3.15871	         3.19323	       0.0216084
             178	         3.58294	         3.19542	       0.0215976
             179	           3.107	         3.19493	       0.0214826
             180	           3.164	         3.19476	        0.021364
             181	         3.04794	         3.19394	       0.0212613
             182	         3.09824	         3.19342	        0.021151
             183	         3.51024	         3.19515	       0.0211062
             184	         2.87712	         3.19342	       0.0210621
             185	         3.24924	         3.19372	       0.0209504
             186	         2.62135	         3.19065	       0.0210626
             187	         3.64835	         3.19309	       0.0210917
             188	         3.17682	         3.19301	       0.0209797
             189	         3.51182	         3.19469	       0.0209364
             190	         3.19271	         3.19468	       0.0208262
             191	         2.95876	         3.19345	       0.0207537
             192	         3.10241	         3.19297	       0.0206511
             193	         3.50229	         3.19458	       0.0206062
             194	         2.93347	         3.19323	       0.0205438
             195	         2.96329	         3.19205	       0.0204723
             196	         3.30559	         3.19263	        0.020376
             197	         3.56594	         3.19453	       0.0203605
             198	         3.39588	         3.19554	       0.0202831
             199	         2.92541	         3.19419	       0.0202265
             200	         3.09653	          3.1937	       0.0201313
