#     BLOCK:   ACTUAL_TE:    TE_AVE:      ERROR:
           1	     -0.4096	     -0.4096	           0
           2	    -0.41472	    -0.41216	  0.00181019
           3	     -0.4136	    -0.41264	  0.00126884
           4	    -0.40824	    -0.41154	  0.00134651
           5	     -0.4228	   -0.413792	   0.0022842
           6	    -0.41912	    -0.41468	  0.00206892
           7	    -0.41072	   -0.414114	  0.00184909
           8	    -0.41208	    -0.41386	  0.00163534
           9	    -0.40136	   -0.412471	  0.00195646
          10	    -0.40888	   -0.412112	  0.00179347
          11	    -0.40624	   -0.411578	  0.00170803
          12	    -0.41872	   -0.412173	  0.00166616
          13	    -0.41736	   -0.412572	  0.00158504
          14	    -0.42488	   -0.413451	  0.00169821
          15	    -0.42328	   -0.414107	  0.00170673
          16	    -0.42408	    -0.41473	   0.0017101
          17	    -0.41264	   -0.414607	  0.00161392
          18	     -0.4092	   -0.414307	  0.00155196
          19	    -0.42024	   -0.414619	  0.00150137
          20	    -0.40744	    -0.41426	  0.00146858
          21	    -0.41352	   -0.414225	  0.00139907
          22	    -0.42368	   -0.414655	  0.00139994
          23	    -0.41104	   -0.414497	  0.00134786
          24	    -0.40696	   -0.414183	  0.00132778
          25	    -0.41864	   -0.414362	  0.00128658
          26	    -0.41312	   -0.414314	  0.00123799
          27	    -0.41576	   -0.414367	  0.00119329
          28	     -0.4116	   -0.414269	  0.00115476
          29	     -0.4152	   -0.414301	  0.00111539
          30	    -0.41232	   -0.414235	  0.00108016
          31	    -0.40592	   -0.413966	   0.0010781
          32	    -0.41256	   -0.413922	  0.00104531
          33	    -0.41512	   -0.413959	  0.00101426
          34	    -0.41448	   -0.413974	 0.000984546
          35	    -0.41544	   -0.414016	 0.000957307
          36	    -0.40472	   -0.413758	 0.000964913
          37	    -0.41312	   -0.413741	 0.000938988
          38	    -0.41952	   -0.413893	 0.000926513
          39	    -0.40952	   -0.413781	 0.000909515
          40	    -0.40992	   -0.413684	 0.000891883
          41	    -0.42808	   -0.414035	 0.000936699
          42	     -0.4252	   -0.414301	  0.00095137
          43	    -0.41384	    -0.41429	 0.000929306
          44	    -0.41512	   -0.414309	 0.000908376
          45	    -0.41256	    -0.41427	 0.000889021
          46	    -0.41736	   -0.414337	 0.000872229
          47	    -0.41888	   -0.414434	 0.000859009
          48	    -0.41824	   -0.414513	 0.000844764
          49	    -0.41176	   -0.414457	 0.000829391
          50	    -0.41248	   -0.414418	 0.000813745
          51	    -0.43048	   -0.414733	 0.000856572
          52	    -0.41152	   -0.414671	 0.000842325
          53	    -0.41536	   -0.414684	 0.000826532
          54	    -0.42232	   -0.414825	 0.000823234
          55	    -0.41592	   -0.414845	 0.000808507
          56	     -0.4088	   -0.414737	 0.000801243
          57	      -0.414	   -0.414724	 0.000787291
          58	     -0.4148	   -0.414726	 0.000773718
          59	     -0.4192	   -0.414801	 0.000764312
          60	    -0.42232	   -0.414927	 0.000761776
          61	    -0.42112	   -0.415028	 0.000756024
          62	     -0.4208	   -0.415121	  0.00074954
          63	    -0.41776	   -0.415163	 0.000738812
          64	    -0.40792	    -0.41505	 0.000735885
          65	    -0.41064	   -0.414982	 0.000727684
          66	    -0.42368	   -0.415114	 0.000728495
          67	    -0.41632	   -0.415132	 0.000717844
          68	      -0.414	   -0.415115	  0.00070748
          69	    -0.42008	   -0.415187	 0.000700876
          70	    -0.41792	   -0.415226	  0.00069195
          71	     -0.4152	   -0.415226	 0.000682204
          72	    -0.41024	   -0.415157	 0.000676235
          73	    -0.41944	   -0.415215	 0.000669512
          74	    -0.42232	   -0.415311	 0.000667313
          75	    -0.40592	   -0.415186	 0.000670061
          76	     -0.4116	   -0.415139	 0.000662904
          77	    -0.41776	   -0.415173	 0.000655168
          78	     -0.4144	   -0.415163	 0.000646843
          79	    -0.42144	   -0.415243	 0.000643517
          80	     -0.4188	   -0.415287	 0.000637007
          81	    -0.41648	   -0.415302	 0.000629313
          82	      -0.416	    -0.41531	 0.000621696
          83	    -0.42416	   -0.415417	 0.000623282
          84	    -0.41024	   -0.415355	 0.000618902
          85	    -0.40872	   -0.415277	 0.000616524
          86	    -0.42832	   -0.415429	 0.000627731
          87	    -0.42424	    -0.41553	 0.000628633
          88	    -0.41728	    -0.41555	 0.000621804
          89	    -0.42664	   -0.415675	 0.000627178
          90	     -0.4192	   -0.415714	 0.000621432
          91	    -0.41552	   -0.415712	 0.000614607
          92	    -0.41112	   -0.415662	 0.000609949
          93	    -0.41688	   -0.415675	 0.000603531
          94	    -0.42512	   -0.415775	 0.000605417
          95	    -0.41632	   -0.415781	 0.000599072
          96	    -0.41592	   -0.415782	 0.000592833
          97	    -0.41368	   -0.415761	 0.000587117
          98	     -0.4148	   -0.415751	 0.000581208
          99	    -0.41448	   -0.415738	 0.000575479
         100	    -0.41216	   -0.415702	 0.000570836
