#     BLOCK:   ACTUAL_M:     M_AVE:       ERROR:
               1	        -0.03172	        -0.03172	               0
               2	         0.02208	        -0.00482	       0.0190212
               3	         0.02996	      0.00677333	       0.0158242
               4	         0.01796	         0.00957	       0.0121128
               5	          0.0094	        0.009536	      0.00969027
               6	        -0.01452	      0.00552667	      0.00886594
               7	            0.05	         0.01188	      0.00960984
               8	         0.04724	          0.0163	      0.00937011
               9	         0.01256	       0.0158844	       0.0083382
              10	        -0.03256	         0.01104	      0.00879986
              11	         0.00268	         0.01028	      0.00803262
              12	          -0.015	      0.00817333	      0.00763449
              13	         -0.0322	      0.00506769	      0.00765287
              14	         -0.0506	      0.00109143	      0.00807341
              15	         0.05584	      0.00474133	      0.00831941
              16	         0.02508	       0.0060125	      0.00789597
              17	         0.02192	      0.00694824	      0.00748674
              18	         -0.0216	      0.00536222	      0.00723685
              19	        -0.02256	      0.00389263	      0.00700359
              20	         0.00024	         0.00371	      0.00665579
              21	        -0.07284	     6.47619e-05	      0.00726884
              22	         -0.0466	     -0.00205636	      0.00724131
              23	         0.01756	     -0.00120348	      0.00697652
              24	        -0.00592	         -0.0014	       0.0066886
              25	          0.0232	       -0.000416	      0.00649303
              26	        -0.03848	        -0.00188	      0.00640622
              27	         0.00908	     -0.00147407	       0.0061818
              28	          0.0288	    -0.000392857	      0.00605484
              29	         0.01504	      0.00013931	      0.00586939
              30	         0.00904	        0.000436	      0.00568124
              31	          0.0494	      0.00201548	      0.00571332
              32	          0.0188	         0.00254	       0.0055588
              33	        -0.01388	      0.00204242	      0.00541257
              34	         0.00516	      0.00213412	      0.00525416
              35	         0.06008	      0.00378971	      0.00535853
              36	        -0.01552	      0.00325333	      0.00523646
              37	         0.08352	       0.0054227	      0.00552606
              38	        -0.03948	      0.00424105	      0.00550553
              39	         0.03524	       0.0050359	      0.00542143
              40	         0.02864	        0.005626	      0.00531791
              41	          0.0634	      0.00703512	      0.00537166
              42	         0.05024	      0.00806381	      0.00534135
              43	         0.02524	      0.00846326	      0.00523205
              44	         0.02216	      0.00877455	      0.00512239
              45	         -0.0096	      0.00836622	      0.00502481
              46	         0.05376	      0.00935304	      0.00501154
              47	         0.00104	      0.00917617	      0.00490803
              48	          -0.039	       0.0081725	      0.00490733
              49	         0.01196	       0.0082498	      0.00480779
              50	          0.0646	       0.0093768	      0.00484192
              51	        -0.03368	      0.00853255	      0.00482002
              52	         -0.0516	      0.00737615	      0.00486407
              53	        -0.01188	      0.00701283	      0.00478585
              54	         0.01604	         0.00718	      0.00470014
              55	          0.0444	      0.00785673	      0.00466314
              56	          0.0134	      0.00795571	      0.00458092
              57	        -0.07852	       0.0064386	      0.00474513
              58	         0.00016	      0.00633034	      0.00466455
              59	        -0.02548	      0.00579119	      0.00461655
              60	           0.004	      0.00576133	       0.0045397
              61	        -0.04964	      0.00485311	      0.00455523
              62	        -0.00356	      0.00471742	      0.00448377
              63	        -0.00692	       0.0045327	      0.00441641
              64	         0.00908	      0.00460375	      0.00434797
              65	        -0.03184	      0.00404308	      0.00431708
              66	        -0.00968	      0.00383515	      0.00425667
              67	        -0.03852	      0.00320299	      0.00423982
              68	         0.01444	      0.00336824	      0.00418069
              69	         -0.0394	      0.00274841	       0.0041658
              70	         0.03748	      0.00324457	      0.00413573
              71	        -0.04116	      0.00261915	      0.00412449
              72	          0.0152	      0.00279389	      0.00407091
              73	         0.01356	      0.00294137	      0.00401781
              74	        -0.02548	       0.0025573	      0.00398183
              75	         0.01872	       0.0027728	      0.00393457
              76	         0.02676	      0.00308842	      0.00389544
              77	         0.05528	      0.00376623	      0.00390337
              78	        -0.02984	      0.00333538	      0.00387704
              79	         0.02484	      0.00360759	       0.0038375
              80	          0.0232	       0.0038525	      0.00379734
              81	        -0.01908	      0.00356938	        0.003761
              82	          0.0078	      0.00362098	      0.00371549
              83	          0.0398	      0.00405687	       0.0036962
              84	        -0.03292	      0.00361667	      0.00367832
              85	         -0.0386	         0.00312	      0.00366842
              86	         0.01048	      0.00320558	      0.00362677
              87	        -0.01496	      0.00299678	      0.00359108
              88	        -0.03736	      0.00253818	      0.00357944
              89	         0.02648	      0.00280719	      0.00354932
              90	         0.04668	      0.00329467	       0.0035432
              91	        -0.01268	      0.00311912	      0.00350861
              92	          -0.035	      0.00270478	      0.00349485
              93	          -0.016	      0.00250366	      0.00346305
              94	        -0.01484	      0.00231915	      0.00343112
              95	         0.02544	      0.00256253	      0.00340363
              96	         0.04024	        0.002955	      0.00339072
              97	        -0.00604	      0.00286227	      0.00335704
              98	         0.03104	       0.0031498	      0.00333507
              99	        -0.05056	      0.00260727	      0.00334522
             100	        -0.04616	       0.0021196	      0.00334713
             101	        -0.03748	      0.00172752	      0.00333687
             102	         0.02836	      0.00198863	      0.00331436
             103	          0.0098	      0.00206447	      0.00328304
             104	        -0.01548	      0.00189577	      0.00325581
             105	         0.00828	      0.00195657	      0.00322537
             106	        -0.04148	      0.00154679	      0.00322087
             107	         0.00676	      0.00159551	      0.00319113
             108	        -0.03196	      0.00128481	      0.00317667
             109	          0.0314	       0.0015611	      0.00315952
             110	        -0.03348	      0.00124255	      0.00314682
             111	          0.0136	      0.00135387	      0.00312044
             112	          0.0512	      0.00179893	      0.00312415
             113	         -0.0326	      0.00149451	       0.0031113
             114	         0.01644	      0.00162561	      0.00308677
             115	         0.03788	      0.00194087	      0.00307599
             116	        -0.01116	      0.00182793	      0.00305154
             117	         0.01032	      0.00190051	      0.00302632
             118	         -0.0662	      0.00132339	      0.00305521
             119	         0.03096	      0.00157244	      0.00303967
             120	        -0.03196	        0.001293	      0.00302715
             121	        -0.02452	      0.00107967	      0.00300964
             122	        -0.07704	     0.000439344	      0.00305233
             123	         0.02332	     0.000625366	      0.00303318
             124	         0.03364	     0.000891613	      0.00302038
             125	         0.00728	      0.00094272	      0.00299665
             126	          0.0016	     0.000947937	      0.00297287
             127	        -0.01564	     0.000817323	      0.00295233
             128	         0.03872	      0.00111344	      0.00294408
             129	         0.03872	      0.00140496	      0.00293565
             130	          0.0032	      0.00141877	      0.00291311
             131	        -0.06968	     0.000876031	      0.00294099
             132	        -0.02916	     0.000648485	       0.0029275
             133	          0.0114	     0.000729323	      0.00290661
             134	        -0.01196	     0.000634627	      0.00288646
             135	        -0.01528	     0.000516741	      0.00286748
             136	         0.01232	     0.000603529	      0.00284771
             137	         0.02268	     0.000764672	      0.00283148
             138	         0.01624	     0.000876812	      0.00281318
             139	         0.02332	      0.00103827	      0.00279757
             140	        -0.02348	     0.000863143	      0.00278307
             141	         0.00296	     0.000878014	      0.00276337
             142	        -0.00928	     0.000806479	      0.00274483
             143	         0.02588	     0.000981818	      0.00273123
             144	         0.07236	       0.0014775	      0.00275688
             145	            0.05	      0.00181214	       0.0027581
             146	          0.0426	      0.00209151	      0.00275332
             147	        -0.01576	      0.00197007	      0.00273727
             148	         0.00152	      0.00196703	      0.00271878
             149	         0.04588	      0.00226174	      0.00271646
             150	          0.0004	      0.00224933	      0.00269837
             151	          0.0018	      0.00224636	      0.00268051
             152	         0.02012	      0.00236395	      0.00266545
             153	        -0.01252	      0.00226667	       0.0026498
             154	         0.02324	      0.00240286	      0.00263609
             155	        -0.01972	      0.00226013	      0.00262295
             156	         0.01968	      0.00237179	      0.00260851
             157	         0.00524	      0.00239006	      0.00259196
             158	         -0.0304	      0.00218253	      0.00258385
             159	         -0.0102	      0.00210465	      0.00256877
             160	        -0.00584	        0.002055	       0.0025532
             161	        -0.06252	      0.00165391	      0.00256865
             162	         0.00536	      0.00167679	       0.0025529
             163	         0.03452	      0.00187828	      0.00254517
             164	         0.00872	         0.00192	         0.00253
             165	        -0.00424	      0.00188267	      0.00251494
             166	         0.03132	         0.00206	      0.00250603
             167	         0.00628	      0.00208527	      0.00249115
             168	         0.02128	      0.00219952	      0.00247894
             169	        -0.00728	      0.00214343	      0.00246491
             170	        -0.00584	      0.00209647	      0.00245086
             171	         0.02452	       0.0022276	      0.00244003
             172	         0.02528	      0.00236163	      0.00242952
             173	        -0.02396	      0.00220948	      0.00242024
             174	        -0.00052	      0.00219379	      0.00240638
             175	         0.01452	      0.00226423	      0.00239366
             176	         0.02468	      0.00239159	      0.00238344
             177	        -0.04196	      0.00214102	      0.00238311
             178	         0.04364	      0.00237416	       0.0023811
             179	          0.0748	      0.00277877	      0.00240193
             180	        -0.00952	      0.00271044	      0.00238956
             181	          0.0296	      0.00285901	      0.00238097
             182	         0.00604	      0.00287648	      0.00236795
             183	         0.00916	      0.00291082	      0.00235526
             184	        -0.03308	      0.00271522	      0.00235057
             185	        -0.02712	      0.00255395	      0.00234339
             186	        -0.01492	         0.00246	      0.00233267
             187	          -0.039	      0.00223829	      0.00233071
             188	        -0.02176	      0.00211064	      0.00232181
             189	        -0.02516	      0.00196635	        0.002314
             190	        -0.03244	      0.00178526	       0.0023089
             191	         0.04428	      0.00200775	       0.0023075
             192	        -0.03852	      0.00179667	      0.00230512
             193	         0.06284	      0.00211295	      0.00231477
             194	        -0.01308	      0.00203464	      0.00230417
             195	          0.0026	      0.00203754	      0.00229235
             196	        -0.01304	      0.00196061	      0.00228195
             197	        -0.02868	      0.00180508	      0.00227566
             198	         0.00304	      0.00181131	      0.00226417
             199	         0.04236	      0.00201508	      0.00226194
             200	        -0.02132	       0.0018984	      0.00225364
