#     BLOCK:   ACTUAL_CV:    CV_AVE:      ERROR:
           1	    0.101591	    0.101591	           0
           2	   0.0983467	   0.0999691	  0.00114719
           3	   0.0958259	    0.098588	  0.00136252
           4	    0.107924	    0.100922	  0.00226498
           5	    0.102651	    0.101268	  0.00183819
           6	    0.108694	    0.102506	  0.00190346
           7	    0.101639	    0.102382	  0.00163556
           8	    0.102942	    0.102452	  0.00143262
           9	    0.103243	     0.10254	  0.00127613
          10	     0.10136	    0.102422	  0.00115396
          11	   0.0995206	    0.102158	  0.00107877
          12	    0.103082	    0.102235	 0.000991617
          13	    0.101699	    0.102194	 0.000916198
          14	   0.0991945	     0.10198	 0.000875444
          15	    0.107265	    0.102332	 0.000885162
          16	   0.0996112	    0.102162	 0.000846015
          17	    0.106312	    0.102406	 0.000830731
          18	   0.0943429	    0.101958	  0.00089726
          19	    0.105581	    0.102149	 0.000870065
          20	   0.0985762	     0.10197	 0.000844699
          21	    0.100316	    0.101891	  0.00080814
          22	    0.107061	    0.102126	 0.000804846
          23	    0.101411	    0.102095	 0.000770453
          24	    0.098139	     0.10193	  0.00075578
          25	   0.0930496	    0.101575	 0.000804715
          26	   0.0953507	    0.101336	 0.000808592
          27	     0.10453	    0.101454	 0.000787252
          28	     0.10904	    0.101725	 0.000804406
          29	    0.111289	    0.102055	 0.000841564
          30	   0.0970499	    0.101888	 0.000829883
          31	   0.0961623	    0.101703	  0.00082341
          32	   0.0971435	    0.101561	 0.000809914
          33	   0.0936346	    0.101321	 0.000820213
          34	    0.101895	    0.101338	 0.000796264
          35	    0.103612	    0.101402	  0.00077616
          36	    0.111651	    0.101687	 0.000805113
          37	   0.0984357	    0.101599	 0.000788134
          38	   0.0978562	    0.101501	 0.000773525
          39	    0.106159	     0.10162	 0.000762856
          40	    0.115133	    0.101958	 0.000815156
          41	    0.110514	    0.102167	 0.000821551
          42	    0.101093	    0.102141	 0.000802388
          43	    0.104973	    0.102207	 0.000786426
          44	    0.100338	    0.102165	 0.000769699
          45	    0.105463	    0.102238	 0.000756077
          46	    0.102604	    0.102246	 0.000739683
          47	    0.103771	    0.102278	 0.000724656
          48	    0.105403	    0.102343	 0.000712478
          49	    0.108544	     0.10247	 0.000709088
          50	    0.102969	     0.10248	 0.000694976
          51	    0.104809	    0.102526	 0.000682849
          52	    0.105965	    0.102592	 0.000672913
          53	     0.10748	    0.102684	 0.000666508
          54	    0.102287	    0.102677	 0.000654205
          55	   0.0897745	    0.102442	 0.000683075
          56	    0.108046	    0.102542	 0.000678169
          57	   0.0976855	    0.102457	 0.000671603
          58	    0.100743	    0.102427	 0.000660673
          59	   0.0993263	    0.102375	 0.000651562
          60	    0.100811	    0.102349	 0.000641224
          61	   0.0931901	    0.102199	 0.000648051
          62	    0.107076	    0.102277	 0.000642356
          63	    0.100783	    0.102254	 0.000632598
          64	     0.10555	    0.102305	 0.000624807
          65	    0.111234	    0.102442	 0.000630114
          66	   0.0989285	    0.102389	 0.000622812
          67	    0.108291	    0.102477	 0.000619714
          68	    0.105815	    0.102526	 0.000612541
          69	      0.1036	    0.102542	 0.000603861
          70	     0.10143	    0.102526	 0.000595443
          71	    0.100657	      0.1025	 0.000587639
          72	     0.10259	    0.102501	 0.000579479
          73	    0.100488	    0.102473	 0.000572196
          74	    0.102396	    0.102472	 0.000564465
          75	   0.0974077	    0.102405	 0.000560963
          76	      0.1082	    0.102481	 0.000558741
          77	    0.091816	    0.102343	 0.000568393
          78	    0.104202	    0.102366	 0.000561606
          79	    0.100479	    0.102342	 0.000555005
          80	    0.100338	    0.102317	 0.000548633
          81	    0.100567	    0.102296	 0.000542285
          82	    0.103399	    0.102309	 0.000535839
          83	     0.10945	    0.102395	 0.000536244
          84	    0.104073	    0.102415	 0.000530232
          85	    0.100972	    0.102398	 0.000524266
          86	   0.0927393	    0.102286	 0.000530064
          87	   0.0967503	    0.102222	 0.000527777
          88	    0.102449	    0.102225	 0.000521785
          89	    0.101694	    0.102219	 0.000515957
          90	   0.0937202	    0.102125	 0.000518793
          91	    0.105505	    0.102162	 0.000514421
          92	   0.0986601	    0.102124	 0.000510235
          93	    0.106627	    0.102172	 0.000507041
          94	    0.100766	    0.102157	 0.000501868
          95	    0.107461	    0.102213	  0.00049968
          96	     0.10071	    0.102197	  0.00049472
          97	    0.109314	    0.102271	  0.00049503
          98	    0.107592	    0.102325	 0.000492948
          99	    0.101936	    0.102321	 0.000487984
         100	   0.0949385	    0.102247	 0.000488657
