#     BLOCK:   ACTUAL_CV:    CV_AVE:      ERROR:
               1	        0.726764	        0.726764	               0
               2	     5.66087e-12	        0.363382	         0.25695
               3	     5.66087e-12	        0.242255	          0.1978
               4	     5.66087e-12	        0.181691	        0.157349
               5	     5.66087e-12	        0.145353	        0.130007
               6	     5.66087e-12	        0.121127	        0.110574
               7	     5.66087e-12	        0.103823	       0.0961218
               8	       0.0033934	       0.0912696	       0.0849224
               9	     5.66087e-12	       0.0811286	       0.0760896
              10	     5.66087e-12	       0.0730157	       0.0689118
              11	     5.66087e-12	       0.0663779	        0.062966
              12	     5.66087e-12	       0.0608464	       0.0579613
              13	     5.66087e-12	       0.0561659	       0.0536914
              14	     5.66087e-12	       0.0521541	       0.0500059
              15	     5.66087e-12	       0.0486771	       0.0467929
              16	       0.0033934	       0.0458469	       0.0439539
              17	     5.66087e-12	         0.04315	        0.041451
              18	     5.66087e-12	       0.0407528	       0.0392174
              19	     5.66087e-12	       0.0386079	        0.037212
              20	     5.66087e-12	       0.0366775	       0.0354014
              21	     5.66087e-12	        0.034931	       0.0337587
              22	     5.66087e-12	       0.0333432	       0.0322615
              23	     5.66087e-12	       0.0318935	       0.0308914
              24	     5.66087e-12	       0.0305646	       0.0296328
              25	     5.66087e-12	        0.029342	       0.0284727
              26	     5.66087e-12	       0.0282135	          0.0274
              27	     5.66087e-12	       0.0271685	       0.0264051
              28	     5.66087e-12	       0.0261982	       0.0254799
              29	     5.66087e-12	       0.0252948	       0.0246172
              30	     5.66087e-12	       0.0244517	       0.0238111
              31	     5.66087e-12	       0.0236629	       0.0230561
              32	       0.0171688	         0.02346	       0.0223365
              33	       0.0205944	       0.0233731	       0.0216598
              34	     5.66087e-12	       0.0226857	       0.0210336
              35	     5.66087e-12	       0.0220375	       0.0204426
              36	     5.66087e-12	       0.0214254	        0.019884
              37	     5.66087e-12	       0.0208463	        0.019355
              38	     5.66087e-12	       0.0202977	       0.0188534
              39	         0.00678	       0.0199511	       0.0183732
              40	     5.66087e-12	       0.0194523	       0.0179206
              41	       0.0136002	       0.0193096	       0.0174841
              42	     5.66087e-12	       0.0188499	       0.0170739
              43	     5.66087e-12	       0.0184115	       0.0166824
              44	     5.66087e-12	        0.017993	       0.0163085
              45	     5.66087e-12	       0.0175932	        0.015951
              46	     5.66087e-12	       0.0172107	       0.0156088
              47	     5.66087e-12	       0.0168445	        0.015281
              48	     5.66087e-12	       0.0164936	       0.0149667
              49	      0.00346093	       0.0162276	       0.0146636
              50	     5.66087e-12	       0.0159031	       0.0143739
              51	     5.66087e-12	       0.0155913	       0.0140955
              52	     5.66087e-12	       0.0152914	       0.0138276
              53	     5.66087e-12	       0.0150029	       0.0135697
              54	     5.66087e-12	       0.0147251	       0.0133213
              55	     5.66087e-12	       0.0144574	       0.0130817
              56	     5.66087e-12	       0.0141992	       0.0128507
              57	     5.66087e-12	       0.0139501	       0.0126277
              58	     5.66087e-12	       0.0137096	       0.0124122
              59	     5.66087e-12	       0.0134772	        0.012204
              60	     5.66087e-12	       0.0132526	       0.0120027
              61	     5.66087e-12	       0.0130353	       0.0118079
              62	     5.66087e-12	       0.0128251	       0.0116193
              63	     5.66087e-12	       0.0126215	       0.0114367
              64	     5.66087e-12	       0.0124243	       0.0112597
              65	     5.66087e-12	       0.0122331	       0.0110881
              66	     5.66087e-12	       0.0120478	       0.0109216
              67	     5.66087e-12	        0.011868	       0.0107601
              68	       0.0033934	       0.0117434	       0.0106026
              69	     5.66087e-12	       0.0115732	       0.0104503
              70	     5.66087e-12	       0.0114078	       0.0103023
              71	     5.66087e-12	       0.0112472	       0.0101584
              72	     5.66087e-12	       0.0110909	       0.0100186
              73	     5.66087e-12	        0.010939	      0.00988246
              74	     5.66087e-12	       0.0107912	      0.00975002
              75	     5.66087e-12	       0.0106473	      0.00962108
              76	     5.66087e-12	       0.0105072	      0.00949551
              77	     5.66087e-12	       0.0103708	      0.00937317
              78	     5.66087e-12	       0.0102378	      0.00925394
              79	     5.66087e-12	       0.0101082	      0.00913771
              80	     5.66087e-12	      0.00998185	      0.00902437
              81	     5.66087e-12	      0.00985862	       0.0089138
              82	     5.66087e-12	      0.00973839	       0.0088059
              83	     5.66087e-12	      0.00962106	      0.00870059
              84	     5.66087e-12	      0.00950652	      0.00859776
              85	     5.66087e-12	      0.00939468	      0.00849734
              86	     5.66087e-12	      0.00928544	      0.00839924
              87	     5.66087e-12	      0.00917871	      0.00830337
              88	     5.66087e-12	      0.00907441	      0.00820967
              89	     5.66087e-12	      0.00897245	      0.00811806
              90	     5.66087e-12	      0.00887276	      0.00802847
              91	     5.66087e-12	      0.00877525	      0.00794084
              92	     5.66087e-12	      0.00867987	       0.0078551
              93	     5.66087e-12	      0.00858654	      0.00777119
              94	     5.66087e-12	      0.00849519	      0.00768905
              95	     5.66087e-12	      0.00840577	      0.00760864
              96	     5.66087e-12	      0.00831821	      0.00752988
              97	     5.66087e-12	      0.00823245	      0.00745274
              98	     5.66087e-12	      0.00814845	      0.00737717
              99	     5.66087e-12	      0.00806614	      0.00730311
             100	     5.66087e-12	      0.00798548	      0.00723052
             101	     5.66087e-12	      0.00790642	      0.00715937
             102	     5.66087e-12	       0.0078289	       0.0070896
             103	     5.66087e-12	      0.00775289	      0.00702117
             104	       0.0033934	      0.00771098	      0.00695379
             105	     5.66087e-12	      0.00763754	      0.00688795
             106	       0.0311715	      0.00785956	      0.00682655
             107	     5.66087e-12	       0.0077861	      0.00676314
             108	     5.66087e-12	      0.00771401	       0.0067009
             109	     5.66087e-12	      0.00764324	       0.0066398
             110	     5.66087e-12	      0.00757375	       0.0065798
             111	     5.66087e-12	      0.00750552	      0.00652088
             112	     5.66087e-12	      0.00743851	        0.006463
             113	     5.66087e-12	      0.00737268	      0.00640614
             114	     5.66087e-12	      0.00730801	      0.00635027
             115	     5.66087e-12	      0.00724446	      0.00629537
             116	     5.66087e-12	      0.00718201	      0.00624141
             117	      0.00346093	       0.0071502	      0.00618815
             118	     5.66087e-12	      0.00708961	        0.006136
             119	     5.66087e-12	      0.00703003	      0.00608473
             120	     5.66087e-12	      0.00697145	       0.0060343
             121	     5.66087e-12	      0.00691383	      0.00598471
             122	     5.66087e-12	      0.00685716	      0.00593592
             123	     5.66087e-12	      0.00680141	      0.00588792
             124	     5.66087e-12	      0.00674656	       0.0058407
             125	     5.66087e-12	      0.00669259	      0.00579422
             126	     5.66087e-12	      0.00663948	      0.00574848
             127	     5.66087e-12	       0.0065872	      0.00570345
             128	     5.66087e-12	      0.00653573	      0.00565913
             129	      0.00684746	      0.00653815	      0.00561526
             130	     5.66087e-12	      0.00648786	      0.00557229
             131	     5.66087e-12	      0.00643833	      0.00552997
             132	     5.66087e-12	      0.00638956	      0.00548829
             133	     5.66087e-12	      0.00634151	      0.00544724
             134	     5.66087e-12	      0.00629419	      0.00540679
             135	     5.66087e-12	      0.00624757	      0.00536694
             136	     5.66087e-12	      0.00620163	      0.00532768
             137	     5.66087e-12	      0.00615636	      0.00528898
             138	     5.66087e-12	      0.00611175	      0.00525084
             139	     5.66087e-12	      0.00606778	      0.00521325
             140	     5.66087e-12	      0.00602444	      0.00517619
             141	     5.66087e-12	      0.00598171	      0.00513966
             142	     5.66087e-12	      0.00593959	      0.00510364
             143	     5.66087e-12	      0.00589805	      0.00506812
             144	     5.66087e-12	      0.00585709	      0.00503309
             145	     5.66087e-12	       0.0058167	      0.00499854
             146	     5.66087e-12	      0.00577686	      0.00496446
             147	     5.66087e-12	      0.00573756	      0.00493084
             148	     5.66087e-12	      0.00569879	      0.00489768
             149	     5.66087e-12	      0.00566055	      0.00486496
             150	     5.66087e-12	      0.00562281	      0.00483267
             151	     5.66087e-12	      0.00558557	      0.00480081
             152	       0.0520698	      0.00589139	      0.00477896
             153	       0.0033934	      0.00587506	      0.00474775
             154	       0.0834414	      0.00637874	      0.00474356
             155	     5.66087e-12	      0.00633759	      0.00471314
             156	     5.66087e-12	      0.00629696	       0.0046831
             157	     5.66087e-12	      0.00625685	      0.00465344
             158	     5.66087e-12	      0.00621725	      0.00462416
             159	     5.66087e-12	      0.00617815	      0.00459524
             160	      0.00346093	      0.00616117	      0.00456655
             161	     5.66087e-12	       0.0061229	      0.00453835
             162	     5.66087e-12	       0.0060851	      0.00451049
             163	     5.66087e-12	      0.00604777	      0.00448298
             164	     5.66087e-12	       0.0060109	      0.00445579
             165	     5.66087e-12	      0.00597447	      0.00442894
             166	     5.66087e-12	      0.00593848	       0.0044024
             167	     5.66087e-12	      0.00590292	      0.00437618
             168	     5.66087e-12	      0.00586778	      0.00435028
             169	     5.66087e-12	      0.00583306	      0.00432467
             170	       0.0033934	      0.00581871	      0.00429926
             171	     5.66087e-12	      0.00578468	      0.00427425
             172	     5.66087e-12	      0.00575105	      0.00424953
             173	     5.66087e-12	      0.00571781	       0.0042251
             174	     5.66087e-12	      0.00568494	      0.00420095
             175	     5.66087e-12	      0.00565246	      0.00417707
             176	     5.66087e-12	      0.00562034	      0.00415346
             177	     5.66087e-12	      0.00558859	      0.00413011
             178	     5.66087e-12	      0.00555719	      0.00410703
             179	     5.66087e-12	      0.00552615	       0.0040842
             180	     5.66087e-12	      0.00549545	      0.00406163
             181	     5.66087e-12	      0.00546508	       0.0040393
             182	     5.66087e-12	      0.00543506	      0.00401722
             183	     5.66087e-12	      0.00540536	      0.00399537
             184	     5.66087e-12	      0.00537598	      0.00397377
             185	     5.66087e-12	      0.00534692	       0.0039524
             186	     5.66087e-12	      0.00531817	      0.00393125
             187	     5.66087e-12	      0.00528973	      0.00391033
             188	     5.66087e-12	       0.0052616	      0.00388963
             189	     5.66087e-12	      0.00523376	      0.00386915
             190	     5.66087e-12	      0.00520621	      0.00384889
             191	     5.66087e-12	      0.00517895	      0.00382883
             192	     5.66087e-12	      0.00515198	      0.00380898
             193	     5.66087e-12	      0.00512529	      0.00378934
             194	     5.66087e-12	      0.00509887	       0.0037699
             195	     5.66087e-12	      0.00507272	      0.00375066
             196	     5.66087e-12	      0.00504684	      0.00373161
             197	     5.66087e-12	      0.00502122	      0.00371276
             198	     5.66087e-12	      0.00499586	      0.00369409
             199	     5.66087e-12	      0.00497076	      0.00367562
             200	       0.0033934	      0.00496287	      0.00365725
