#     BLOCK:   ACTUAL_CV:    CV_AVE:      ERROR:
           1	    0.194231	    0.194231	           0
           2	    0.199845	    0.197038	  0.00198496
           3	    0.193955	     0.19601	  0.00156683
           4	    0.197524	    0.196389	  0.00121994
           5	    0.200569	    0.197225	  0.00122958
           6	     0.19188	    0.196334	  0.00130814
           7	    0.190366	    0.195481	  0.00137118
           8	    0.220388	    0.198595	  0.00314967
           9	    0.205585	    0.199371	  0.00289388
          10	    0.180546	    0.197489	  0.00315799
          11	    0.205057	    0.198177	  0.00294489
          12	    0.193851	    0.197816	  0.00272146
          13	    0.178609	    0.196339	  0.00288543
          14	    0.192082	    0.196035	   0.0026953
          15	    0.204228	    0.196581	  0.00257037
          16	    0.187797	    0.196032	  0.00246765
          17	    0.193338	    0.195874	  0.00232758
          18	    0.185016	     0.19527	  0.00227509
          19	    0.196276	    0.195323	  0.00215596
          20	     0.18655	    0.194885	  0.00209232
          21	    0.188784	    0.194594	  0.00201276
          22	    0.208558	    0.195229	  0.00201887
          23	    0.191882	    0.195083	  0.00193633
          24	    0.202406	    0.195388	  0.00187953
          25	    0.207653	    0.195879	  0.00186728
          26	    0.201091	    0.196079	  0.00180619
          27	    0.198256	     0.19616	  0.00174109
          28	     0.19348	    0.196064	  0.00168154
          29	    0.205216	     0.19638	  0.00165291
          30	    0.183888	    0.195964	  0.00164942
          31	    0.194526	    0.195917	  0.00159687
          32	    0.203668	    0.196159	  0.00156523
          33	    0.191009	    0.196003	  0.00152556
          34	    0.190087	    0.195829	  0.00149058
          35	    0.189265	    0.195642	  0.00145974
          36	    0.200507	    0.195777	  0.00142544
          37	    0.188448	    0.195579	  0.00140061
          38	    0.177132	    0.195093	  0.00144543
          39	    0.200518	    0.195232	  0.00141504
          40	    0.203449	    0.195438	   0.0013945
          41	    0.193281	    0.195385	  0.00136148
          42	     0.18885	     0.19523	  0.00133792
          43	    0.180723	    0.194892	  0.00134867
          44	    0.209964	    0.195235	  0.00136083
          45	    0.196715	    0.195268	  0.00133098
          46	    0.175802	    0.194845	  0.00136766
          47	    0.192424	    0.194793	  0.00133953
          48	    0.197167	    0.194843	  0.00131254
          49	    0.201269	    0.194974	  0.00129229
          50	     0.19957	    0.195066	  0.00126971
          51	    0.189185	     0.19495	  0.00125004
          52	    0.201549	    0.195077	  0.00123242
          53	    0.201634	    0.195201	  0.00121536
          54	    0.211135	    0.195496	  0.00122815
          55	    0.195502	    0.195496	  0.00120582
          56	    0.196093	    0.195507	  0.00118434
          57	     0.18778	    0.195371	  0.00117129
          58	    0.199625	    0.195445	  0.00115339
          59	    0.193623	    0.195414	  0.00113425
          60	    0.177744	    0.195119	  0.00115295
          61	    0.189194	    0.195022	  0.00113813
          62	     0.18981	    0.194938	  0.00112288
          63	    0.182546	    0.194741	  0.00112215
          64	    0.198181	    0.194795	   0.0011059
          65	    0.177331	    0.194526	  0.00112105
          66	    0.196642	    0.194558	  0.00110452
          67	    0.182156	    0.194373	  0.00110344
          68	    0.208294	    0.194578	  0.00110604
          69	    0.193752	    0.194566	  0.00109008
          70	    0.175157	    0.194289	  0.00110921
          71	    0.195943	    0.194312	  0.00109383
          72	    0.191401	    0.194272	  0.00107938
          73	    0.193803	    0.194265	  0.00106462
          74	     0.19618	    0.194291	  0.00105054
          75	    0.180492	    0.194107	  0.00105253
          76	    0.181771	    0.193945	  0.00105112
          77	    0.195707	    0.193968	  0.00103772
          78	    0.198751	    0.194029	  0.00102622
          79	    0.174702	    0.193784	  0.00104199
          80	    0.183376	    0.193654	  0.00103705
          81	    0.185005	    0.193547	  0.00102973
          82	    0.175185	    0.193324	  0.00104124
          83	    0.200492	     0.19341	  0.00103227
          84	     0.19984	    0.193486	  0.00102281
          85	    0.193316	    0.193484	  0.00101078
          86	    0.185302	    0.193389	   0.0010035
          87	    0.196837	    0.193429	 0.000992745
          88	     0.20642	    0.193577	  0.00099238
          89	    0.183726	    0.193466	 0.000987382
          90	    0.200296	    0.193542	 0.000979323
          91	    0.179687	     0.19339	 0.000980325
          92	    0.183438	    0.193281	 0.000975618
          93	    0.209028	    0.193451	  0.00097971
          94	    0.201832	     0.19354	 0.000973337
          95	    0.200987	    0.193618	 0.000966243
          96	    0.195086	    0.193634	 0.000956299
          97	    0.201876	    0.193718	 0.000950208
          98	     0.18879	    0.193668	 0.000941842
          99	    0.205442	    0.193787	 0.000939806
         100	    0.168544	    0.193535	 0.000963714
