#     BLOCK:   ACTUAL_M:     M_AVE:       ERROR:
           1	    -0.03612	    -0.03612	           0
           2	     0.00044	    -0.01784	   0.0129259
           3	    -0.01988	    -0.01852	  0.00863514
           4	    -0.02476	    -0.02008	  0.00661577
           5	    -0.00092	   -0.016248	  0.00630549
           6	    -0.02104	  -0.0170467	  0.00530491
           7	     -0.0062	  -0.0154971	    0.004768
           8	     -0.0164	    -0.01561	  0.00417334
           9	    -0.02884	    -0.01708	  0.00396007
          10	    -0.03776	   -0.019148	  0.00406836
          11	    -0.04036	  -0.0210764	  0.00413031
          12	     0.00664	  -0.0187667	  0.00438461
          13	    -0.05112	  -0.0212554	  0.00470087
          14	     -0.0638	  -0.0242943	  0.00525636
          15	    -0.01136	   -0.023432	  0.00497616
          16	    -0.03644	   -0.024245	   0.0047311
          17	      0.0106	  -0.0221953	  0.00487664
          18	      -0.038	  -0.0230733	  0.00468409
          19	    -0.04328	  -0.0241368	  0.00455669
          20	    -0.04236	   -0.025048	  0.00441902
          21	    -0.07824	   -0.027581	  0.00488084
          22	    -0.07404	  -0.0296927	  0.00509539
          23	    -0.01332	  -0.0289809	  0.00492332
          24	    -0.05036	  -0.0298717	   0.0047981
          25	    -0.02244	  -0.0295744	  0.00461537
          26	    -0.03336	    -0.02972	  0.00444015
          27	    -0.05436	  -0.0306326	  0.00436848
          28	     0.02552	  -0.0286271	  0.00465006
          29	    -0.02752	   -0.028589	  0.00448987
          30	    -0.01712	  -0.0282067	  0.00435645
          31	     0.01512	   -0.026809	  0.00443445
          32	    -0.02548	  -0.0267675	  0.00429607
          33	    -0.03264	  -0.0269455	  0.00416957
          34	    -0.03484	  -0.0271776	  0.00405339
          35	      0.0096	  -0.0261269	  0.00407151
          36	    -0.03288	  -0.0263144	  0.00396273
          37	     0.04436	  -0.0244043	  0.00429137
          38	     -0.0748	  -0.0257305	  0.00437857
          39	    -0.02748	  -0.0257754	  0.00426653
          40	    -0.02152	   -0.025669	  0.00416119
          41	     0.01404	  -0.0247005	  0.00417088
          42	     0.02212	  -0.0235857	  0.00421792
          43	    -0.01764	  -0.0234474	   0.0041221
          44	     -0.0274	  -0.0235373	  0.00402939
          45	    -0.02068	  -0.0234738	  0.00394035
          46	     0.00116	  -0.0229383	  0.00389091
          47	    -0.02784	  -0.0230426	  0.00380952
          48	    -0.06012	   -0.023815	  0.00380766
          49	    -0.01068	  -0.0235469	  0.00373938
          50	    -0.01452	  -0.0233664	  0.00366895
          51	    -0.02588	  -0.0234157	  0.00359734
          52	    -0.02784	  -0.0235008	  0.00352917
          53	    -0.03444	  -0.0237072	  0.00346861
          54	    -0.04104	  -0.0240281	  0.00341919
          55	     0.01644	  -0.0232924	  0.00343528
          56	     -0.0046	  -0.0229586	  0.00339012
          57	    -0.09968	  -0.0243046	  0.00358791
          58	    -0.05036	  -0.0247538	  0.00355406
          59	    -0.07052	  -0.0255295	  0.00357747
          60	    -0.03576	     -0.0257	  0.00352191
          61	    -0.03252	  -0.0258118	  0.00346594
          62	    -0.03156	  -0.0259045	  0.00341128
          63	    -0.05364	  -0.0263448	  0.00338542
          64	    -0.01916	  -0.0262325	  0.00333439
          65	     -0.0552	  -0.0266782	  0.00331274
          66	    -0.03484	  -0.0268018	  0.00326485
          67	    -0.05964	  -0.0272919	   0.0032527
          68	    -0.02948	  -0.0273241	  0.00320503
          69	     -0.0512	  -0.0276701	   0.0031772
          70	     -0.0058	  -0.0273577	  0.00314714
          71	    -0.05504	  -0.0277476	  0.00312687
          72	    -0.02924	  -0.0277683	  0.00308351
          73	    -0.02212	   -0.027691	  0.00304224
          74	    -0.06944	  -0.0282551	  0.00305299
          75	    -0.00068	  -0.0278875	  0.00303435
          76	    -0.00572	  -0.0275958	  0.00300841
          77	    -0.02028	  -0.0275008	  0.00297084
          78	    -0.04824	  -0.0277667	  0.00294462
          79	      0.0136	   -0.027243	  0.00295354
          80	     0.00952	  -0.0267835	  0.00295215
          81	    -0.02224	  -0.0267274	  0.00291624
          82	    -0.03856	  -0.0268717	  0.00288424
          83	    -0.02432	   -0.026841	  0.00284966
          84	    -0.01844	   -0.026741	  0.00281749
          85	     -0.0306	  -0.0267864	  0.00278471
          86	      -0.036	  -0.0268935	  0.00275439
          87	     -0.0456	  -0.0271085	  0.00273111
          88	    -0.08068	  -0.0277173	  0.00276709
          89	    -0.02872	  -0.0277285	  0.00273602
          90	    -0.01836	  -0.0276244	   0.0027076
          91	    -0.02336	  -0.0275776	  0.00267825
          92	    -0.03148	    -0.02762	  0.00264947
          93	    -0.03388	  -0.0276873	  0.00262184
          94	    -0.03544	  -0.0277698	  0.00259524
          95	     0.01696	  -0.0272989	  0.00261029
          96	    -0.00796	  -0.0270975	  0.00259086
          97	    -0.04312	  -0.0272627	  0.00256941
          98	    -0.01972	  -0.0271857	  0.00254434
          99	     -0.0588	  -0.0275051	   0.0025386
         100	    -0.03524	  -0.0275824	   0.0025144
