#     BLOCK:   ACTUAL_X:     X_AVE:       ERROR:
           1	    0.950205	    0.950205	           0
           2	    0.835024	    0.892614	   0.0407227
           3	    0.943906	    0.909711	   0.0305272
           4	    0.877512	    0.901661	   0.0239333
           5	    0.856724	    0.892674	   0.0207656
           6	    0.855402	    0.886462	   0.0182102
           7	    0.856441	    0.882173	   0.0161058
           8	    0.854835	    0.878756	   0.0144506
           9	    0.866992	    0.877449	    0.012904
          10	    0.864189	    0.876123	   0.0116815
          11	    0.806299	    0.869775	   0.0122231
          12	    0.889291	    0.871402	   0.0113122
          13	    0.770016	    0.863603	   0.0128522
          14	    0.801921	    0.859197	   0.0126669
          15	    0.868598	    0.859824	   0.0118379
          16	    0.818866	    0.857264	   0.0113715
          17	    0.869543	    0.857986	   0.0107255
          18	    0.909543	     0.86085	   0.0105051
          19	    0.876661	    0.861683	  0.00998511
          20	    0.821134	    0.859655	   0.0096895
          21	    0.882425	    0.860739	  0.00928857
          22	    0.829669	    0.859327	  0.00897308
          23	    0.934394	    0.862591	  0.00915729
          24	    0.950614	    0.866259	  0.00948181
          25	    0.933102	    0.868932	  0.00947202
          26	    0.927181	    0.871173	  0.00936891
          27	    0.920693	    0.873007	  0.00919968
          28	    0.799654	    0.870387	   0.0092366
          29	    0.821512	    0.868702	  0.00907056
          30	    0.825165	     0.86725	  0.00888353
          31	    0.900913	    0.868336	  0.00866308
          32	    0.846362	     0.86765	  0.00841953
          33	    0.825795	    0.866381	  0.00825937
          34	    0.931433	    0.868295	  0.00823508
          35	    0.838898	    0.867455	  0.00804251
          36	    0.863118	    0.867334	  0.00782001
          37	     0.89285	    0.868024	    0.007639
          38	    0.984819	    0.871097	  0.00803254
          39	    0.966772	    0.873551	  0.00819262
          40	    0.864031	    0.873313	  0.00799126
          41	     0.87474	    0.873347	  0.00779643
          42	    0.956945	    0.875338	  0.00786077
          43	     0.81222	     0.87387	  0.00781381
          44	    0.877921	    0.873962	  0.00763676
          45	    0.901449	    0.874573	  0.00749144
          46	    0.771244	    0.872327	  0.00765795
          47	    0.775937	    0.870276	  0.00776478
          48	    0.805827	    0.868933	  0.00771823
          49	    0.954772	    0.870685	  0.00775697
          50	    0.895339	    0.871178	  0.00761748
          51	    0.863339	    0.871024	  0.00746967
          52	    0.839118	    0.870411	  0.00735118
          53	    0.862331	    0.870258	  0.00721406
          54	    0.808094	    0.869107	  0.00717173
          55	    0.863622	    0.869007	  0.00704203
          56	    0.894992	    0.869471	  0.00693155
          57	    0.966488	    0.871173	   0.0070158
          58	     0.83137	    0.870487	  0.00692832
          59	    0.896157	    0.870922	  0.00682454
          60	    0.831843	    0.870271	  0.00674181
          61	    0.893228	    0.870647	  0.00664178
          62	    0.816409	    0.869772	  0.00659202
          63	       0.876	    0.869871	  0.00648812
          64	     0.84948	    0.869553	  0.00639456
          65	    0.924567	    0.870399	  0.00635195
          66	    0.859969	    0.870241	  0.00625767
          67	    0.851465	    0.869961	  0.00617055
          68	    0.884252	    0.870171	  0.00608338
          69	     0.88885	    0.870442	  0.00600124
          70	    0.827685	    0.869831	  0.00594651
          71	    0.913134	    0.870441	  0.00589395
          72	    0.868031	    0.870407	  0.00581218
          73	     0.81663	    0.869671	  0.00577906
          74	     0.77115	    0.868339	  0.00585232
          75	    0.876283	    0.868445	  0.00577524
          76	    0.915937	     0.86907	  0.00573296
          77	    0.950457	    0.870127	  0.00575512
          78	    0.994583	    0.871723	  0.00589837
          79	    0.928693	    0.872444	  0.00586763
          80	     0.83348	    0.871957	  0.00581446
          81	    0.924031	      0.8726	  0.00577811
          82	    0.896945	    0.872896	  0.00571527
          83	    0.850488	    0.872627	  0.00565278
          84	    0.880693	    0.872723	   0.0055863
          85	    0.766236	     0.87147	  0.00565931
          86	    0.914299	    0.871968	  0.00561538
          87	    0.813795	    0.871299	   0.0055905
          88	    0.838835	     0.87093	  0.00553913
          89	    0.784945	    0.869964	  0.00556051
          90	    0.872787	    0.869995	  0.00549882
          91	     0.90652	    0.870397	  0.00545302
          92	    0.997449	    0.871778	  0.00556587
          93	    0.805039	     0.87106	  0.00555209
          94	    0.812945	    0.870442	  0.00552734
          95	    0.879433	    0.870537	  0.00546997
          96	    0.869165	    0.870522	  0.00541301
          97	    0.868378	      0.8705	  0.00535725
          98	    0.887685	    0.870676	  0.00530545
          99	    0.791811	    0.869879	  0.00531133
         100	    0.823937	     0.86942	  0.00527805
