#     BLOCK:   ACTUAL_TE:    TE_AVE:      ERROR:
           1	    -0.33216	    -0.33216	           0
           2	     -0.3384	    -0.33528	  0.00220617
           3	    -0.34296	    -0.33784	  0.00255583
           4	    -0.34512	    -0.33966	  0.00248167
           5	     -0.3432	   -0.340368	  0.00208389
           6	    -0.34472	   -0.341093	  0.00185852
           7	    -0.34272	   -0.341326	  0.00160748
           8	    -0.33984	    -0.34114	  0.00141723
           9	    -0.33304	    -0.34024	  0.00151888
          10	    -0.34144	    -0.34036	  0.00137173
          11	     -0.3376	   -0.340109	  0.00126976
          12	    -0.33712	    -0.33986	  0.00118813
          13	    -0.33592	   -0.339557	  0.00113473
          14	     -0.3348	   -0.339217	  0.00110338
          15	    -0.33664	   -0.339045	  0.00104311
          16	    -0.33952	   -0.339075	  0.00097834
          17	    -0.33784	   -0.339002	 0.000923484
          18	     -0.3412	   -0.339124	 0.000880213
          19	     -0.3364	   -0.338981	 0.000845485
          20	      -0.336	   -0.338832	 0.000816243
          21	    -0.33992	   -0.338884	 0.000779017
          22	    -0.34928	   -0.339356	 0.000875276
          23	    -0.34328	   -0.339527	 0.000853683
          24	    -0.33968	   -0.339533	 0.000818137
          25	    -0.34128	   -0.339603	 0.000788389
          26	    -0.34064	   -0.339643	 0.000759074
          27	     -0.3392	   -0.339627	 0.000731138
          28	    -0.33144	   -0.339334	 0.000761246
          29	    -0.33592	   -0.339217	 0.000744044
          30	    -0.34128	   -0.339285	 0.000722415
          31	    -0.33472	   -0.339138	 0.000713964
          32	      -0.342	   -0.339227	 0.000697232
          33	    -0.32616	   -0.338832	 0.000780493
          34	    -0.33488	   -0.338715	 0.000766141
          35	      -0.334	   -0.338581	 0.000756004
          36	    -0.33608	   -0.338511	 0.000738188
          37	    -0.33456	   -0.338404	  0.00072592
          38	     -0.3464	   -0.338615	  0.00073668
          39	    -0.34056	   -0.338665	 0.000719478
          40	    -0.32784	   -0.338394	  0.00075066
          41	    -0.34248	   -0.338494	 0.000738937
          42	    -0.34168	    -0.33857	 0.000725228
          43	     -0.3408	   -0.338621	 0.000710215
          44	    -0.34096	   -0.338675	 0.000696059
          45	    -0.33792	   -0.338658	 0.000680793
          46	    -0.33232	    -0.33852	 0.000679792
          47	    -0.33688	   -0.338485	 0.000666223
          48	    -0.33984	   -0.338513	 0.000652941
          49	    -0.32808	     -0.3383	 0.000673439
          50	    -0.33896	   -0.338314	   0.0006601
          51	    -0.35368	   -0.338615	 0.000712611
          52	    -0.33696	   -0.338583	 0.000699617
          53	    -0.33016	   -0.338424	 0.000704237
          54	    -0.34384	   -0.338524	   0.0006983
          55	    -0.34096	   -0.338569	 0.000687007
          56	    -0.32752	   -0.338371	 0.000702498
          57	    -0.33688	   -0.338345	 0.000690661
          58	    -0.33904	   -0.338357	 0.000678857
          59	    -0.34736	    -0.33851	 0.000684285
          60	    -0.34464	   -0.338612	 0.000680465
          61	    -0.34592	   -0.338732	 0.000679774
          62	    -0.34216	   -0.338787	 0.000671055
          63	    -0.34016	   -0.338809	 0.000660757
          64	    -0.33696	    -0.33878	 0.000651064
          65	    -0.34248	   -0.338837	 0.000643531
          66	     -0.3384	    -0.33883	 0.000633815
          67	    -0.34448	   -0.338915	 0.000629939
          68	    -0.34568	   -0.339014	 0.000628483
          69	    -0.35024	   -0.339177	 0.000640086
          70	    -0.34864	   -0.339312	  0.00064506
          71	    -0.34144	   -0.339342	 0.000636671
          72	    -0.33832	   -0.339328	 0.000627987
          73	    -0.34344	   -0.339384	 0.000621905
          74	       -0.34	   -0.339392	 0.000613557
          75	    -0.34168	   -0.339423	 0.000606134
          76	     -0.3448	   -0.339494	 0.000602273
          77	    -0.34256	   -0.339534	 0.000595767
          78	    -0.33864	   -0.339522	 0.000588239
          79	    -0.34928	   -0.339646	 0.000593619
          80	    -0.33704	   -0.339613	 0.000587092
          81	    -0.34608	   -0.339693	 0.000585247
          82	     -0.3488	   -0.339804	 0.000588554
          83	    -0.34568	   -0.339875	 0.000585706
          84	    -0.34192	   -0.339899	 0.000579239
          85	    -0.33256	   -0.339813	 0.000578824
          86	    -0.33768	   -0.339788	 0.000572624
          87	    -0.33664	   -0.339752	 0.000567184
          88	    -0.33944	   -0.339748	  0.00056075
          89	    -0.33968	   -0.339747	  0.00055445
          90	     -0.3444	   -0.339799	 0.000550694
          91	    -0.34376	   -0.339843	  0.00054636
          92	    -0.33904	   -0.339834	 0.000540491
          93	    -0.34808	   -0.339923	 0.000541903
          94	    -0.33992	   -0.339923	 0.000536138
          95	    -0.33472	   -0.339868	 0.000533284
          96	    -0.33816	    -0.33985	 0.000528026
          97	    -0.34192	   -0.339871	 0.000523013
          98	    -0.34624	   -0.339936	 0.000521698
          99	    -0.33512	   -0.339888	 0.000518692
         100	    -0.33848	   -0.339874	 0.000513696
