#     BLOCK:   ACTUAL_CV:    CV_AVE:      ERROR:
           1	    0.143016	    0.143016	           0
           2	    0.155406	    0.149211	  0.00438039
           3	    0.160495	    0.152972	  0.00423802
           4	    0.157394	    0.154078	  0.00331955
           5	    0.152998	    0.153862	  0.00266266
           6	    0.164059	    0.155561	   0.0027075
           7	    0.145713	    0.154154	  0.00266129
           8	    0.169088	    0.156021	  0.00291062
           9	    0.161741	    0.156657	  0.00265569
          10	    0.153447	    0.156336	  0.00240944
          11	    0.158395	    0.156523	  0.00219765
          12	    0.156735	    0.156541	  0.00201459
          13	    0.146165	    0.155742	  0.00201151
          14	     0.14169	    0.154739	  0.00210341
          15	    0.157789	    0.154942	  0.00197299
          16	    0.151135	    0.154704	  0.00186397
          17	    0.157087	    0.154844	  0.00175959
          18	    0.139861	    0.154012	  0.00184826
          19	    0.146661	    0.153625	  0.00179102
          20	    0.161697	    0.154029	  0.00174635
          21	    0.142444	    0.153477	  0.00174815
          22	    0.157066	     0.15364	  0.00167629
          23	    0.150924	    0.153522	  0.00160756
          24	    0.173294	    0.154346	   0.0017389
          25	    0.146304	    0.154024	  0.00169884
          26	    0.156224	    0.154109	   0.0016356
          27	    0.148856	    0.153914	  0.00158655
          28	     0.15517	    0.153959	  0.00153053
          29	    0.154338	    0.153972	  0.00147781
          30	    0.152652	    0.153928	   0.0014292
          31	    0.155812	    0.153989	  0.00138439
          32	    0.158837	     0.15414	  0.00134939
          33	    0.157001	    0.154227	  0.00131128
          34	    0.147816	    0.154039	   0.0012862
          35	    0.170863	    0.154519	  0.00133626
          36	    0.164423	    0.154794	  0.00132716
          37	    0.157584	     0.15487	  0.00129343
          38	    0.151323	    0.154776	  0.00126276
          39	    0.153399	    0.154741	  0.00123087
          40	    0.154673	    0.154739	   0.0012001
          41	    0.151216	    0.154653	  0.00117391
          42	    0.152492	    0.154602	  0.00114708
          43	    0.152044	    0.154542	  0.00112195
          44	    0.150872	    0.154459	  0.00109955
          45	    0.154953	     0.15447	  0.00107517
          46	    0.155363	    0.154489	  0.00105197
          47	    0.139656	    0.154174	  0.00107589
          48	    0.166664	    0.154434	  0.00108449
          49	    0.149081	    0.154325	  0.00106785
          50	    0.148079	      0.1542	  0.00105377
          51	    0.152203	    0.154161	  0.00103384
          52	    0.156915	    0.154214	  0.00101531
          53	    0.145163	    0.154043	  0.00101041
          54	    0.163964	    0.154227	  0.00100826
          55	    0.153726	    0.154218	 0.000989973
          56	    0.167067	    0.154447	  0.00099853
          57	    0.157206	    0.154495	 0.000982185
          58	    0.149981	    0.154418	  0.00096833
          59	    0.150686	    0.154354	  0.00095398
          60	    0.154576	    0.154358	 0.000938088
          61	    0.148181	    0.154257	 0.000928158
          62	     0.15522	    0.154272	 0.000913317
          63	    0.158317	    0.154337	 0.000901074
          64	    0.141853	    0.154141	 0.000907863
          65	     0.15214	    0.154111	 0.000894418
          66	    0.155557	    0.154133	 0.000881134
          67	    0.146597	     0.15402	 0.000875132
          68	    0.162876	     0.15415	 0.000871899
          69	     0.15909	    0.154222	 0.000862197
          70	    0.138563	    0.153998	 0.000878419
          71	    0.151468	    0.153963	 0.000866769
          72	    0.151614	     0.15393	 0.000855344
          73	    0.165114	    0.154083	 0.000857239
          74	    0.150399	    0.154033	   0.0008471
          75	    0.143358	    0.153891	 0.000847678
          76	    0.154164	    0.153895	 0.000836532
          77	     0.14397	    0.153766	 0.000835539
          78	    0.159107	    0.153834	 0.000827629
          79	    0.156774	    0.153871	 0.000817989
          80	    0.149494	    0.153817	 0.000809592
          81	    0.140289	     0.15365	  0.00081664
          82	    0.153159	    0.153644	 0.000806703
          83	    0.155881	    0.153671	 0.000797434
          84	    0.151163	    0.153641	 0.000788499
          85	    0.164904	    0.153773	 0.000790278
          86	    0.154574	    0.153783	 0.000781144
          87	    0.160763	    0.153863	 0.000776275
          88	    0.155406	     0.15388	 0.000767651
          89	     0.14871	    0.153822	 0.000761221
          90	    0.156603	    0.153853	 0.000753389
          91	    0.151868	    0.153831	 0.000745426
          92	     0.15175	    0.153809	 0.000737667
          93	    0.166135	    0.153941	 0.000741546
          94	    0.165258	    0.154062	 0.000743366
          95	      0.1553	    0.154075	 0.000735655
          96	    0.157031	    0.154106	 0.000728636
          97	    0.154222	    0.154107	 0.000721125
          98	    0.165934	    0.154227	 0.000723795
          99	    0.163316	    0.154319	 0.000722282
         100	    0.151467	    0.154291	 0.000715622
