#     BLOCK:   ACTUAL_CV:    CV_AVE:      ERROR:
               1	        0.428088	        0.428088	               0
               2	        0.441947	        0.435017	      0.00489986
               3	        0.441565	          0.4372	      0.00372105
               4	        0.417294	        0.432223	      0.00513435
               5	        0.405976	        0.426974	      0.00623831
               6	        0.484402	        0.436545	        0.010167
               7	        0.442896	        0.437452	      0.00875491
               8	        0.395645	        0.432227	      0.00908738
               9	        0.421827	        0.431071	      0.00815081
              10	        0.431961	         0.43116	      0.00733621
              11	        0.412882	        0.429498	      0.00685487
              12	        0.393816	        0.426525	       0.0068985
              13	         0.44788	        0.428168	      0.00656051
              14	        0.398543	        0.426051	       0.0064241
              15	        0.440778	        0.427033	      0.00607038
              16	        0.375062	        0.423785	      0.00650219
              17	         0.46547	        0.426237	      0.00656581
              18	        0.399683	        0.424762	      0.00636461
              19	        0.406768	        0.423815	      0.00609969
              20	        0.423329	        0.423791	      0.00579475
              21	         0.42855	        0.424017	      0.00552324
              22	        0.449553	        0.425178	      0.00539277
              23	        0.466596	        0.426979	      0.00545068
              24	        0.442211	        0.427613	      0.00526039
              25	        0.409337	        0.426882	      0.00510052
              26	        0.407492	        0.426137	      0.00495857
              27	        0.423909	        0.426054	       0.0047756
              28	        0.443897	        0.426691	      0.00464736
              29	         0.43082	        0.426834	      0.00448929
              30	        0.424887	        0.426769	      0.00434012
              31	        0.404005	        0.426034	      0.00426178
              32	        0.427563	        0.426082	      0.00412887
              33	        0.463492	        0.427216	      0.00415646
              34	        0.435942	        0.427473	      0.00404213
              35	        0.455398	         0.42827	      0.00400461
              36	        0.430957	        0.428345	      0.00389407
              37	        0.428784	        0.428357	      0.00378884
              38	        0.472271	        0.429512	      0.00386136
              39	        0.418508	         0.42923	      0.00377264
              40	        0.449303	        0.429732	      0.00371155
              41	        0.403114	        0.429083	      0.00367737
              42	        0.375692	        0.427812	      0.00380319
              43	        0.414041	        0.427491	       0.0037282
              44	        0.426521	        0.427469	      0.00364354
              45	        0.455455	        0.428091	      0.00361525
              46	        0.456177	        0.428702	      0.00358785
              47	        0.430737	        0.428745	      0.00351177
              48	        0.401229	        0.428172	      0.00348508
              49	         0.42965	        0.428202	      0.00341409
              50	        0.425126	        0.428141	      0.00334636
              51	        0.389074	        0.427374	      0.00336728
              52	         0.43194	        0.427462	      0.00330367
              53	        0.431011	        0.427529	      0.00324201
              54	        0.455188	        0.428041	      0.00322218
              55	        0.390247	        0.427354	      0.00323605
              56	        0.399502	        0.426857	      0.00321625
              57	        0.404429	        0.426463	      0.00318381
              58	        0.429534	        0.426516	      0.00312935
              59	        0.457208	        0.427037	      0.00311925
              60	        0.374599	        0.426163	      0.00318734
              61	        0.411282	        0.425919	      0.00314441
              62	        0.394246	        0.425408	      0.00313492
              63	        0.426324	        0.425422	      0.00308519
              64	        0.411899	        0.425211	      0.00304421
              65	        0.368286	        0.424335	      0.00312081
              66	        0.410111	         0.42412	      0.00308096
              67	        0.451719	        0.424532	      0.00306239
              68	        0.416979	        0.424421	      0.00301937
              69	        0.444669	        0.424714	      0.00298983
              70	        0.423902	        0.424702	      0.00294714
              71	         0.43778	        0.424887	      0.00291138
              72	         0.44102	        0.425111	      0.00287956
              73	        0.407012	        0.424863	      0.00285077
              74	        0.463647	        0.425387	      0.00286001
              75	        0.400538	        0.425056	      0.00284101
              76	        0.390259	        0.424598	      0.00284028
              77	        0.425873	        0.424614	      0.00280344
              78	          0.3726	        0.423947	       0.0028457
              79	        0.408932	        0.423757	      0.00281602
              80	        0.430193	        0.423838	      0.00278197
              81	        0.382355	        0.423326	      0.00279437
              82	        0.463303	        0.423813	       0.0028025
              83	        0.398926	        0.423513	      0.00278472
              84	        0.421998	        0.423495	      0.00275163
              85	        0.470917	        0.424053	      0.00277524
              86	        0.426131	        0.424077	      0.00274308
              87	        0.436895	        0.424225	       0.0027155
              88	        0.430211	        0.424293	      0.00268549
              89	        0.416651	        0.424207	      0.00265669
              90	        0.439093	        0.424372	      0.00263232
              91	        0.409785	        0.424212	      0.00260827
              92	         0.38871	        0.423826	      0.00260831
              93	        0.463387	        0.424251	      0.00261472
              94	        0.441037	         0.42443	      0.00259299
              95	         0.44994	        0.424699	      0.00257956
              96	        0.451599	        0.424979	      0.00256787
              97	        0.414234	        0.424868	      0.00254378
              98	        0.433458	        0.424956	      0.00251934
              99	         0.39875	        0.424691	      0.00250775
             100	        0.405552	          0.4245	      0.00248997
             101	        0.451115	        0.424763	      0.00247922
             102	        0.411279	        0.424631	      0.00245844
             103	        0.432033	        0.424703	      0.00243562
             104	        0.494484	        0.425374	      0.00250292
             105	         0.37999	        0.424942	      0.00251612
             106	        0.406979	        0.424772	      0.00249809
             107	        0.430377	        0.424824	      0.00247529
             108	        0.424578	        0.424822	      0.00245237
             109	        0.439082	        0.424953	      0.00243336
             110	        0.481758	        0.425469	      0.00246542
             111	        0.422569	        0.425443	      0.00244335
             112	        0.405638	        0.425266	      0.00242793
             113	        0.461334	        0.425586	      0.00242733
             114	        0.418195	        0.425521	       0.0024069
             115	        0.447345	        0.425711	      0.00239344
             116	        0.387701	        0.425383	      0.00239513
             117	        0.462782	        0.425703	       0.0023959
             118	        0.430315	        0.425742	      0.00237591
             119	        0.438423	        0.425848	      0.00235834
             120	        0.415446	        0.425762	      0.00234028
             121	         0.45763	        0.426025	      0.00233571
             122	        0.387861	        0.425712	      0.00233742
             123	        0.441066	        0.425837	      0.00232174
             124	        0.389566	        0.425544	      0.00232137
             125	        0.436499	        0.425632	      0.00230446
             126	        0.416998	        0.425563	      0.00228718
             127	         0.43513	        0.425639	      0.00227042
             128	        0.431144	        0.425682	      0.00225308
             129	        0.430481	        0.425719	      0.00223593
             130	        0.440027	        0.425829	      0.00222143
             131	        0.417597	        0.425766	      0.00220536
             132	        0.429163	        0.425792	      0.00218881
             133	        0.406641	        0.425648	      0.00217708
             134	        0.424826	        0.425642	      0.00216084
             135	        0.413997	        0.425556	      0.00214656
             136	        0.400697	        0.425373	      0.00213854
             137	        0.376188	        0.425014	      0.00215286
             138	         0.44563	        0.425163	      0.00214243
             139	        0.383426	        0.424863	      0.00214796
             140	        0.435389	        0.424938	      0.00213393
             141	        0.448429	        0.425105	      0.00212529
             142	        0.417053	        0.425048	      0.00211108
             143	        0.384682	        0.424766	      0.00211511
             144	        0.446994	         0.42492	      0.00210604
             145	        0.386319	        0.424654	      0.00210828
             146	        0.420573	        0.424626	      0.00209402
             147	        0.394677	        0.424422	      0.00208966
             148	        0.452858	        0.424614	      0.00208436
             149	         0.42006	        0.424584	      0.00207059
             150	        0.454505	        0.424783	      0.00206638
             151	        0.425899	        0.424791	       0.0020527
             152	        0.435892	        0.424864	       0.0020405
             153	        0.400862	        0.424707	      0.00203318
             154	        0.434431	         0.42477	      0.00202096
             155	        0.397094	        0.424591	      0.00201579
             156	        0.435572	        0.424662	       0.0020041
             157	         0.38268	        0.424394	       0.0020091
             158	        0.407342	        0.424286	      0.00199928
             159	        0.444633	        0.424414	       0.0019908
             160	        0.400804	        0.424267	      0.00198381
             161	        0.438393	        0.424355	      0.00197343
             162	        0.448265	        0.424502	      0.00196676
             163	          0.4607	        0.424724	      0.00196719
             164	        0.453103	        0.424897	      0.00196279
             165	        0.411349	        0.424815	      0.00195262
             166	        0.452506	        0.424982	      0.00194796
             167	        0.450724	        0.425136	      0.00194239
             168	        0.421673	        0.425116	      0.00193094
             169	         0.40551	           0.425	      0.00192299
             170	        0.379593	        0.424732	      0.00193014
             171	        0.429396	         0.42476	      0.00191905
             172	         0.41285	         0.42469	      0.00190914
             173	        0.432764	        0.424737	      0.00189867
             174	        0.403472	        0.424615	      0.00189169
             175	        0.422759	        0.424604	      0.00188091
             176	         0.41269	        0.424537	      0.00187144
             177	        0.415699	        0.424487	      0.00186153
             178	        0.397831	        0.424337	      0.00185709
             179	        0.458497	        0.424528	      0.00185649
             180	        0.427558	        0.424545	      0.00184626
             181	        0.435545	        0.424605	      0.00183706
             182	        0.427166	        0.424619	      0.00182702
             183	        0.474661	        0.424893	      0.00183738
             184	        0.438053	        0.424964	      0.00182879
             185	         0.43384	        0.425012	      0.00181953
             186	        0.400078	        0.424878	      0.00181468
             187	        0.374998	        0.424612	      0.00182448
             188	        0.403117	        0.424497	      0.00181835
             189	         0.44546	        0.424608	      0.00181211
             190	        0.423921	        0.424605	      0.00180258
             191	        0.440974	         0.42469	      0.00179517
             192	        0.480758	        0.424982	      0.00180942
             193	        0.438059	         0.42505	      0.00180131
             194	        0.423798	        0.425044	      0.00179204
             195	        0.509094	        0.425475	      0.00183395
             196	        0.400838	        0.425349	       0.0018289
             197	        0.396465	        0.425202	      0.00182548
             198	        0.445718	        0.425306	       0.0018192
             199	        0.438684	        0.425373	       0.0018113
             200	        0.415409	        0.425323	      0.00180293
             201	        0.441984	        0.425406	      0.00179586
             202	        0.467575	        0.425615	      0.00179907
             203	        0.391658	        0.425448	      0.00179796
             204	         0.39638	        0.425305	      0.00179479
             205	        0.408111	        0.425221	      0.00178799
             206	         0.42831	        0.425236	      0.00177937
             207	        0.424966	        0.425235	      0.00177078
             208	        0.404549	        0.425136	      0.00176506
             209	          0.4604	        0.425304	      0.00176466
             210	        0.410944	        0.425236	      0.00175758
             211	        0.437378	        0.425293	      0.00175019
             212	        0.467008	         0.42549	      0.00175296
             213	        0.397587	        0.425359	      0.00174962
             214	        0.423192	        0.425349	      0.00174147
             215	        0.394767	        0.425207	      0.00173917
             216	         0.42043	        0.425185	      0.00173126
             217	        0.399149	        0.425065	      0.00172744
             218	        0.420252	        0.425043	      0.00171965
             219	        0.442325	        0.425122	      0.00171361
             220	        0.435249	        0.425168	      0.00170644
             221	        0.422016	        0.425153	      0.00169878
             222	        0.391648	        0.425002	      0.00169782
             223	        0.408246	        0.424927	      0.00169186
             224	        0.424806	        0.424927	      0.00168431
             225	        0.428497	        0.424943	       0.0016769
             226	        0.398178	        0.424824	      0.00167366
             227	        0.425241	        0.424826	      0.00166629
             228	         0.40302	         0.42473	      0.00166172
             229	        0.436424	        0.424781	      0.00165525
             230	        0.461788	        0.424942	      0.00165585
             231	          0.4419	        0.425016	      0.00165031
             232	        0.432715	        0.425049	      0.00164353
             233	        0.408128	        0.424976	      0.00163808
             234	        0.427214	        0.424986	      0.00163111
             235	        0.433208	        0.425021	      0.00162454
             236	        0.408695	        0.424952	      0.00161913
             237	        0.408687	        0.424883	      0.00161375
             238	        0.393471	        0.424751	      0.00161236
             239	        0.447623	        0.424847	      0.00160845
             240	        0.381433	        0.424666	      0.00161189
             241	        0.463996	        0.424829	      0.00161344
             242	        0.410197	        0.424769	      0.00160791
             243	        0.418328	        0.424742	      0.00160151
             244	        0.452041	        0.424854	      0.00159885
             245	        0.436761	        0.424903	      0.00159306
             246	        0.443783	        0.424979	      0.00158843
             247	        0.443016	        0.425052	      0.00158368
             248	        0.437239	        0.425102	      0.00157806
             249	        0.399234	        0.424998	      0.00157513
             250	        0.416295	        0.424963	      0.00156922
             251	        0.420109	        0.424943	      0.00156308
             252	        0.441933	        0.425011	      0.00155834
             253	        0.453726	        0.425124	       0.0015563
             254	        0.403839	        0.425041	      0.00155243
             255	        0.396037	        0.424927	       0.0015505
             256	        0.437031	        0.424974	      0.00154517
             257	        0.480696	        0.425191	      0.00155429
             258	        0.447744	        0.425278	      0.00155072
             259	        0.372042	        0.425073	       0.0015583
             260	        0.393196	         0.42495	      0.00155712
             261	        0.412034	        0.424901	      0.00155194
             262	        0.412562	        0.424854	      0.00154673
             263	        0.425454	        0.424856	      0.00154085
             264	        0.382233	        0.424694	      0.00154345
             265	        0.412854	         0.42465	      0.00153827
             266	        0.388712	        0.424515	      0.00153841
             267	        0.443804	        0.424587	      0.00153435
             268	        0.432034	        0.424615	      0.00152887
             269	        0.386364	        0.424473	      0.00152979
             270	        0.363021	        0.424245	      0.00154096
             271	         0.43898	        0.424299	      0.00153623
             272	        0.503319	         0.42459	      0.00155781
             273	        0.435712	        0.424631	      0.00155264
             274	        0.443693	          0.4247	      0.00154853
             275	        0.377934	         0.42453	      0.00155221
             276	         0.44389	          0.4246	      0.00154817
             277	        0.447491	        0.424683	      0.00154478
             278	        0.449692	        0.424773	      0.00154184
             279	        0.427474	        0.424782	      0.00153635
             280	        0.418719	        0.424761	      0.00153101
             281	        0.419717	        0.424743	      0.00152567
             282	        0.428043	        0.424755	      0.00152031
             283	        0.455847	        0.424864	       0.0015189
             284	        0.412958	        0.424823	      0.00151413
             285	        0.440274	        0.424877	      0.00150979
             286	        0.487439	        0.425095	      0.00152027
             287	        0.397549	           0.425	        0.001518
             288	        0.431271	        0.425021	      0.00151289
             289	         0.37879	        0.424861	      0.00151608
             290	        0.457956	        0.424975	      0.00151515
             291	        0.428199	        0.424987	      0.00150998
             292	        0.452399	         0.42508	      0.00150772
             293	        0.423658	        0.425076	      0.00150259
             294	        0.444407	        0.425141	      0.00149891
             295	         0.43702	        0.425182	      0.00149437
             296	        0.415423	        0.425149	      0.00148969
             297	        0.438718	        0.425194	      0.00148537
             298	        0.405237	        0.425127	       0.0014819
             299	        0.440827	         0.42518	      0.00147787
             300	        0.503486	        0.425441	      0.00149582
             301	        0.416986	        0.425413	      0.00149111
             302	        0.390411	        0.425297	      0.00149067
             303	        0.440531	        0.425347	       0.0014866
             304	        0.448345	        0.425423	      0.00148363
             305	        0.454443	        0.425518	      0.00148182
             306	        0.375757	        0.425355	      0.00148587
             307	         0.41479	        0.425321	      0.00148143
             308	        0.461409	        0.425438	      0.00148125
             309	        0.446092	        0.425505	      0.00147796
             310	        0.434934	        0.425535	       0.0014735
             311	        0.431004	        0.425553	      0.00146887
             312	        0.455745	         0.42565	      0.00146735
             313	        0.420087	        0.425632	      0.00146277
             314	        0.363814	        0.425435	       0.0014713
             315	        0.383712	        0.425303	      0.00147258
             316	        0.421466	         0.42529	      0.00146797
             317	        0.432652	        0.425314	      0.00146352
             318	        0.446147	        0.425379	      0.00146038
             319	        0.411862	        0.425337	      0.00145642
             320	        0.466261	        0.425465	      0.00145747
             321	        0.410327	        0.425418	       0.0014537
             322	        0.414992	        0.425385	      0.00144954
             323	        0.424798	        0.425383	      0.00144505
             324	        0.440967	        0.425431	      0.00144139
             325	         0.45006	        0.425507	      0.00143895
             326	        0.403902	        0.425441	      0.00143606
             327	        0.434844	         0.42547	      0.00143196
             328	        0.390758	        0.425364	       0.0014315
             329	         0.39669	        0.425277	       0.0014298
             330	        0.448444	        0.425347	      0.00142719
             331	        0.400073	        0.425271	      0.00142492
             332	        0.397241	        0.425186	      0.00142312
             333	        0.380217	        0.425051	      0.00142524
             334	        0.445448	        0.425112	      0.00142228
             335	        0.411141	         0.42507	      0.00141865
             336	        0.446825	        0.425135	       0.0014159
             337	         0.40639	         0.42508	      0.00141279
             338	        0.359639	        0.424886	      0.00142182
             339	        0.417607	        0.424864	      0.00141779
             340	        0.437082	          0.4249	      0.00141407
             341	        0.436583	        0.424935	      0.00141034
             342	        0.430804	        0.424952	      0.00140632
             343	        0.446801	        0.425016	      0.00140366
             344	        0.403413	        0.424953	      0.00140099
             345	        0.423199	        0.424948	      0.00139693
             346	        0.411108	        0.424908	      0.00139347
             347	        0.440287	        0.424952	      0.00139016
             348	         0.46898	        0.425079	      0.00139191
             349	        0.386344	        0.424968	      0.00139234
             350	        0.417964	        0.424948	       0.0013885
             351	        0.454674	        0.425032	      0.00138713
             352	        0.393873	        0.424944	      0.00138601
             353	        0.450614	        0.425016	      0.00138399
             354	        0.427152	        0.425022	      0.00138009
             355	        0.413556	         0.42499	      0.00137658
             356	         0.42278	        0.424984	      0.00137273
             357	        0.426382	        0.424988	      0.00136889
             358	        0.421944	        0.424979	      0.00136509
             359	        0.434547	        0.425006	      0.00136155
             360	        0.426633	        0.425011	      0.00135778
             361	        0.440156	        0.425052	      0.00135466
             362	        0.443864	        0.425104	      0.00135192
             363	        0.447625	        0.425166	      0.00134962
             364	        0.425416	        0.425167	      0.00134591
             365	         0.38616	         0.42506	      0.00134646
             366	        0.441705	        0.425106	      0.00134355
             367	        0.392864	        0.425018	      0.00134275
             368	        0.411203	         0.42498	      0.00133963
             369	        0.423489	        0.424976	      0.00133601
             370	        0.422962	        0.424971	      0.00133241
             371	        0.442753	        0.425019	      0.00132968
             372	        0.450625	        0.425088	      0.00132788
             373	        0.427837	        0.425095	      0.00132434
             374	        0.408776	        0.425051	      0.00132152
             375	        0.437601	        0.425085	      0.00131842
             376	        0.396046	        0.425008	      0.00131717
             377	        0.405272	        0.424955	      0.00131472
             378	        0.424653	        0.424954	      0.00131124
             379	        0.406713	        0.424906	      0.00130867
             380	        0.400617	        0.424842	      0.00130678
             381	        0.463052	        0.424943	      0.00130719
             382	        0.399537	        0.424876	      0.00130546
             383	        0.409984	        0.424837	      0.00130263
             384	        0.381472	        0.424724	      0.00130413
             385	        0.401132	        0.424663	      0.00130218
             386	        0.395728	        0.424588	      0.00130096
             387	        0.396993	        0.424517	      0.00129955
             388	        0.403684	        0.424463	      0.00129731
             389	         0.40736	        0.424419	      0.00129472
             390	        0.427386	        0.424427	      0.00129142
             391	        0.407335	        0.424383	      0.00128886
             392	         0.44178	        0.424427	      0.00128634
             393	        0.408186	        0.424386	      0.00128373
             394	         0.38732	        0.424292	      0.00128391
             395	        0.411073	        0.424259	       0.0012811
             396	        0.485468	        0.424413	      0.00128715
             397	         0.43012	        0.424428	      0.00128399
             398	        0.429752	        0.424441	      0.00128083
             399	        0.458828	        0.424527	      0.00128052
             400	        0.419127	        0.424514	      0.00127739
             401	        0.396665	        0.424444	      0.00127609
             402	        0.457329	        0.424526	      0.00127554
             403	        0.417104	        0.424508	       0.0012725
             404	        0.431858	        0.424526	      0.00126948
             405	         0.44484	        0.424576	      0.00126734
             406	        0.450475	         0.42464	      0.00126582
             407	        0.383511	        0.424539	      0.00126674
             408	        0.402121	        0.424484	      0.00126483
             409	        0.429537	        0.424496	      0.00126179
             410	        0.367312	        0.424357	       0.0012664
             411	        0.433667	        0.424379	      0.00126352
             412	        0.427352	        0.424386	      0.00126048
             413	        0.442556	         0.42443	      0.00125819
             414	        0.425119	        0.424432	      0.00125515
             415	        0.419729	        0.424421	      0.00125218
             416	        0.386054	        0.424329	      0.00125256
             417	        0.440067	        0.424366	      0.00125013
             418	        0.411834	        0.424336	       0.0012475
             419	        0.392283	         0.42426	      0.00124686
             420	        0.469277	        0.424367	      0.00124849
             421	        0.402638	        0.424315	      0.00124659
             422	        0.414467	        0.424292	      0.00124386
             423	        0.436131	         0.42432	      0.00124123
             424	        0.397539	        0.424257	      0.00123991
             425	         0.41155	        0.424227	      0.00123735
             426	        0.464389	        0.424321	      0.00123804
             427	        0.476063	        0.424442	      0.00124105
             428	        0.458903	        0.424523	      0.00124076
             429	        0.433971	        0.424545	      0.00123806
             430	        0.473114	        0.424658	      0.00124033
             431	        0.436548	        0.424685	      0.00123776
             432	        0.384598	        0.424593	      0.00123836
             433	        0.396662	        0.424528	      0.00123718
             434	        0.422093	        0.424523	      0.00123435
             435	        0.421178	        0.424515	      0.00123153
             436	        0.445968	        0.424564	      0.00122969
             437	        0.446476	        0.424614	       0.0012279
             438	        0.477526	        0.424735	      0.00123102
             439	        0.428952	        0.424745	      0.00122826
             440	         0.44831	        0.424798	      0.00122663
             441	        0.411618	        0.424768	      0.00122421
             442	        0.427924	        0.424775	      0.00122147
             443	        0.432612	        0.424793	      0.00121884
             444	         0.40153	        0.424741	      0.00121722
             445	        0.429103	        0.424751	      0.00121452
             446	        0.434363	        0.424772	      0.00121199
             447	        0.418176	        0.424757	      0.00120937
             448	        0.441783	        0.424795	      0.00120726
             449	        0.381559	        0.424699	      0.00120841
             450	        0.419126	        0.424687	      0.00120579
             451	        0.449307	        0.424741	      0.00120435
             452	        0.439725	        0.424774	      0.00120214
             453	        0.423423	        0.424771	      0.00119949
             454	         0.41273	        0.424745	      0.00119714
             455	        0.422537	         0.42474	      0.00119452
             456	        0.427114	        0.424745	      0.00119191
             457	        0.427822	        0.424752	      0.00118932
             458	        0.434414	        0.424773	      0.00118691
             459	        0.424843	        0.424773	      0.00118433
             460	        0.402105	        0.424724	      0.00118278
             461	        0.455784	        0.424791	      0.00118213
             462	        0.421565	        0.424784	      0.00117959
             463	         0.44683	        0.424832	      0.00117801
             464	        0.414164	        0.424809	      0.00117569
             465	        0.435611	        0.424832	      0.00117339
             466	        0.419627	        0.424821	      0.00117093
             467	        0.436529	        0.424846	      0.00116869
             468	        0.392155	        0.424776	      0.00116828
             469	        0.431191	         0.42479	      0.00116587
             470	        0.458056	        0.424861	      0.00116553
             471	        0.420724	        0.424852	      0.00116309
             472	        0.418097	        0.424838	      0.00116071
             473	        0.411545	         0.42481	       0.0011586
             474	        0.399862	        0.424757	      0.00115735
             475	        0.408374	        0.424722	      0.00115543
             476	        0.464417	        0.424806	      0.00115601
             477	         0.41886	        0.424793	      0.00115365
             478	        0.437232	        0.424819	      0.00115153
             479	        0.406873	        0.424782	      0.00114974
             480	        0.403769	        0.424738	      0.00114817
             481	        0.419356	        0.424727	      0.00114584
             482	        0.413697	        0.424704	      0.00114369
             483	        0.427594	         0.42471	      0.00114134
             484	        0.409909	        0.424679	      0.00113939
             485	        0.439407	         0.42471	      0.00113745
             486	        0.402136	        0.424663	      0.00113605
             487	        0.413732	        0.424641	      0.00113394
             488	        0.438509	        0.424669	      0.00113198
             489	          0.4003	        0.424619	      0.00113076
             490	        0.440335	        0.424652	       0.0011289
             491	         0.46412	        0.424732	      0.00112946
             492	        0.430142	        0.424743	      0.00112722
             493	        0.418743	        0.424731	        0.001125
             494	        0.404798	         0.42469	      0.00112345
             495	        0.478149	        0.424798	      0.00112636
             496	        0.389158	        0.424727	      0.00112637
             497	        0.438078	        0.424753	      0.00112443
             498	        0.424391	        0.424753	      0.00112217
             499	        0.398544	          0.4247	      0.00112115
             500	        0.431467	        0.424714	      0.00111899
