#     BLOCK:   ACTUAL_CV:    CV_AVE:      ERROR:
               1	        0.379876	        0.379876	               0
               2	        0.374258	        0.377067	      0.00198622
               3	        0.338529	        0.364221	       0.0105719
               4	        0.398317	        0.372745	       0.0108334
               5	        0.377356	        0.373667	      0.00870585
               6	        0.380607	        0.374824	      0.00733129
               7	        0.362889	        0.373119	      0.00647919
               8	        0.416444	        0.378535	      0.00760288
               9	        0.329915	        0.373132	      0.00846242
              10	        0.407614	        0.376581	      0.00828897
              11	        0.381539	        0.377031	      0.00754767
              12	        0.366401	        0.376145	       0.0069705
              13	        0.408482	        0.378633	      0.00686379
              14	        0.355546	        0.376984	      0.00656862
              15	        0.373015	        0.376719	      0.00613604
              16	        0.377952	        0.376796	      0.00575302
              17	        0.350854	         0.37527	      0.00561336
              18	        0.376627	        0.375346	      0.00530201
              19	        0.334573	          0.3732	      0.00543992
              20	        0.352212	         0.37215	      0.00526817
              21	        0.389118	        0.372958	      0.00507889
              22	        0.401481	        0.374255	      0.00501077
              23	        0.391371	        0.374999	      0.00484786
              24	         0.31199	        0.372374	      0.00530938
              25	        0.339002	        0.371039	      0.00526213
              26	         0.36262	        0.370715	      0.00506969
              27	        0.321141	        0.368879	       0.0052038
              28	        0.432581	        0.371154	      0.00549281
              29	        0.394514	        0.371959	      0.00536215
              30	          0.3488	        0.371187	      0.00523868
              31	        0.357692	        0.370752	      0.00508775
              32	        0.375045	        0.370886	      0.00493053
              33	        0.344967	        0.370101	      0.00484327
              34	        0.366713	        0.370001	      0.00470185
              35	        0.356072	        0.369603	      0.00458432
              36	        0.422231	        0.371065	      0.00468427
              37	        0.395929	        0.371737	      0.00460562
              38	        0.367933	        0.371637	      0.00448551
              39	         0.35589	        0.371233	      0.00438863
              40	        0.363623	        0.371043	      0.00428304
              41	         0.31491	        0.369674	      0.00439194
              42	        0.379799	        0.369915	      0.00429398
              43	        0.363836	        0.369774	      0.00419645
              44	         0.36549	        0.369676	       0.0041022
              45	        0.376427	        0.369826	      0.00401379
              46	        0.373356	        0.369903	      0.00392726
              47	        0.413606	        0.370833	      0.00395225
              48	        0.361787	        0.370644	       0.0038744
              49	        0.355685	        0.370339	      0.00380734
              50	        0.352742	        0.369987	      0.00374743
              51	        0.395815	        0.370494	      0.00370801
              52	         0.37232	        0.370529	      0.00363687
              53	        0.363562	        0.370397	      0.00357062
              54	        0.408019	        0.371094	      0.00357182
              55	        0.344177	        0.370605	      0.00354025
              56	        0.333352	        0.369939	      0.00353898
              57	        0.325895	        0.369167	      0.00356025
              58	        0.370571	        0.369191	      0.00349895
              59	        0.353561	        0.368926	      0.00344966
              60	        0.367082	        0.368895	       0.0033923
              61	        0.324942	        0.368175	      0.00341236
              62	        0.382943	        0.368413	      0.00336562
              63	        0.378783	        0.368577	      0.00331622
              64	        0.348267	         0.36826	      0.00327955
              65	        0.354476	        0.368048	      0.00323595
              66	         0.39634	        0.368477	      0.00321519
              67	        0.350808	        0.368213	        0.003178
              68	        0.341491	         0.36782	      0.00315546
              69	        0.359426	        0.367698	      0.00311208
              70	        0.379282	        0.367864	      0.00307201
              71	        0.369361	        0.367885	      0.00302882
              72	         0.41351	        0.368519	      0.00305232
              73	        0.369559	        0.368533	      0.00301054
              74	        0.342108	        0.368176	      0.00299096
              75	        0.353952	        0.367986	      0.00295709
              76	         0.38822	        0.368252	      0.00293014
              77	          0.3715	        0.368294	      0.00289239
              78	        0.393822	        0.368622	      0.00287377
              79	        0.402294	        0.369048	      0.00286882
              80	        0.358335	        0.368914	      0.00283609
              81	        0.367562	        0.368897	      0.00280112
              82	         0.39242	        0.369184	      0.00278161
              83	        0.342824	        0.368867	      0.00276617
              84	        0.377574	         0.36897	      0.00273518
              85	        0.359231	        0.368856	       0.0027054
              86	        0.388235	        0.369081	      0.00268331
              87	         0.34209	        0.368771	      0.00267034
              88	        0.388309	        0.368993	      0.00264921
              89	        0.411331	        0.369469	      0.00266181
              90	        0.348159	        0.369232	      0.00264275
              91	         0.38431	        0.369397	       0.0026189
              92	        0.381111	        0.369525	      0.00259352
              93	        0.373859	        0.369571	      0.00256605
              94	        0.339009	        0.369246	      0.00255927
              95	        0.330623	         0.36884	      0.00256442
              96	        0.373539	        0.368889	      0.00253817
              97	        0.430995	        0.369529	      0.00259151
              98	        0.424855	        0.370093	      0.00262583
              99	        0.394016	        0.370335	       0.0026104
             100	        0.355693	        0.370189	       0.0025884
             101	        0.348869	        0.369978	      0.00257137
             102	        0.404592	        0.370317	      0.00256845
             103	        0.348113	        0.370101	      0.00255255
             104	         0.36125	        0.370016	      0.00252942
             105	        0.445775	        0.370738	      0.00260621
             106	        0.369486	        0.370726	      0.00258165
             107	        0.369181	        0.370712	      0.00255756
             108	        0.384419	        0.370838	      0.00253703
             109	        0.378705	        0.370911	      0.00251478
             110	        0.344107	        0.370667	      0.00250369
             111	        0.434721	        0.371244	      0.00254677
             112	        0.421348	        0.371691	      0.00256302
             113	        0.358596	        0.371576	      0.00254296
             114	        0.379627	        0.371646	      0.00252163
             115	        0.387985	        0.371788	      0.00250371
             116	        0.383666	        0.371891	      0.00248421
             117	         0.38057	        0.371965	      0.00246409
             118	        0.333684	         0.37164	      0.00246447
             119	        0.367256	        0.371604	      0.00244404
             120	        0.378869	        0.371664	      0.00242442
             121	        0.334484	        0.371357	      0.00242378
             122	        0.384703	        0.371466	      0.00240638
             123	        0.344238	        0.371245	      0.00239697
             124	        0.406424	        0.371529	      0.00239437
             125	        0.373244	        0.371542	      0.00237526
             126	         0.33565	        0.371257	      0.00237343
             127	        0.345891	        0.371058	      0.00236313
             128	        0.345894	        0.370861	      0.00235283
             129	        0.356938	        0.370753	      0.00233706
             130	        0.392254	        0.370919	      0.00232493
             131	        0.371789	        0.370925	      0.00230719
             132	        0.359602	        0.370839	      0.00229131
             133	        0.361957	        0.370773	      0.00227505
             134	        0.368886	        0.370759	      0.00225812
             135	        0.335253	        0.370496	      0.00225666
             136	        0.367965	        0.370477	      0.00224014
             137	         0.36477	        0.370435	      0.00222418
             138	        0.383509	         0.37053	      0.00221008
             139	        0.370137	        0.370527	      0.00219418
             140	        0.346397	        0.370355	      0.00218526
             141	        0.351903	        0.370224	      0.00217368
             142	        0.382019	        0.370307	      0.00215996
             143	        0.356193	        0.370208	      0.00214711
             144	        0.375151	        0.370243	      0.00213247
             145	        0.391713	        0.370391	       0.0021229
             146	         0.36813	        0.370375	      0.00210842
             147	        0.343572	        0.370193	      0.00210194
             148	         0.33737	        0.369971	      0.00209941
             149	        0.399021	        0.370166	      0.00209435
             150	         0.36871	        0.370156	      0.00208041
             151	        0.365037	        0.370122	      0.00206691
             152	        0.369249	        0.370117	      0.00205332
             153	         0.42106	         0.37045	      0.00206672
             154	        0.413238	        0.370728	      0.00207189
             155	        0.384328	        0.370815	      0.00206038
             156	         0.37494	        0.370842	      0.00204734
             157	        0.341041	        0.370652	      0.00204308
             158	        0.385164	        0.370744	      0.00203222
             159	        0.385872	        0.370839	      0.00202166
             160	        0.392132	        0.370972	       0.0020134
             161	        0.337631	        0.370765	      0.00201152
             162	        0.337928	        0.370562	      0.00200929
             163	        0.374448	        0.370586	       0.0019971
             164	        0.358046	         0.37051	      0.00198639
             165	        0.384416	        0.370594	      0.00197614
             166	        0.370227	        0.370592	      0.00196423
             167	        0.366912	         0.37057	       0.0019526
             168	        0.366668	        0.370546	      0.00194111
             169	        0.361604	        0.370493	      0.00193035
             170	        0.350627	        0.370377	      0.00192253
             171	        0.377447	        0.370418	      0.00191173
             172	        0.427076	        0.370747	      0.00192878
             173	        0.395076	        0.370888	      0.00192275
             174	        0.389589	        0.370995	      0.00191471
             175	        0.381926	        0.371058	      0.00190478
             176	        0.366312	        0.371031	      0.00189415
             177	        0.347389	        0.370897	      0.00188815
             178	        0.378471	         0.37094	      0.00187802
             179	        0.389011	        0.371041	      0.00187024
             180	        0.357025	        0.370963	      0.00186147
             181	        0.352462	        0.370861	      0.00185399
             182	          0.3815	        0.370919	      0.00184473
             183	        0.394409	        0.371048	      0.00183911
             184	        0.369223	        0.371038	      0.00182914
             185	        0.346428	        0.370905	      0.00182408
             186	        0.363595	        0.370865	       0.0018147
             187	        0.357895	        0.370796	      0.00180632
             188	        0.349275	        0.370682	      0.00180034
             189	        0.384828	        0.370756	      0.00179237
             190	         0.37866	        0.370798	      0.00178342
             191	        0.364158	        0.370763	      0.00177442
             192	        0.412222	        0.370979	      0.00177827
             193	         0.35045	        0.370873	      0.00177223
             194	        0.335237	        0.370689	      0.00177259
             195	        0.333135	        0.370497	      0.00177393
             196	        0.378695	        0.370538	      0.00176537
             197	        0.385247	        0.370613	      0.00175799
             198	        0.363631	        0.370578	      0.00174946
             199	        0.396511	        0.370708	      0.00174552
             200	        0.407374	        0.370891	      0.00174639
