#     BLOCK:   ACTUAL_TE:    TE_AVE:      ERROR:
           1	   -0.389713	   -0.389713	           0
           2	   -0.386869	   -0.388291	  0.00100551
           3	   -0.383214	   -0.386599	  0.00153565
           4	   -0.379961	   -0.384939	   0.0018417
           5	   -0.389584	   -0.385868	   0.0016915
           6	   -0.387119	   -0.386077	  0.00142238
           7	   -0.386567	   -0.386147	  0.00122091
           8	   -0.386396	   -0.386178	  0.00106869
           9	   -0.376135	   -0.385062	  0.00141746
          10	   -0.384663	   -0.385022	  0.00127627
          11	   -0.378467	   -0.384426	   0.0012919
          12	   -0.384793	   -0.384457	   0.0011846
          13	   -0.387323	   -0.384677	  0.00111381
          14	   -0.387684	   -0.384892	  0.00105475
          15	   -0.389485	   -0.385198	  0.00102792
          16	   -0.386408	   -0.385274	 0.000966448
          17	   -0.385001	   -0.385258	 0.000909731
          18	   -0.392209	   -0.385644	 0.000937576
          19	   -0.383203	   -0.385515	 0.000896987
          20	   -0.379206	     -0.3852	 0.000905911
          21	   -0.388179	   -0.385342	  0.00087381
          22	    -0.39505	   -0.385783	 0.000938934
          23	   -0.382509	   -0.385641	  0.00090884
          24	   -0.383508	   -0.385552	 0.000875306
          25	   -0.388194	   -0.385658	 0.000846648
          26	   -0.387858	   -0.385742	 0.000818304
          27	   -0.393243	    -0.38602	 0.000833823
          28	   -0.380618	   -0.385827	 0.000826065
          29	   -0.388695	   -0.385926	 0.000803479
          30	   -0.379586	   -0.385715	 0.000804006
          31	   -0.381936	   -0.385593	 0.000787256
          32	   -0.387137	   -0.385641	 0.000764131
          33	   -0.385252	   -0.385629	 0.000741067
          34	   -0.384697	   -0.385602	 0.000719778
          35	   -0.380283	    -0.38545	 0.000715074
          36	   -0.384324	   -0.385419	 0.000695895
          37	   -0.381238	   -0.385306	   0.0006862
          38	   -0.382647	   -0.385236	 0.000671699
          39	   -0.388777	   -0.385326	 0.000660584
          40	    -0.37606	   -0.385095	 0.000683484
          41	   -0.393062	   -0.385289	 0.000693886
          42	   -0.383662	    -0.38525	 0.000678446
          43	   -0.385168	   -0.385248	 0.000662671
          44	   -0.382061	   -0.385176	 0.000651558
          45	   -0.376496	   -0.384983	 0.000665018
          46	   -0.389689	   -0.385085	 0.000658382
          47	   -0.385126	   -0.385086	 0.000644375
          48	   -0.386419	   -0.385114	 0.000631548
          49	   -0.379534	      -0.385	 0.000628844
          50	   -0.384719	   -0.384995	 0.000616292
          51	   -0.396831	   -0.385227	 0.000646435
          52	     -0.3788	   -0.385103	 0.000645709
          53	    -0.38507	   -0.385102	 0.000633526
          54	   -0.385434	   -0.385109	 0.000621824
          55	   -0.381327	    -0.38504	 0.000614307
          56	   -0.379566	   -0.384942	 0.000611064
          57	   -0.380042	   -0.384856	 0.000606361
          58	   -0.385038	   -0.384859	 0.000595915
          59	   -0.387338	   -0.384901	 0.000587293
          60	   -0.394466	   -0.385061	 0.000598751
          61	   -0.383064	   -0.385028	 0.000589829
          62	   -0.392931	   -0.385155	 0.000593931
          63	   -0.377448	   -0.385033	  0.00059697
          64	   -0.383806	   -0.385014	  0.00058795
          65	   -0.387634	   -0.385054	 0.000580285
          66	    -0.38721	   -0.385087	 0.000572411
          67	   -0.383761	   -0.385067	  0.00056421
          68	    -0.38519	   -0.385069	 0.000555916
          69	   -0.392885	   -0.385182	  0.00055928
          70	    -0.38795	   -0.385222	 0.000552686
          71	    -0.38432	   -0.385209	 0.000545048
          72	   -0.382192	   -0.385167	 0.000539086
          73	   -0.387235	   -0.385195	 0.000532445
          74	    -0.39502	   -0.385328	 0.000541549
          75	   -0.393062	   -0.385431	 0.000544057
          76	   -0.377988	   -0.385333	 0.000545642
          77	   -0.389183	   -0.385383	 0.000540841
          78	   -0.380444	    -0.38532	 0.000537602
          79	   -0.393644	   -0.385425	 0.000541024
          80	   -0.388825	   -0.385468	 0.000535927
          81	   -0.385021	   -0.385462	 0.000529339
          82	   -0.392328	   -0.385546	 0.000529464
          83	    -0.39013	   -0.385601	 0.000525958
          84	   -0.380821	   -0.385544	 0.000522767
          85	   -0.388876	   -0.385584	 0.000518084
          86	   -0.399853	    -0.38575	 0.000537973
          87	   -0.381528	   -0.385701	 0.000533973
          88	   -0.381118	   -0.385649	 0.000530438
          89	   -0.388806	   -0.385684	 0.000525663
          90	   -0.393451	   -0.385771	 0.000526859
          91	   -0.388074	   -0.385796	 0.000521676
          92	   -0.375366	   -0.385683	 0.000528182
          93	   -0.385799	   -0.385684	 0.000522504
          94	   -0.395387	   -0.385787	 0.000527044
          95	   -0.386671	   -0.385796	 0.000521578
          96	   -0.385648	   -0.385795	 0.000516147
          97	   -0.379869	   -0.385734	 0.000514429
          98	   -0.390466	   -0.385782	 0.000511441
          99	   -0.380205	   -0.385726	 0.000509369
         100	    -0.38409	   -0.385709	 0.000504537
