#     BLOCK:   ACTUAL_TE:    TE_AVE:      ERROR:
           1	   -0.334351	   -0.334351	           0
           2	   -0.338271	   -0.336311	  0.00138593
           3	   -0.336881	   -0.336501	 0.000936868
           4	   -0.337119	   -0.336656	 0.000715282
           5	   -0.339245	   -0.337173	 0.000736186
           6	   -0.341685	   -0.337925	 0.000920591
           7	   -0.334777	   -0.337476	 0.000892218
           8	   -0.335591	    -0.33724	 0.000811187
           9	   -0.330948	   -0.336541	 0.000976919
          10	   -0.336558	   -0.336543	 0.000879228
          11	   -0.333332	   -0.336251	  0.00084636
          12	   -0.336114	   -0.336239	 0.000775906
          13	   -0.332567	   -0.335957	 0.000765916
          14	   -0.340876	   -0.336308	 0.000787689
          15	   -0.332112	   -0.336029	 0.000783281
          16	    -0.33757	   -0.336125	  0.00074023
          17	   -0.333568	   -0.335974	 0.000711803
          18	   -0.340826	   -0.336244	 0.000721478
          19	   -0.332346	   -0.336039	 0.000712083
          20	    -0.33143	   -0.335808	 0.000712785
          21	   -0.335714	   -0.335804	 0.000678857
          22	   -0.343198	    -0.33614	 0.000726457
          23	   -0.340815	   -0.336343	 0.000722751
          24	   -0.333779	   -0.336236	 0.000700488
          25	   -0.338498	   -0.336327	 0.000678283
          26	    -0.33924	   -0.336439	 0.000661384
          27	   -0.338432	   -0.336513	 0.000640994
          28	   -0.324046	   -0.336068	 0.000757114
          29	   -0.334034	   -0.335997	 0.000734246
          30	   -0.340446	   -0.336146	 0.000724587
          31	   -0.327938	   -0.335881	 0.000748019
          32	    -0.33543	   -0.335867	 0.000724776
          33	   -0.327542	   -0.335615	 0.000745428
          34	   -0.333862	   -0.335563	 0.000725283
          35	   -0.331182	   -0.335438	 0.000715278
          36	   -0.335341	   -0.335435	 0.000695415
          37	   -0.331061	   -0.335317	 0.000686596
          38	   -0.339794	   -0.335435	 0.000678559
          39	   -0.338881	   -0.335523	 0.000666888
          40	    -0.33071	   -0.335403	 0.000660984
          41	   -0.344858	   -0.335633	 0.000683914
          42	   -0.338508	   -0.335702	 0.000671046
          43	   -0.333631	   -0.335654	 0.000657166
          44	   -0.337056	   -0.335686	 0.000643003
          45	    -0.32979	   -0.335555	  0.00064192
          46	   -0.332429	   -0.335487	 0.000631552
          47	   -0.337666	   -0.335533	 0.000619814
          48	   -0.340628	   -0.335639	 0.000615923
          49	   -0.327682	   -0.335477	 0.000624392
          50	   -0.333266	   -0.335433	 0.000613468
          51	   -0.347557	    -0.33567	 0.000645861
          52	   -0.338672	   -0.335728	 0.000636015
          53	   -0.328862	   -0.335598	  0.00063707
          54	   -0.342242	   -0.335721	  0.00063704
          55	   -0.337628	   -0.335756	   0.0006264
          56	   -0.326762	   -0.335596	 0.000635473
          57	   -0.334785	   -0.335581	 0.000624483
          58	   -0.331644	   -0.335513	 0.000617395
          59	   -0.344234	   -0.335661	 0.000624374
          60	   -0.338207	   -0.335704	 0.000615408
          61	   -0.347189	   -0.335892	 0.000633467
          62	   -0.342535	   -0.335999	 0.000632247
          63	   -0.337467	   -0.336022	 0.000622641
          64	    -0.33827	   -0.336057	 0.000613901
          65	   -0.338886	   -0.336101	 0.000605996
          66	   -0.333382	    -0.33606	 0.000598213
          67	    -0.34021	   -0.336122	 0.000592483
          68	   -0.338984	   -0.336164	 0.000585264
          69	   -0.349125	   -0.336352	 0.000606176
          70	   -0.340288	   -0.336408	 0.000600119
          71	   -0.332396	   -0.336351	 0.000594321
          72	   -0.339237	   -0.336391	 0.000587416
          73	   -0.340254	   -0.336444	 0.000581748
          74	   -0.339324	   -0.336483	 0.000575186
          75	   -0.338455	    -0.33651	 0.000568118
          76	   -0.342455	   -0.336588	 0.000566003
          77	    -0.34179	   -0.336655	  0.00056267
          78	   -0.337704	   -0.336669	 0.000555616
          79	   -0.347162	   -0.336802	 0.000564235
          80	   -0.336287	   -0.336795	 0.000557219
          81	   -0.340394	    -0.33684	 0.000552108
          82	   -0.347066	   -0.336964	 0.000559281
          83	    -0.34126	   -0.337016	 0.000554933
          84	   -0.335408	   -0.336997	 0.000548656
          85	   -0.333256	   -0.336953	 0.000543964
          86	    -0.33213	   -0.336897	 0.000540522
          87	   -0.336877	   -0.336897	  0.00053431
          88	   -0.340237	   -0.336935	 0.000529584
          89	    -0.34047	   -0.336974	 0.000525121
          90	   -0.343816	    -0.33705	  0.00052476
          91	   -0.339465	   -0.337077	 0.000519664
          92	   -0.333468	   -0.337038	 0.000515494
          93	   -0.338452	   -0.337053	 0.000510175
          94	   -0.334842	   -0.337029	  0.00050529
          95	   -0.328822	   -0.336943	 0.000507303
          96	   -0.333885	   -0.336911	 0.000503018
          97	   -0.334692	   -0.336888	 0.000498352
          98	   -0.340644	   -0.336927	 0.000494739
          99	   -0.332686	   -0.336884	 0.000491592
         100	   -0.342301	   -0.336938	 0.000489652
