#     BLOCK:   ACTUAL_X:     X_AVE:       ERROR:
           1	    0.898056	    0.898056	           0
           2	    0.946474	    0.922265	   0.0171182
           3	    0.944161	    0.929564	   0.0128744
           4	    0.929253	    0.929486	  0.00965602
           5	     1.02532	    0.948652	   0.0188029
           6	    0.933205	    0.946078	   0.0158444
           7	    0.873671	    0.935734	   0.0166178
           8	    0.912193	    0.932791	   0.0147988
           9	    0.976996	    0.937703	   0.0139458
          10	    0.938281	    0.937761	   0.0125513
          11	    0.901719	    0.934484	   0.0118302
          12	    0.937735	    0.934755	   0.0108475
          13	    0.870554	    0.929816	   0.0110803
          14	    0.899791	    0.927672	   0.0104944
          15	    0.986827	    0.931616	   0.0105097
          16	    0.798458	    0.923293	   0.0127284
          17	    0.937831	    0.924148	   0.0120083
          18	    0.806618	    0.917619	   0.0129957
          19	    0.885687	    0.915938	   0.0124199
          20	     0.85192	    0.912737	   0.0122044
          21	    0.956627	    0.914827	   0.0118008
          22	    0.956755	    0.916733	   0.0114173
          23	    0.887711	    0.915471	   0.0109904
          24	    0.913767	      0.9154	   0.0105327
          25	    0.943165	    0.916511	   0.0101698
          26	    0.880835	    0.915139	  0.00987076
          27	    0.926876	    0.915573	  0.00951474
          28	    0.826185	    0.912381	  0.00969572
          29	    0.805173	    0.908684	   0.0100415
          30	    0.899052	    0.908363	  0.00971188
          31	    0.844851	    0.906314	  0.00961226
          32	    0.850956	    0.904584	  0.00946627
          33	    0.881092	    0.903872	  0.00920614
          34	    0.946056	    0.905113	  0.00901859
          35	    0.889285	    0.904661	  0.00877224
          36	    0.934779	    0.905498	  0.00856837
          37	    0.923341	     0.90598	  0.00835036
          38	    0.966297	    0.907567	   0.0082801
          39	    0.936161	      0.9083	  0.00810018
          40	    0.922538	    0.908656	  0.00790549
          41	    0.868723	    0.907682	  0.00777245
          42	    0.905767	    0.907637	  0.00758752
          43	     0.86898	    0.906738	  0.00746413
          44	    0.820562	    0.904779	  0.00754707
          45	    0.867502	    0.903951	  0.00742468
          46	    0.939534	    0.904724	  0.00730346
          47	    0.918683	    0.905021	  0.00715411
          48	    0.872867	    0.904351	  0.00703635
          49	    0.936643	     0.90501	  0.00692355
          50	    0.911936	    0.905149	  0.00678646
          51	    0.929478	    0.905626	  0.00667014
          52	     0.86612	    0.904866	  0.00658499
          53	    0.943968	    0.905604	  0.00650194
          54	    0.868787	    0.904922	  0.00641718
          55	    0.991679	      0.9065	  0.00649148
          56	    0.916016	     0.90667	  0.00637778
          57	    0.921285	    0.906926	  0.00627105
          58	    0.911325	    0.907002	  0.00616338
          59	    0.953221	    0.907785	   0.0061085
          60	     0.96241	    0.908696	  0.00607416
          61	    0.918554	    0.908857	  0.00597673
          62	    0.907341	    0.908833	  0.00588038
          63	    0.943743	    0.909387	  0.00581309
          64	    0.866988	    0.908724	  0.00575989
          65	    0.865253	    0.908056	  0.00570997
          66	    0.800996	    0.906433	  0.00584933
          67	    0.905414	    0.906418	  0.00576204
          68	    0.840257	    0.905445	  0.00575887
          69	    0.851984	    0.904671	  0.00572729
          70	    0.876723	    0.904271	  0.00565937
          71	    0.938056	    0.904747	  0.00559963
          72	    0.955277	    0.905449	  0.00556566
          73	    0.924112	    0.905705	  0.00549529
          74	    0.950072	    0.906304	  0.00545364
          75	    0.948466	    0.906866	  0.00540982
          76	    0.968867	    0.907682	   0.0053998
          77	    0.830811	    0.906684	  0.00542117
          78	    0.942779	    0.907147	  0.00537138
          79	    0.897639	    0.907026	  0.00530474
          80	    0.952032	    0.907589	  0.00526818
          81	    0.884562	    0.907304	   0.0052108
          82	    0.921928	    0.907483	  0.00515031
          83	    0.901173	    0.907407	  0.00508882
          84	    0.982586	    0.908302	  0.00510633
          85	    0.906956	    0.908286	  0.00504628
          86	    0.933494	    0.908579	  0.00499611
          87	    0.807293	    0.907415	  0.00507251
          88	     1.02628	    0.908766	   0.0051916
          89	    0.889735	    0.908552	  0.00513767
          90	    0.866313	    0.908082	  0.00510198
          91	    0.972145	    0.908786	  0.00509425
          92	     0.90204	    0.908713	   0.0050394
          93	    0.945124	    0.909105	   0.0050004
          94	     0.86294	    0.908614	  0.00497126
          95	    0.904932	    0.908575	  0.00491909
          96	    0.849349	    0.907958	  0.00490638
          97	    0.986924	    0.908772	  0.00492287
          98	    0.957558	     0.90927	  0.00489775
          99	    0.928996	    0.909469	  0.00485233
         100	    0.832418	    0.908698	  0.00486459
