#     BLOCK:   ACTUAL_M:     M_AVE:       ERROR:
           1	    0.032852	    0.032852	           0
           2	    0.023404	    0.028128	  0.00334037
           3	    0.026464	   0.0275733	   0.0022725
           4	    0.036788	    0.029877	  0.00262394
           5	    0.026472	    0.029196	  0.00218574
           6	    0.037224	    0.030534	  0.00219307
           7	    0.039272	   0.0317823	  0.00220662
           8	    0.023292	    0.030721	  0.00217106
           9	    0.037464	   0.0314702	  0.00205504
          10	     0.04286	   0.0326092	  0.00214204
          11	    0.036868	   0.0329964	  0.00198199
          12	    0.030288	   0.0327707	  0.00182963
          13	     0.02916	   0.0324929	  0.00170984
          14	    0.033944	   0.0325966	  0.00159085
          15	    0.018248	     0.03164	  0.00174889
          16	    0.038608	   0.0320755	  0.00169294
          17	     0.02422	   0.0316134	  0.00165522
          18	    0.031992	   0.0316344	   0.0015634
          19	    0.023836	    0.031224	  0.00153404
          20	     0.01696	   0.0305108	  0.00161464
          21	    0.026284	   0.0303095	  0.00155025
          22	     0.02682	   0.0301509	  0.00148788
          23	    0.022972	   0.0298388	  0.00145556
          24	    0.029428	   0.0298217	  0.00139501
          25	    0.013688	   0.0291763	  0.00148098
          26	    0.026932	     0.02909	  0.00142653
          27	      0.0281	   0.0290533	  0.00137417
          28	    0.035252	   0.0292747	   0.0013428
          29	     0.03726	   0.0295501	  0.00132443
          30	    0.031268	   0.0296073	  0.00128152
          31	    0.038456	   0.0298928	  0.00127157
          32	    0.033784	   0.0300144	  0.00123764
          33	      0.0179	   0.0296473	  0.00125339
          34	    0.038876	   0.0299187	  0.00124557
          35	    0.024936	   0.0297763	  0.00121809
          36	    0.027484	   0.0297127	  0.00118592
          37	     0.03372	    0.029821	   0.0011588
          38	     0.03128	   0.0298594	  0.00112895
          39	    0.024852	    0.029731	  0.00110728
          40	    0.029844	   0.0297338	   0.0010796
          41	    0.042484	   0.0300448	  0.00109714
          42	    0.037944	   0.0302329	  0.00108702
          43	    0.037012	   0.0303905	  0.00107311
          44	    0.028972	   0.0303583	  0.00104921
          45	    0.031748	   0.0303892	  0.00102635
          46	    0.040636	   0.0306119	  0.00102792
          47	      0.0276	   0.0305478	  0.00100805
          48	     0.03738	   0.0306902	 0.000997046
          49	    0.040956	   0.0308997	 0.000998467
          50	     0.03138	   0.0309093	 0.000978544
          51	      0.0281	   0.0308542	 0.000960906
          52	     0.02902	   0.0308189	 0.000943074
          53	     0.03206	   0.0308423	 0.000925571
          54	    0.029192	   0.0308118	 0.000908935
          55	    0.041536	   0.0310068	 0.000913084
          56	     0.02634	   0.0309234	 0.000900573
          57	    0.037192	   0.0310334	 0.000891463
          58	    0.027868	   0.0309788	 0.000877762
          59	    0.031376	   0.0309856	 0.000862911
          60	    0.029212	    0.030956	 0.000849035
          61	    0.032256	   0.0309773	 0.000835384
          62	    0.027944	   0.0309284	 0.000823341
          63	    0.034308	    0.030982	 0.000812018
          64	    0.031428	    0.030989	  0.00079936
          65	    0.024892	   0.0308952	 0.000792547
          66	    0.037208	   0.0309908	 0.000786289
          67	    0.033628	   0.0310302	 0.000775538
          68	     0.03082	   0.0310271	 0.000764139
          69	    0.030012	   0.0310124	 0.000753206
          70	    0.030644	   0.0310071	 0.000742464
          71	    0.032152	   0.0310233	 0.000732182
          72	    0.029176	   0.0309976	 0.000722462
          73	    0.038456	   0.0310998	 0.000719754
          74	     0.02588	   0.0310292	 0.000713475
          75	    0.029708	   0.0310116	  0.00070418
          76	    0.033688	   0.0310468	 0.000695794
          77	     0.04086	   0.0311743	 0.000698332
          78	    0.021188	   0.0310463	 0.000701017
          79	    0.028816	    0.031018	 0.000692712
          80	    0.017228	   0.0308457	 0.000705174
          81	      0.0287	   0.0308192	 0.000696965
          82	     0.02698	   0.0307723	 0.000690036
          83	    0.034308	   0.0308149	 0.000683036
          84	    0.034176	    0.030855	 0.000676076
          85	     0.02104	   0.0307395	 0.000677911
          86	    0.027668	   0.0307038	 0.000670969
          87	    0.032256	   0.0307216	 0.000663493
          88	    0.029908	   0.0307124	 0.000656018
          89	    0.031684	   0.0307233	 0.000648738
          90	    0.028944	   0.0307035	 0.000641831
          91	    0.044628	   0.0308565	 0.000652763
          92	    0.036892	   0.0309221	 0.000648956
          93	     0.03438	   0.0309593	 0.000643042
          94	    0.036624	   0.0310196	 0.000639019
          95	    0.029344	   0.0310019	 0.000632536
          96	    0.028348	   0.0309743	 0.000626551
          97	    0.033444	   0.0309998	 0.000620609
          98	    0.042024	   0.0311122	 0.000624388
          99	    0.029288	   0.0310938	 0.000618353
         100	    0.025288	   0.0310358	 0.000614889
