#     BLOCK:   ACTUAL_TE:    TE_AVE:      ERROR:
           1	   -0.554821	   -0.554821	           0
           2	   -0.562405	   -0.558613	  0.00268135
           3	   -0.556882	   -0.558036	  0.00184862
           4	   -0.555278	   -0.557346	   0.0015096
           5	   -0.554844	   -0.556846	  0.00128796
           6	   -0.556973	   -0.556867	  0.00107347
           7	   -0.559006	   -0.557172	 0.000962615
           8	   -0.551986	   -0.556524	  0.00103792
           9	   -0.554698	   -0.556321	 0.000942207
          10	   -0.560914	   -0.556781	 0.000953391
          11	   -0.553628	   -0.556494	 0.000908776
          12	   -0.562254	   -0.556974	 0.000951417
          13	    -0.55155	   -0.556557	 0.000965379
          14	   -0.566606	   -0.557275	  0.00113228
          15	   -0.553532	   -0.557025	  0.00108393
          16	   -0.560817	   -0.557262	  0.00104177
          17	   -0.556546	    -0.55722	  0.00098134
          18	   -0.556378	   -0.557173	 0.000927936
          19	   -0.563925	   -0.557529	  0.00094469
          20	   -0.548634	   -0.557084	 0.000996662
          21	   -0.557582	   -0.557108	 0.000949484
          22	   -0.567295	   -0.557571	  0.00101298
          23	    -0.54372	   -0.556968	  0.00113389
          24	   -0.545634	   -0.556496	  0.00118091
          25	   -0.554968	   -0.556435	  0.00113526
          26	   -0.558234	   -0.556504	   0.0010937
          27	   -0.549541	   -0.556246	  0.00108317
          28	   -0.548158	   -0.555957	  0.00108232
          29	   -0.558179	   -0.556034	   0.0010477
          30	   -0.551906	   -0.555896	  0.00102177
          31	   -0.543784	   -0.555506	  0.00106089
          32	   -0.539762	   -0.555014	   0.0011361
          33	   -0.554226	    -0.55499	  0.00110193
          34	   -0.555038	   -0.554991	  0.00106952
          35	    -0.54711	   -0.554766	   0.0010624
          36	   -0.553079	   -0.554719	  0.00103392
          37	   -0.548032	   -0.554538	  0.00102165
          38	   -0.560257	   -0.554689	  0.00100579
          39	    -0.55255	   -0.554634	 0.000981495
          40	   -0.557023	   -0.554694	 0.000958774
          41	   -0.559802	   -0.554818	 0.000943448
          42	   -0.547839	   -0.554652	 0.000935504
          43	   -0.555701	   -0.554677	 0.000914066
          44	   -0.547994	   -0.554525	  0.00090582
          45	     -0.5516	    -0.55446	  0.00088802
          46	   -0.551932	   -0.554405	 0.000870414
          47	   -0.568423	   -0.554703	  0.00090155
          48	   -0.556206	   -0.554734	 0.000883311
          49	   -0.545139	   -0.554539	 0.000886725
          50	   -0.559124	    -0.55463	  0.00087372
          51	   -0.571939	    -0.55497	 0.000920147
          52	    -0.56065	   -0.555079	 0.000908914
          53	   -0.563572	   -0.555239	  0.00090578
          54	     -0.5506	   -0.555153	 0.000893071
          55	   -0.552526	   -0.555105	  0.00087811
          56	   -0.559038	   -0.555176	 0.000865232
          57	   -0.558539	   -0.555235	 0.000852063
          58	   -0.564039	   -0.555387	 0.000850787
          59	   -0.562716	   -0.555511	 0.000845388
          60	   -0.556795	   -0.555532	 0.000831569
          61	   -0.552313	   -0.555479	  0.00081961
          62	   -0.569213	   -0.555701	 0.000835786
          63	   -0.552066	   -0.555643	 0.000824509
          64	   -0.551502	   -0.555578	 0.000814162
          65	   -0.561962	   -0.555677	 0.000807537
          66	   -0.564335	   -0.555808	 0.000805888
          67	   -0.558142	   -0.555843	 0.000794612
          68	   -0.560399	    -0.55591	 0.000785747
          69	   -0.561719	   -0.555994	 0.000778857
          70	   -0.565766	   -0.556134	 0.000780142
          71	   -0.561538	    -0.55621	 0.000772858
          72	   -0.557325	   -0.556225	 0.000762279
          73	    -0.55071	    -0.55615	 0.000755572
          74	    -0.56522	   -0.556272	 0.000755239
          75	    -0.55411	   -0.556243	 0.000745719
          76	   -0.546985	   -0.556121	 0.000745791
          77	   -0.550986	   -0.556055	 0.000739082
          78	   -0.555234	   -0.556044	 0.000729681
          79	   -0.570642	   -0.556229	 0.000743472
          80	   -0.549097	    -0.55614	 0.000739505
          81	    -0.55399	   -0.556113	 0.000730851
          82	   -0.561125	   -0.556174	 0.000724489
          83	   -0.554939	    -0.55616	 0.000715913
          84	   -0.560317	   -0.556209	 0.000709099
          85	    -0.55828	   -0.556233	 0.000701175
          86	   -0.563254	   -0.556315	 0.000697758
          87	    -0.55054	   -0.556249	 0.000692888
          88	    -0.55699	   -0.556257	 0.000685066
          89	   -0.557551	   -0.556272	 0.000677523
          90	   -0.565271	   -0.556372	 0.000677334
          91	   -0.557862	   -0.556388	 0.000670089
          92	   -0.554022	   -0.556362	 0.000663298
          93	   -0.553075	   -0.556327	 0.000657107
          94	   -0.556748	   -0.556331	 0.000650132
          95	   -0.546022	   -0.556223	 0.000652282
          96	   -0.553797	   -0.556198	 0.000645977
          97	   -0.548866	   -0.556122	 0.000643723
          98	   -0.559112	   -0.556153	 0.000637877
          99	   -0.565214	   -0.556244	 0.000637967
         100	   -0.554519	   -0.556227	  0.00063182
