#     BLOCK:   ACTUAL_M:     M_AVE:       ERROR:
           1	    0.216268	    0.216268	           0
           2	    0.214924	    0.215596	 0.000475176
           3	    0.220516	    0.217236	  0.00137602
           4	     0.22836	    0.220017	  0.00262021
           5	    0.226268	    0.221267	  0.00237578
           6	    0.207972	    0.219051	  0.00283044
           7	    0.180012	    0.213474	  0.00570491
           8	    0.254692	    0.218627	  0.00693867
           9	    0.205864	    0.217208	  0.00631095
          10	    0.229444	    0.218432	  0.00579725
          11	    0.184684	    0.215364	  0.00602762
          12	    0.244028	    0.217753	  0.00597992
          13	    0.251892	    0.220379	  0.00606923
          14	    0.208472	    0.219528	  0.00569499
          15	     0.14752	    0.214728	  0.00705419
          16	    0.211692	    0.214538	  0.00661585
          17	    0.233044	    0.215627	  0.00631561
          18	    0.211724	     0.21541	  0.00596846
          19	    0.183632	    0.213737	  0.00588401
          20	    0.248396	     0.21547	  0.00583942
          21	    0.217568	     0.21557	  0.00556221
          22	    0.210396	    0.215335	  0.00531435
          23	    0.247084	    0.216715	  0.00525952
          24	    0.213068	    0.216563	  0.00504257
          25	    0.177052	    0.214983	  0.00508251
          26	    0.198664	    0.214355	  0.00492563
          27	    0.214124	    0.214347	  0.00474321
          28	     0.15034	    0.212061	  0.00509496
          29	    0.189772	    0.211292	  0.00497691
          30	    0.200784	    0.210942	  0.00482332
          31	     0.21962	    0.211222	  0.00467585
          32	    0.244528	    0.212263	  0.00464412
          33	    0.209248	    0.212171	  0.00450429
          34	    0.169216	    0.210908	  0.00454554
          35	     0.24642	    0.211923	  0.00452749
          36	     0.18864	    0.211276	  0.00444768
          37	    0.213744	    0.211342	  0.00432797
          38	    0.248404	    0.212318	  0.00432257
          39	    0.212396	     0.21232	  0.00421174
          40	    0.268624	    0.213727	  0.00433529
          41	    0.247916	    0.214561	    0.004309
          42	    0.206376	    0.214366	  0.00421081
          43	     0.23376	    0.214817	  0.00413696
          44	    0.179852	    0.214023	  0.00411856
          45	    0.194368	    0.213586	  0.00405013
          46	    0.248008	    0.214334	  0.00403062
          47	    0.170496	    0.213402	  0.00405135
          48	    0.249436	    0.214152	   0.0040359
          49	    0.216072	    0.214191	  0.00395372
          50	    0.186016	    0.213628	   0.0039146
          51	      0.2538	    0.214416	  0.00391629
          52	    0.252604	     0.21515	  0.00390923
          53	    0.197828	    0.214823	  0.00384911
          54	    0.213988	    0.214808	  0.00377786
          55	    0.220316	    0.214908	   0.0037105
          56	    0.197704	    0.214601	  0.00365693
          57	    0.221228	    0.214717	  0.00359462
          58	    0.192764	    0.214338	  0.00355252
          59	    0.232736	     0.21465	  0.00350597
          60	    0.241612	      0.2151	  0.00347621
          61	     0.22994	    0.215343	  0.00342773
          62	    0.227656	    0.215541	  0.00337819
          63	    0.194632	     0.21521	  0.00334083
          64	    0.239716	    0.215593	   0.0033105
          65	    0.241828	    0.215996	  0.00328408
          66	    0.222032	    0.216088	   0.0032356
          67	    0.159304	     0.21524	  0.00329643
          68	    0.225572	    0.215392	  0.00325146
          69	    0.195492	    0.215104	   0.0032171
          70	    0.176524	    0.214552	    0.003218
          71	    0.229676	    0.214765	  0.00317972
          72	    0.211252	    0.214717	  0.00313593
          73	     0.22152	     0.21481	  0.00309436
          74	    0.177124	    0.214301	  0.00309417
          75	    0.195828	    0.214054	   0.0030627
          76	     0.18838	    0.213716	  0.00304098
          77	    0.270192	     0.21445	  0.00308867
          78	     0.24468	    0.214837	  0.00307329
          79	     0.24392	    0.215206	  0.00305635
          80	    0.242272	    0.215544	  0.00303682
          81	    0.217436	    0.215567	  0.00299942
          82	    0.226912	    0.215706	  0.00296603
          83	    0.269188	     0.21635	  0.00299947
          84	    0.169884	    0.215797	  0.00301434
          85	    0.228716	    0.215949	   0.0029827
          86	     0.20104	    0.215775	  0.00295305
          87	    0.186688	    0.215441	  0.00293798
          88	    0.218416	    0.215475	  0.00290479
          89	     0.20398	    0.215346	  0.00287502
          90	    0.193188	      0.2151	  0.00285359
          91	    0.204936	    0.214988	  0.00282442
          92	     0.19192	    0.214737	  0.00280483
          93	    0.154644	    0.214091	  0.00284813
          94	    0.217192	    0.214124	  0.00281802
          95	    0.204136	    0.214019	  0.00279032
          96	    0.174128	    0.213603	  0.00279202
          97	    0.219844	    0.213668	  0.00276398
          98	    0.217248	    0.213704	  0.00273601
          99	    0.240392	    0.213974	  0.00272163
         100	    0.247548	     0.21431	  0.00271504
