#     BLOCK:   ACTUAL_M:     M_AVE:       ERROR:
           1	     0.01336	     0.01336	           0
           2	     0.01184	      0.0126	 0.000537401
           3	     -0.0186	      0.0022	  0.00849912
           4	    -0.00968	    -0.00077	  0.00687371
           5	    -0.01464	   -0.003544	   0.0060328
           6	      0.0176	      -2e-05	  0.00596849
           7	     0.00328	 0.000451429	  0.00513444
           8	    -0.01732	    -0.00177	  0.00494991
           9	     0.01004	-0.000457778	  0.00457055
          10	     0.01464	    0.001052	  0.00435572
          11	    -0.02136	-0.000985455	  0.00441061
          12	    -0.00396	 -0.00123333	  0.00405001
          13	     -0.0034	     -0.0014	   0.0037419
          14	    -0.00012	 -0.00130857	  0.00347574
          15	    -0.00732	 -0.00170933	  0.00326705
          16	      -0.005	   -0.001915	  0.00306932
          17	     -0.0014	 -0.00188471	  0.00288892
          18	     0.00744	 -0.00136667	  0.00277449
          19	    -0.01612	 -0.00214316	  0.00273496
          20	    -0.00264	   -0.002168	  0.00259833
          21	    -0.00684	 -0.00239048	   0.0024841
          22	    -0.02128	 -0.00324909	   0.0025152
          23	    -0.00068	 -0.00313739	  0.00240833
          24	    -0.01016	    -0.00343	  0.00232569
          25	    -0.00376	  -0.0034432	   0.0022327
          26	      -0.013	 -0.00381077	  0.00217687
          27	    -0.01048	 -0.00405778	  0.00211021
          28	     -0.0026	 -0.00400571	  0.00203549
          29	     0.00164	 -0.00381103	  0.00197459
          30	       0.014	 -0.00321733	  0.00199603
          31	    -0.01148	 -0.00348387	  0.00194936
          32	      0.0094	 -0.00308125	  0.00192957
          33	    -0.01972	 -0.00358545	  0.00193585
          34	    -0.00564	 -0.00364588	  0.00187986
          35	    -0.02048	 -0.00412686	  0.00188668
          36	     0.00824	 -0.00378333	  0.00186528
          37	     0.00544	 -0.00353405	  0.00183145
          38	     -0.0042	 -0.00355158	  0.00178334
          39	     0.00588	 -0.00330974	  0.00175393
          40	     -0.0188	   -0.003697	  0.00175231
          41	      -0.016	 -0.00399707	  0.00173508
          42	     0.00736	 -0.00372667	  0.00171471
          43	    -0.00304	  -0.0037107	   0.0016749
          44	     -0.0226	    -0.00414	  0.00169096
          45	    -0.00068	 -0.00406311	  0.00165513
          46	    -0.00188	 -0.00401565	  0.00161983
          47	    -0.01624	 -0.00427574	  0.00160611
          48	    -0.00504	 -0.00429167	  0.00157273
          49	    -0.01628	 -0.00453633	  0.00155955
          50	    -0.00144	  -0.0044744	  0.00152958
          51	    -0.00892	 -0.00456157	  0.00150207
          52	      0.0004	 -0.00446615	  0.00147622
          53	    -0.00232	 -0.00442566	  0.00144892
          54	    -0.00828	 -0.00449704	  0.00142384
          55	    -0.01252	 -0.00464291	  0.00140541
          56	    -0.00696	 -0.00468429	  0.00138092
          57	    -0.01088	 -0.00479298	  0.00136096
          58	       0.016	 -0.00443448	  0.00138391
          59	    -0.00656	 -0.00447051	  0.00136092
          60	     -0.0112	 -0.00458267	  0.00134286
          61	     -0.0052	 -0.00459279	  0.00132088
          62	     0.01496	 -0.00427742	  0.00133669
          63	     0.02048	 -0.00388444	  0.00137203
          64	    -0.00624	 -0.00392125	  0.00135108
          65	     0.00364	 -0.00380492	  0.00133529
          66	    -0.00544	  -0.0038297	  0.00131529
          67	     0.00804	 -0.00365254	  0.00130754
          68	      0.0012	 -0.00358118	  0.00129026
          69	    -0.00036	 -0.00353449	   0.0012724
          70	    -0.00552	 -0.00356286	  0.00125454
          71	    -0.00408	 -0.00357014	  0.00123689
          72	    -0.01044	 -0.00366556	  0.00122339
          73	     0.02048	 -0.00333479	  0.00125054
          74	    -0.01252	 -0.00345892	  0.00123979
          75	     0.01364	 -0.00323093	  0.00124404
          76	     0.01692	 -0.00296579	  0.00125561
          77	     0.00156	 -0.00290701	  0.00124068
          78	    -0.00104	 -0.00288308	    0.001225
          79	     0.00664	 -0.00276253	  0.00121541
          80	    -0.01524	  -0.0029185	  0.00121019
          81	    -0.00284	 -0.00291753	  0.00119525
          82	    -0.00492	 -0.00294195	  0.00118092
          83	     0.00992	 -0.00278699	  0.00117682
          84	    -0.00052	    -0.00276	  0.00116312
          85	     0.01904	 -0.00250353	  0.00117737
          86	     -0.0018	 -0.00249535	  0.00116371
          87	     0.00368	 -0.00242437	  0.00115249
          88	      0.0284	 -0.00207409	  0.00119144
          89	     0.00904	 -0.00194921	  0.00118458
          90	     0.00984	 -0.00181822	  0.00117864
          91	     0.01044	 -0.00168352	  0.00117336
          92	     0.00696	 -0.00158957	  0.00116436
          93	    -0.00812	 -0.00165978	  0.00115395
          94	      0.0154	  -0.0014783	  0.00115586
          95	     0.00164	 -0.00144547	  0.00114416
          96	     -0.0126	 -0.00156167	  0.00113813
          97	    -0.00272	 -0.00157361	  0.00112646
          98	    -0.01216	 -0.00168163	  0.00112013
          99	     0.01308	 -0.00153253	  0.00111869
         100	    -0.01672	  -0.0016844	  0.00111777
