#     BLOCK:   ACTUAL_X:     X_AVE:       ERROR:
           1	     8.20838	     8.20838	           0
           2	     8.28132	     8.24485	   0.0257868
           3	     7.79226	     8.09399	    0.124375
           4	      8.2671	     8.13727	     0.10053
           5	     7.30298	     7.97041	    0.169531
           6	     8.49266	     8.05745	    0.162088
           7	     9.14712	     8.21312	    0.200182
           8	     8.86714	     8.29487	    0.191125
           9	     8.26917	     8.29202	     0.16991
          10	     8.43027	     8.30584	     0.15348
          11	     7.69438	     8.25025	    0.149255
          12	     8.62889	     8.28181	    0.140113
          13	     7.86183	      8.2495	    0.133007
          14	      8.2045	     8.24629	    0.123545
          15	     7.99287	     8.22939	    0.116458
          16	      7.9125	     8.20959	    0.110851
          17	     8.29745	     8.21475	    0.104451
          18	     8.64025	     8.23839	    0.101288
          19	     7.19986	     8.18373	    0.109718
          20	     8.22488	     8.18579	    0.104252
          21	      9.3065	     8.23916	    0.112118
          22	     8.24053	     8.23922	    0.107022
          23	     8.49518	     8.25035	    0.102945
          24	     8.35867	     8.25486	   0.0987549
          25	     7.58454	     8.22805	   0.0983773
          26	     7.77261	     8.21053	   0.0961405
          27	     7.83008	     8.19644	   0.0936066
          28	     7.94789	     8.18757	   0.0906835
          29	     8.18969	     8.18764	   0.0875565
          30	      8.2753	     8.19056	   0.0846867
          31	     7.98612	     8.18397	   0.0822112
          32	     9.40422	      8.2221	   0.0880429
          33	      8.4033	     8.22759	    0.085546
          34	      7.5407	     8.20739	   0.0853822
          35	     8.14882	     8.20571	   0.0829591
          36	     8.42539	     8.21182	   0.0808788
          37	      8.1508	     8.21017	   0.0787097
          38	      8.6657	     8.22215	   0.0775458
          39	     8.18566	     8.22122	   0.0755631
          40	     8.15053	     8.21945	   0.0736947
          41	     8.32749	     8.22209	   0.0719444
          42	     8.43315	     8.22711	   0.0704067
          43	     7.90087	     8.21952	   0.0691769
          44	      8.1407	     8.21773	   0.0676279
          45	     8.53153	     8.22471	   0.0664836
          46	     8.16637	     8.22344	   0.0650504
          47	      7.7585	     8.21355	   0.0644141
          48	     7.79154	     8.20475	   0.0636693
          49	     8.00254	     8.20063	   0.0625035
          50	     8.60258	     8.20867	   0.0617683
          51	     8.15091	     8.20753	   0.0605675
          52	     8.50318	     8.21322	    0.059669
          53	     7.81485	      8.2057	   0.0590147
          54	      7.8853	     8.19977	   0.0582193
          55	     8.79122	     8.21052	   0.0581455
          56	     7.72742	      8.2019	   0.0577436
          57	     7.75037	     8.19398	   0.0572713
          58	     7.52654	     8.18247	   0.0574284
          59	     7.76222	     8.17534	    0.056895
          60	     8.36041	     8.17843	   0.0560303
          61	      8.5837	     8.18507	   0.0555043
          62	      7.6819	     8.17696	   0.0551992
          63	     7.52334	     8.16658	   0.0552894
          64	       7.554	     8.15701	   0.0552478
          65	     8.19125	     8.15754	   0.0544004
          66	     8.29131	     8.15956	   0.0536139
          67	     8.69164	     8.16751	   0.0533986
          68	     7.53587	     8.15822	   0.0534151
          69	     8.32618	     8.16065	   0.0526964
          70	     8.37882	     8.16377	   0.0520357
          71	      7.8126	     8.15882	   0.0515373
          72	     7.86154	     8.15469	   0.0509866
          73	     8.66934	     8.16174	   0.0507732
          74	     8.16933	     8.16185	   0.0500872
          75	     7.43233	     8.15212	    0.050355
          76	     8.50915	     8.15682	   0.0499111
          77	     9.16351	     8.16989	   0.0509465
          78	     7.50804	     8.16141	    0.050995
          79	      7.8793	     8.15783	   0.0504744
          80	     7.85443	     8.15404	   0.0499858
          81	     7.85732	     8.15038	   0.0495027
          82	     8.61534	     8.15605	   0.0492227
          83	     8.51066	     8.16032	   0.0488147
          84	     8.23587	     8.16122	   0.0482419
          85	       7.559	     8.15414	   0.0481918
          86	     8.25731	     8.15534	   0.0476463
          87	     8.65502	     8.16108	   0.0474436
          88	     7.93446	      8.1585	   0.0469743
          89	     8.29862	     8.16008	   0.0464729
          90	     8.09156	     8.15932	   0.0459627
          91	     7.89555	     8.15642	    0.045549
          92	     8.54106	      8.1606	   0.0452453
          93	     8.50614	     8.16431	   0.0449111
          94	     8.02585	     8.16284	   0.0444575
          95	     8.16494	     8.16286	   0.0439895
          96	      8.0121	     8.16129	   0.0435593
          97	     7.60238	     8.15553	   0.0434897
          98	     9.01452	      8.1643	   0.0439203
          99	     8.61993	      8.1689	   0.0437171
         100	     8.05034	     8.16771	   0.0432961
