#     BLOCK:   ACTUAL_CV:    CV_AVE:      ERROR:
               1	        0.115936	        0.115936	               0
               2	        0.114576	        0.115256	     0.000480858
               3	        0.112108	        0.114207	     0.000914831
               4	        0.114506	        0.114282	     0.000689173
               5	        0.116411	        0.114707	     0.000670077
               6	         0.11217	        0.114285	     0.000678838
               7	        0.115471	        0.114454	     0.000602649
               8	        0.113544	         0.11434	     0.000537936
               9	        0.112305	        0.114114	     0.000523568
              10	        0.115204	        0.114223	     0.000482425
              11	        0.111014	        0.113931	     0.000519324
              12	        0.116411	        0.114138	      0.00051553
              13	        0.113065	        0.114056	     0.000482431
              14	        0.111918	        0.113903	     0.000471507
              15	        0.115944	        0.114039	     0.000459296
              16	        0.112851	        0.113965	     0.000436555
              17	         0.11383	        0.113957	     0.000410948
              18	        0.116476	        0.114097	     0.000411254
              19	        0.117388	         0.11427	     0.000424528
              20	         0.11541	        0.114327	     0.000407111
              21	        0.115619	        0.114389	     0.000392349
              22	         0.11288	         0.11432	     0.000380457
              23	        0.115071	        0.114353	     0.000365314
              24	        0.110967	        0.114212	     0.000376342
              25	         0.11534	        0.114257	     0.000363986
              26	        0.115331	        0.114298	     0.000352322
              27	        0.113549	         0.11427	     0.000340363
              28	        0.114044	        0.114262	     0.000328303
              29	         0.11312	        0.114223	     0.000319335
              30	        0.117022	        0.114316	     0.000322034
              31	        0.113483	        0.114289	     0.000312765
              32	        0.115452	        0.114326	     0.000305094
              33	        0.115592	        0.114364	     0.000298255
              34	        0.116756	        0.114434	     0.000297665
              35	        0.115545	        0.114466	     0.000290848
              36	        0.114606	         0.11447	     0.000282795
              37	        0.114757	        0.114478	     0.000275258
              38	        0.115992	        0.114518	     0.000270883
              39	        0.111711	        0.114446	     0.000273325
              40	        0.112597	        0.114399	     0.000270369
              41	        0.115023	        0.114415	     0.000264203
              42	        0.115183	        0.114433	     0.000258544
              43	        0.114396	        0.114432	     0.000252533
              44	        0.114892	        0.114442	     0.000247009
              45	        0.113266	        0.114416	     0.000242899
              46	        0.112397	        0.114372	     0.000241552
              47	          0.1159	        0.114405	     0.000238589
              48	        0.111476	        0.114344	     0.000241295
              49	        0.112369	        0.114304	     0.000239714
              50	        0.113077	        0.114279	     0.000236171
              51	        0.113367	        0.114261	     0.000232216
              52	        0.114388	        0.114264	     0.000227763
              53	        0.114605	         0.11427	     0.000223557
              54	        0.111996	        0.114228	     0.000223349
              55	        0.112724	        0.114201	     0.000220956
              56	        0.116962	         0.11425	     0.000222445
              57	        0.111316	        0.114198	     0.000224419
              58	        0.113698	         0.11419	     0.000220716
              59	        0.115701	        0.114215	     0.000218456
              60	        0.115998	        0.114245	     0.000216826
              61	         0.11518	         0.11426	     0.000213811
              62	        0.113777	        0.114253	     0.000210505
              63	        0.114282	        0.114253	     0.000207164
              64	         0.11446	        0.114256	     0.000203952
              65	        0.112118	        0.114223	     0.000203452
              66	        0.113316	         0.11421	     0.000200833
              67	        0.116347	        0.114242	     0.000200352
              68	        0.113492	        0.114231	     0.000197709
              69	        0.113759	        0.114224	     0.000194962
              70	        0.114308	        0.114225	      0.00019218
              71	        0.112438	          0.1142	     0.000191115
              72	        0.116134	        0.114227	      0.00019034
              73	        0.111113	        0.114184	     0.000192452
              74	        0.115777	        0.114206	     0.000191051
              75	        0.114598	        0.114211	     0.000188576
              76	        0.111592	        0.114176	     0.000189217
              77	        0.114764	        0.114184	     0.000186914
              78	        0.114705	        0.114191	     0.000184637
              79	        0.113565	        0.114183	     0.000182469
              80	        0.117054	        0.114219	     0.000183685
              81	        0.119015	        0.114278	     0.000190722
              82	        0.115687	        0.114295	     0.000189169
              83	        0.115324	        0.114307	     0.000187295
              84	        0.116992	        0.114339	     0.000187772
              85	         0.11315	        0.114325	     0.000186084
              86	         0.11375	        0.114319	      0.00018404
              87	        0.114598	        0.114322	     0.000181953
              88	        0.113063	        0.114308	     0.000180447
              89	        0.113249	        0.114296	     0.000178811
              90	        0.112986	        0.114281	     0.000177415
              91	        0.112938	        0.114266	     0.000176078
              92	          0.1136	        0.114259	     0.000174313
              93	        0.112454	         0.11424	     0.000173516
              94	        0.113665	        0.114234	     0.000171778
              95	        0.117118	        0.114264	     0.000172631
              96	        0.113881	         0.11426	     0.000170879
              97	        0.113927	        0.114257	     0.000169152
              98	        0.116056	        0.114275	     0.000168419
              99	        0.115371	        0.114286	     0.000167082
             100	        0.114852	        0.114292	     0.000165507
             101	        0.113394	        0.114283	     0.000164107
             102	        0.114268	        0.114283	     0.000162498
             103	         0.11282	        0.114268	     0.000161539
             104	        0.115047	        0.114276	      0.00016016
             105	        0.116487	        0.114297	     0.000160013
             106	        0.113894	        0.114293	     0.000158549
             107	        0.111188	        0.114264	       0.0001597
             108	        0.113597	        0.114258	     0.000158341
             109	        0.117388	        0.114287	     0.000159472
             110	        0.112155	        0.114267	     0.000159195
             111	        0.116241	        0.114285	     0.000158751
             112	        0.114112	        0.114284	     0.000157341
             113	        0.111676	         0.11426	     0.000157632
             114	        0.113351	        0.114252	     0.000156451
             115	        0.114351	        0.114253	     0.000155093
             116	        0.115553	        0.114265	      0.00015416
             117	          0.1137	         0.11426	     0.000152918
             118	        0.115109	        0.114267	     0.000151791
             119	         0.11223	         0.11425	     0.000151478
             120	        0.113398	        0.114243	     0.000150382
             121	        0.110451	        0.114211	      0.00015237
             122	        0.118002	        0.114242	     0.000154256
             123	        0.114359	        0.114243	     0.000153005
             124	        0.114324	        0.114244	     0.000151772
             125	         0.11614	        0.114259	     0.000151314
             126	        0.112879	        0.114248	     0.000150509
             127	        0.116529	        0.114266	     0.000150392
             128	        0.115091	        0.114273	     0.000149355
             129	        0.112902	        0.114262	     0.000148575
             130	        0.115317	         0.11427	     0.000147653
             131	        0.113365	        0.114263	     0.000146688
             132	        0.113076	        0.114254	     0.000145852
             133	        0.113659	         0.11425	     0.000144824
             134	        0.113398	        0.114243	     0.000143883
             135	        0.112649	        0.114232	     0.000143301
             136	        0.116285	        0.114247	      0.00014304
             137	        0.116556	        0.114264	     0.000142986
             138	        0.117757	        0.114289	     0.000144173
             139	        0.116155	        0.114302	      0.00014376
             140	        0.115745	        0.114313	     0.000143102
             141	        0.116646	        0.114329	      0.00014304
             142	         0.11352	        0.114323	     0.000142146
             143	        0.115719	        0.114333	     0.000141487
             144	        0.115648	        0.114342	     0.000140798
             145	        0.114972	        0.114347	     0.000139894
             146	        0.111803	        0.114329	     0.000140017
             147	        0.113732	        0.114325	     0.000139123
             148	         0.11354	         0.11432	     0.000138285
             149	        0.113591	        0.114315	     0.000137443
             150	        0.115156	        0.114321	     0.000136641
             151	        0.117901	        0.114344	     0.000137778
             152	        0.116123	        0.114356	     0.000137368
             153	        0.113422	         0.11435	     0.000136605
             154	        0.113378	        0.114344	     0.000135864
             155	        0.112261	         0.11433	      0.00013565
             156	        0.115526	        0.114338	     0.000134997
             157	        0.116411	        0.114351	     0.000134781
             158	        0.111393	        0.114332	     0.000135222
             159	        0.113676	        0.114328	     0.000134435
             160	        0.114952	        0.114332	     0.000133651
             161	         0.11503	        0.114336	     0.000132891
             162	        0.114799	        0.114339	     0.000132102
             163	        0.113779	        0.114336	     0.000131336
             164	        0.115384	        0.114342	     0.000130691
             165	        0.114371	        0.114342	     0.000129899
             166	        0.113261	        0.114336	     0.000129279
             167	        0.113891	        0.114333	     0.000128532
             168	        0.111386	        0.114316	     0.000128959
             169	        0.114118	        0.114314	     0.000128202
             170	         0.11401	        0.114313	      0.00012746
             171	        0.112218	          0.1143	     0.000127302
             172	        0.113426	        0.114295	     0.000126663
             173	        0.114104	        0.114294	     0.000125936
             174	         0.11577	        0.114303	     0.000125497
             175	         0.11308	        0.114296	     0.000124974
             176	        0.113333	         0.11429	     0.000124384
             177	         0.11403	        0.114289	      0.00012369
             178	        0.114115	        0.114288	     0.000122999
             179	        0.113847	        0.114285	     0.000122336
             180	        0.112192	        0.114274	     0.000122208
             181	         0.11228	        0.114263	     0.000122028
             182	        0.114888	        0.114266	     0.000121406
             183	        0.111132	        0.114249	     0.000121944
             184	         0.11496	        0.114253	     0.000121343
             185	        0.114257	        0.114253	     0.000120687
             186	        0.111577	        0.114239	     0.000120893
             187	        0.117057	        0.114254	     0.000121182
             188	        0.111347	        0.114238	      0.00012152
             189	        0.113983	        0.114237	     0.000120884
             190	        0.114105	        0.114236	      0.00012025
             191	        0.115864	        0.114245	     0.000119922
             192	        0.112404	        0.114235	      0.00011968
             193	        0.115889	        0.114244	     0.000119367
             194	        0.115225	        0.114249	     0.000118858
             195	        0.112572	         0.11424	     0.000118559
             196	        0.116612	        0.114252	     0.000118571
             197	        0.111355	        0.114237	     0.000118878
             198	        0.112164	        0.114227	     0.000118737
             199	        0.115975	        0.114236	     0.000118465
             200	         0.11892	        0.114259	     0.000120166
             201	        0.114095	        0.114258	     0.000119571
             202	        0.111244	        0.114243	     0.000119906
             203	        0.115344	        0.114249	     0.000119438
             204	        0.112025	        0.114238	     0.000119349
             205	        0.113701	        0.114235	     0.000118795
             206	        0.114684	        0.114238	     0.000118239
             207	        0.113695	        0.114235	     0.000117697
             208	        0.115521	        0.114241	     0.000117293
             209	        0.115134	        0.114245	      0.00011681
             210	        0.113206	         0.11424	     0.000116358
             211	        0.112438	        0.114232	      0.00011612
             212	        0.115376	        0.114237	     0.000115698
             213	        0.113434	        0.114234	     0.000115216
             214	        0.113075	        0.114228	     0.000114805
             215	        0.113283	        0.114224	     0.000114355
             216	        0.113259	        0.114219	     0.000113913
             217	        0.115271	        0.114224	     0.000113491
             218	        0.116176	        0.114233	     0.000113323
             219	        0.112271	        0.114224	     0.000113159
             220	        0.115005	        0.114228	       0.0001127
             221	        0.116311	        0.114237	     0.000112584
             222	        0.112653	         0.11423	     0.000112302
             223	        0.114073	        0.114229	     0.000111801
             224	        0.114243	        0.114229	     0.000111302
             225	        0.116009	        0.114237	     0.000111088
             226	        0.114204	        0.114237	     0.000110596
             227	         0.11205	        0.114227	     0.000110528
             228	        0.115289	        0.114232	     0.000110141
             229	        0.114365	        0.114233	     0.000109662
             230	        0.112663	        0.114226	     0.000109397
             231	        0.113514	        0.114223	     0.000108967
             232	         0.11323	        0.114218	     0.000108582
             233	        0.109454	        0.114198	     0.000110024
             234	        0.116539	        0.114208	     0.000110008
             235	        0.115084	        0.114212	     0.000109603
             236	        0.116112	         0.11422	     0.000109434
             237	        0.114894	        0.114223	     0.000109009
             238	        0.113527	         0.11422	     0.000108591
             239	        0.110405	        0.114204	     0.000109303
             240	        0.112654	        0.114197	     0.000109038
             241	        0.112505	         0.11419	     0.000108811
             242	        0.112813	        0.114185	      0.00010851
             243	         0.11564	        0.114191	     0.000108229
             244	        0.114276	        0.114191	     0.000107786
             245	        0.113972	         0.11419	      0.00010735
             246	        0.115871	        0.114197	     0.000107131
             247	        0.116189	        0.114205	        0.000107
             248	        0.112608	        0.114198	     0.000106762
             249	        0.117454	        0.114212	     0.000107131
             250	        0.115713	        0.114218	     0.000106871
             251	        0.113709	        0.114216	     0.000106464
             252	        0.113746	        0.114214	     0.000106058
             253	        0.111224	        0.114202	     0.000106295
             254	        0.113739	          0.1142	     0.000105892
             255	        0.114223	          0.1142	     0.000105477
             256	        0.111378	        0.114189	      0.00010564
             257	        0.114197	        0.114189	     0.000105229
             258	        0.114732	        0.114191	     0.000104842
             259	        0.113535	        0.114189	     0.000104468
             260	         0.11303	        0.114184	     0.000104161
             261	          0.1146	        0.114186	     0.000103774
             262	        0.115239	         0.11419	     0.000103456
             263	        0.115644	        0.114195	      0.00010321
             264	        0.113617	        0.114193	     0.000102842
             265	        0.115202	        0.114197	     0.000102525
             266	        0.115362	        0.114201	     0.000102233
             267	         0.11285	        0.114196	     0.000101975
             268	        0.115078	          0.1142	     0.000101647
             269	         0.11516	        0.114203	     0.000101332
             270	        0.113549	        0.114201	     0.000100986
             271	        0.117019	        0.114211	     0.000101147
             272	         0.11211	        0.114203	      0.00010107
             273	        0.114722	        0.114205	     0.000100717
             274	        0.113101	        0.114201	      0.00010043
             275	        0.112868	        0.114196	     0.000100182
             276	        0.111779	        0.114188	     0.000100201
             277	         0.11415	        0.114188	     9.98398e-05
             278	        0.114282	        0.114188	     9.94813e-05
             279	        0.115354	        0.114192	     9.92125e-05
             280	        0.111613	        0.114183	     9.92847e-05
             281	         0.11049	         0.11417	     9.97971e-05
             282	        0.114968	        0.114173	     9.94834e-05
             283	        0.113666	        0.114171	      9.9148e-05
             284	        0.114346	        0.114171	     9.88008e-05
             285	         0.10989	        0.114156	     9.95897e-05
             286	        0.114254	        0.114157	     9.92421e-05
             287	        0.114425	        0.114158	     9.89007e-05
             288	        0.111037	        0.114147	     9.91491e-05
             289	        0.112305	         0.11414	     9.90106e-05
             290	        0.117105	        0.114151	     9.91955e-05
             291	        0.114311	        0.114151	     9.88562e-05
             292	        0.112744	        0.114146	     9.86351e-05
             293	        0.113397	        0.114144	     9.83316e-05
             294	        0.114758	        0.114146	     9.80194e-05
             295	        0.113016	        0.114142	     9.77619e-05
             296	        0.113055	        0.114138	     9.75006e-05
             297	        0.112883	        0.114134	     9.72639e-05
             298	        0.112599	        0.114129	     9.70739e-05
             299	        0.116352	        0.114136	     9.70335e-05
             300	        0.114213	        0.114137	     9.67104e-05
             301	        0.113186	        0.114134	     9.64406e-05
             302	        0.115328	        0.114138	     9.62023e-05
             303	        0.113449	        0.114135	     9.59117e-05
             304	        0.115991	        0.114141	     9.57903e-05
             305	        0.112093	        0.114135	     9.57113e-05
             306	         0.11432	        0.114135	     9.54005e-05
             307	        0.114735	        0.114137	     9.51098e-05
             308	        0.113896	        0.114136	     9.48042e-05
             309	        0.112231	         0.11413	     9.46976e-05
             310	        0.116309	        0.114137	     9.46527e-05
             311	        0.115269	        0.114141	     9.44182e-05
             312	        0.114461	        0.114142	     9.41212e-05
             313	        0.116638	         0.11415	     9.41578e-05
             314	        0.111192	         0.11414	     9.43278e-05
             315	        0.113706	        0.114139	     9.40385e-05
             316	        0.115439	        0.114143	     9.38309e-05
             317	         0.11498	        0.114146	      9.3572e-05
             318	        0.111569	        0.114138	     9.36278e-05
             319	        0.112316	        0.114132	     9.35083e-05
             320	        0.111169	        0.114123	     9.36733e-05
             321	        0.117088	        0.114132	     9.38358e-05
             322	        0.113811	        0.114131	     9.35497e-05
             323	        0.113081	        0.114128	     9.33165e-05
             324	        0.117985	         0.11414	     9.37847e-05
             325	        0.114547	        0.114141	     9.35045e-05
             326	        0.112476	        0.114136	     9.33571e-05
             327	        0.114359	        0.114137	     9.30741e-05
             328	        0.116346	        0.114143	     9.30337e-05
             329	        0.114322	        0.114144	     9.27526e-05
             330	        0.119142	        0.114159	     9.36997e-05
             331	        0.111077	         0.11415	     9.38781e-05
             332	        0.114007	        0.114149	     9.35963e-05
             333	        0.115247	        0.114152	     9.33733e-05
             334	        0.113718	        0.114151	     9.31028e-05
             335	        0.113226	        0.114148	     9.28658e-05
             336	        0.114214	        0.114149	     9.25896e-05
             337	        0.114587	         0.11415	      9.2324e-05
             338	        0.112858	        0.114146	       9.213e-05
             339	         0.11394	        0.114145	     9.18602e-05
             340	        0.114583	        0.114147	      9.1599e-05
             341	         0.11249	        0.114142	     9.14592e-05
             342	         0.11122	        0.114133	     9.15899e-05
             343	         0.11051	        0.114123	     9.19301e-05
             344	        0.113936	        0.114122	     9.16645e-05
             345	        0.110012	         0.11411	     9.21697e-05
             346	         0.11415	         0.11411	     9.19033e-05
             347	        0.113297	        0.114108	     9.16684e-05
             348	        0.114308	        0.114109	     9.14068e-05
             349	        0.116936	        0.114117	     9.15031e-05
             350	        0.114733	        0.114119	     9.12586e-05
             351	        0.113538	        0.114117	     9.10135e-05
             352	        0.115618	        0.114121	     9.08548e-05
             353	         0.11731	         0.11413	     9.10452e-05
             354	        0.116888	        0.114138	     9.11207e-05
             355	        0.114921	         0.11414	     9.08907e-05
             356	        0.114095	         0.11414	     9.06355e-05
             357	        0.115002	        0.114142	     9.04137e-05
             358	        0.114934	        0.114145	     9.01882e-05
             359	        0.113384	        0.114143	     8.99618e-05
             360	        0.111386	        0.114135	     9.00373e-05
             361	        0.114816	        0.114137	     8.98076e-05
             362	        0.113874	        0.114136	     8.95625e-05
             363	        0.114719	        0.114138	     8.93301e-05
             364	        0.116457	        0.114144	     8.93118e-05
             365	        0.114345	        0.114145	     8.90688e-05
             366	        0.110092	        0.114134	     8.95112e-05
             367	        0.115525	        0.114137	     8.93475e-05
             368	        0.115018	         0.11414	     8.91368e-05
             369	        0.112563	        0.114135	     8.89976e-05
             370	        0.115351	        0.114139	     8.88177e-05
             371	        0.113839	        0.114138	      8.8582e-05
             372	        0.112267	        0.114133	     8.84865e-05
             373	        0.113448	        0.114131	     8.82683e-05
             374	        0.114585	        0.114132	     8.80406e-05
             375	        0.114101	        0.114132	     8.78059e-05
             376	         0.11499	        0.114134	     8.76019e-05
             377	        0.117539	        0.114144	     8.78339e-05
             378	        0.116002	        0.114148	      8.7739e-05
             379	        0.115935	        0.114153	     8.76341e-05
             380	        0.112072	        0.114148	     8.75745e-05
             381	        0.118103	        0.114158	     8.79577e-05
             382	        0.117784	        0.114168	     8.82383e-05
             383	        0.114848	        0.114169	     8.80258e-05
             384	        0.114763	        0.114171	     8.78101e-05
             385	        0.114047	        0.114171	     8.75826e-05
             386	        0.116253	        0.114176	     8.75217e-05
             387	        0.114857	        0.114178	     8.73133e-05
             388	        0.114333	        0.114178	     8.70892e-05
             389	        0.114626	        0.114179	     8.68729e-05
             390	        0.115407	        0.114182	     8.67071e-05
             391	        0.113388	         0.11418	     8.65092e-05
             392	         0.11588	        0.114185	     8.63971e-05
             393	        0.112635	        0.114181	     8.62671e-05
             394	        0.113337	        0.114179	     8.60747e-05
             395	        0.113782	        0.114178	     8.58627e-05
             396	        0.114602	        0.114179	     8.56525e-05
             397	        0.116692	        0.114185	     8.56705e-05
             398	        0.116097	         0.11419	     8.55899e-05
             399	        0.113766	        0.114189	     8.53819e-05
             400	        0.112455	        0.114184	     8.52785e-05
             401	        0.115782	        0.114188	     8.51588e-05
             402	        0.112484	        0.114184	     8.50524e-05
             403	        0.115241	        0.114187	     8.48817e-05
             404	        0.114427	        0.114187	     8.46737e-05
             405	        0.113971	        0.114187	     8.44663e-05
             406	         0.11275	        0.114183	     8.43324e-05
             407	        0.114632	        0.114184	     8.41324e-05
             408	        0.110282	        0.114175	     8.44681e-05
             409	        0.115937	        0.114179	     8.43714e-05
             410	        0.111385	        0.114172	     8.44404e-05
             411	        0.118697	        0.114183	     8.49494e-05
             412	        0.112179	        0.114178	     8.48824e-05
             413	        0.112335	        0.114174	     8.47942e-05
             414	        0.113438	        0.114172	      8.4608e-05
             415	        0.112068	        0.114167	     8.45559e-05
             416	        0.114252	        0.114167	     8.43529e-05
             417	        0.113003	        0.114165	     8.41968e-05
             418	        0.113055	        0.114162	     8.40372e-05
             419	         0.11661	        0.114168	     8.40396e-05
             420	        0.112445	        0.114164	     8.39395e-05
             421	         0.11283	        0.114161	     8.37998e-05
             422	        0.116129	        0.114165	      8.3731e-05
             423	        0.117037	        0.114172	     8.38078e-05
             424	        0.113956	        0.114171	     8.36117e-05
             425	        0.117965	         0.11418	       8.389e-05
             426	        0.114202	         0.11418	     8.36931e-05
             427	        0.111715	        0.114175	     8.36961e-05
             428	        0.111471	        0.114168	     8.37386e-05
             429	        0.113115	        0.114166	     8.35794e-05
             430	         0.11606	         0.11417	      8.3501e-05
             431	        0.113135	        0.114168	     8.33417e-05
             432	        0.112364	        0.114164	     8.32533e-05
             433	        0.115631	        0.114167	       8.313e-05
             434	        0.115037	        0.114169	     8.29626e-05
             435	        0.113048	        0.114167	     8.28119e-05
             436	        0.113394	        0.114165	     8.26409e-05
             437	         0.11293	        0.114162	     8.25001e-05
             438	        0.115335	        0.114165	     8.23552e-05
             439	        0.116183	        0.114169	     8.22959e-05
             440	         0.11219	        0.114165	     8.22318e-05
             441	        0.108941	        0.114153	     8.28939e-05
             442	        0.115665	        0.114156	     8.27769e-05
             443	        0.114593	        0.114157	     8.25959e-05
             444	        0.116018	        0.114161	     8.25161e-05
             445	        0.112269	        0.114157	     8.24402e-05
             446	        0.115192	         0.11416	      8.2288e-05
             447	        0.113472	        0.114158	     8.21183e-05
             448	         0.11372	        0.114157	     8.19408e-05
             449	        0.115505	         0.11416	     8.18133e-05
             450	        0.114187	         0.11416	     8.16315e-05
             451	        0.116321	        0.114165	      8.1591e-05
             452	        0.115726	        0.114168	     8.14836e-05
             453	        0.113308	        0.114166	     8.13259e-05
             454	        0.117375	        0.114173	     8.14533e-05
             455	        0.114807	        0.114175	     8.12861e-05
             456	        0.115195	        0.114177	     8.11387e-05
             457	        0.113976	        0.114177	     8.09623e-05
             458	        0.117474	        0.114184	      8.1105e-05
             459	        0.115438	        0.114187	     8.09743e-05
             460	        0.115285	        0.114189	     8.08335e-05
             461	        0.116066	        0.114193	     8.07606e-05
             462	        0.113789	        0.114192	     8.05905e-05
             463	        0.113562	        0.114191	     8.04279e-05
             464	        0.114157	        0.114191	     8.02546e-05
             465	        0.114779	        0.114192	      8.0092e-05
             466	         0.11721	        0.114198	     8.01816e-05
             467	        0.113994	        0.114198	     8.00111e-05
             468	        0.116622	        0.114203	     8.00077e-05
             469	        0.112025	        0.114199	     7.99718e-05
             470	        0.113923	        0.114198	     7.98038e-05
             471	         0.11715	        0.114204	       7.988e-05
             472	        0.116599	        0.114209	     7.98717e-05
             473	        0.113712	        0.114208	     7.97097e-05
             474	        0.110106	          0.1142	       8.001e-05
             475	        0.113842	        0.114199	     7.98451e-05
             476	        0.113176	        0.114197	     7.97063e-05
             477	        0.117124	        0.114203	     7.97751e-05
             478	        0.116887	        0.114208	     7.98056e-05
             479	         0.11575	        0.114212	     7.97038e-05
             480	        0.114642	        0.114213	     7.95428e-05
             481	        0.113324	        0.114211	     7.93989e-05
             482	        0.113056	        0.114208	     7.92703e-05
             483	        0.112708	        0.114205	     7.91671e-05
             484	        0.112223	        0.114201	     7.91094e-05
             485	        0.111866	        0.114196	     7.90926e-05
             486	        0.110945	         0.11419	     7.92123e-05
             487	        0.113421	        0.114188	     7.90653e-05
             488	        0.113619	        0.114187	     7.89119e-05
             489	         0.11332	        0.114185	     7.87704e-05
             490	        0.113641	        0.114184	     7.86175e-05
             491	        0.113408	        0.114182	     7.84733e-05
             492	        0.111692	        0.114177	     7.84769e-05
             493	        0.112312	        0.114174	     7.84089e-05
             494	        0.113641	        0.114173	     7.82575e-05
             495	        0.116231	        0.114177	     7.82099e-05
             496	        0.117008	        0.114182	     7.82603e-05
             497	        0.113201	         0.11418	     7.81278e-05
             498	        0.114674	        0.114181	     7.79772e-05
             499	        0.114566	        0.114182	     7.78247e-05
             500	        0.115341	        0.114184	     7.77035e-05
