#     BLOCK:   ACTUAL_CV:    CV_AVE:      ERROR:
           1	    0.106489	    0.106489	           0
           2	    0.103854	    0.105172	 0.000931615
           3	   0.0991348	    0.103159	  0.00175647
           4	    0.103407	    0.103221	  0.00131845
           5	   0.0955468	    0.101686	  0.00173126
           6	    0.107179	    0.102602	   0.0016673
           7	   0.0988729	    0.102069	  0.00151182
           8	    0.109658	    0.103018	  0.00159291
           9	     0.10608	    0.103358	   0.0014518
          10	   0.0931231	    0.102335	   0.0016279
          11	    0.103197	    0.102413	   0.0014818
          12	    0.104602	    0.102595	   0.0013695
          13	    0.105601	    0.102827	  0.00128352
          14	   0.0945121	    0.102233	  0.00132211
          15	    0.105062	    0.102421	  0.00124736
          16	    0.100419	    0.102296	  0.00117566
          17	   0.0973808	    0.102007	   0.0011415
          18	    0.102845	    0.102054	  0.00107904
          19	    0.112757	    0.102617	  0.00116002
          20	    0.106967	    0.102834	  0.00112222
          21	    0.103413	    0.102862	  0.00106912
          22	    0.104196	    0.102923	  0.00102225
          23	   0.0936278	    0.102519	  0.00105466
          24	    0.104591	    0.102605	  0.00101425
          25	    0.103011	    0.102621	 0.000973807
          26	     0.09866	    0.102469	 0.000948196
          27	     0.10252	    0.102471	 0.000913079
          28	    0.105659	    0.102585	 0.000887539
          29	    0.106195	    0.102709	 0.000865622
          30	    0.100562	    0.102637	 0.000839721
          31	    0.104566	      0.1027	 0.000814934
          32	    0.098147	    0.102557	  0.00080179
          33	    0.100989	     0.10251	 0.000778901
          34	    0.104608	    0.102572	 0.000758434
          35	    0.108513	    0.102741	 0.000755522
          36	    0.103283	    0.102756	 0.000734685
          37	    0.102777	    0.102757	 0.000714829
          38	    0.108975	    0.102921	 0.000714499
          39	   0.0932496	    0.102673	 0.000737956
          40	     0.10106	    0.102632	 0.000720607
          41	   0.0937496	    0.102416	 0.000734878
          42	    0.116829	    0.102759	 0.000793477
          43	    0.102765	    0.102759	 0.000775024
          44	   0.0955413	    0.102595	 0.000774575
          45	    0.102509	    0.102593	 0.000757365
          46	    0.101079	     0.10256	 0.000741615
          47	   0.0929526	    0.102356	 0.000753481
          48	    0.102473	    0.102358	 0.000737788
          49	    0.103396	    0.102379	 0.000723035
          50	     0.10392	     0.10241	  0.00070923
          51	   0.0940814	    0.102247	 0.000713877
          52	    0.102223	    0.102246	 0.000700149
          53	     0.10517	    0.102302	 0.000689109
          54	    0.101264	    0.102282	 0.000676616
          55	    0.103307	    0.102301	  0.00066457
          56	     0.10529	    0.102354	 0.000654843
          57	    0.104236	    0.102387	 0.000644186
          58	    0.101276	    0.102368	 0.000633365
          59	    0.099212	    0.102315	 0.000624885
          60	    0.098821	    0.102256	 0.000617177
          61	   0.0964567	    0.102161	 0.000614339
          62	    0.105916	    0.102222	 0.000607407
          63	   0.0962307	    0.102127	 0.000605165
          64	   0.0992408	    0.102082	 0.000597387
          65	   0.0996291	    0.102044	 0.000589387
          66	   0.0880832	    0.101832	 0.000617249
          67	    0.102158	    0.101837	 0.000608055
          68	    0.100216	    0.101813	  0.00059958
          69	    0.104024	    0.101846	 0.000591746
          70	    0.100744	     0.10183	 0.000583501
          71	   0.0995062	    0.101797	   0.0005762
          72	   0.0988762	    0.101756	 0.000569624
          73	     0.10248	    0.101766	 0.000561907
          74	    0.104894	    0.101809	 0.000555901
          75	    0.102846	    0.101822	 0.000548661
          76	    0.101724	    0.101821	 0.000541443
          77	   0.0993933	     0.10179	 0.000535328
          78	    0.106096	    0.101845	 0.000531305
          79	    0.108301	    0.101927	 0.000530828
          80	    0.101006	    0.101915	 0.000524317
          81	   0.0965207	    0.101849	 0.000522056
          82	    0.111755	    0.101969	 0.000529485
          83	    0.101988	     0.10197	 0.000523106
          84	    0.104143	    0.101995	 0.000517518
          85	    0.103435	    0.102012	 0.000511706
          86	    0.101525	    0.102007	 0.000505788
          87	    0.101193	    0.101997	 0.000500061
          88	   0.0959886	    0.101929	 0.000499018
          89	   0.0990869	    0.101897	 0.000494432
          90	    0.101118	    0.101888	 0.000489014
          91	    0.104123	    0.101913	 0.000484256
          92	    0.100262	    0.101895	 0.000479325
          93	    0.107962	     0.10196	  0.00047859
          94	    0.106594	     0.10201	 0.000476031
          95	    0.104154	    0.102032	 0.000471555
          96	   0.0975069	    0.101985	 0.000468993
          97	    0.105232	    0.102019	 0.000465351
          98	    0.104481	    0.102044	 0.000461281
          99	    0.108775	    0.102112	 0.000461606
         100	    0.110012	    0.102191	 0.000463701
