#     BLOCK:   ACTUAL_X:     X_AVE:       ERROR:
           1	     2.83781	     2.83781	           0
           2	      2.9055	     2.87166	   0.0239309
           3	     3.02533	     2.92288	   0.0447646
           4	     2.80349	     2.89303	   0.0423721
           5	     2.98943	     2.91231	   0.0380315
           6	     2.86746	     2.90484	   0.0324193
           7	     2.97624	     2.91504	    0.029349
           8	     2.99171	     2.92462	   0.0272005
           9	     2.88934	      2.9207	   0.0244591
          10	     2.98383	     2.92701	   0.0228134
          11	     2.88126	     2.92285	   0.0211152
          12	     2.93347	     2.92374	   0.0193741
          13	      2.8739	      2.9199	   0.0182592
          14	     2.85606	     2.91534	   0.0175151
          15	     2.82086	     2.90905	   0.0174435
          16	      3.0054	     2.91507	   0.0173617
          17	     2.77708	     2.90695	   0.0181388
          18	     2.91838	     2.90759	   0.0171422
          19	     2.88629	     2.90647	   0.0162766
          20	     3.07506	     2.91489	   0.0175101
          21	     2.94363	     2.91626	   0.0167297
          22	     3.01128	     2.92058	   0.0165173
          23	      2.7273	     2.91218	   0.0178092
          24	     3.06389	      2.9185	   0.0181544
          25	     2.95295	     2.91988	   0.0174804
          26	     2.94849	     2.92098	   0.0168427
          27	     2.77413	     2.91554	   0.0170744
          28	     2.98318	     2.91796	   0.0166347
          29	     2.77003	     2.91285	    0.016825
          30	     2.70844	     2.90604	   0.0175899
          31	     2.99261	     2.90883	   0.0172428
          32	      2.8513	     2.90703	   0.0167974
          33	     2.88973	     2.90651	   0.0162966
          34	     2.88521	     2.90588	   0.0158293
          35	     3.05418	     2.91012	    0.015934
          36	     2.98561	     2.91222	   0.0156288
          37	     2.86242	     2.91087	   0.0152642
          38	      2.8538	     2.90937	   0.0149362
          39	       3.198	     2.91677	   0.0162839
          40	     2.98063	     2.91837	   0.0159548
          41	     2.98419	     2.91997	   0.0156463
          42	     2.89121	     2.91929	   0.0152887
          43	     3.00738	     2.92134	   0.0150698
          44	     2.92111	     2.92133	   0.0147273
          45	     3.01584	     2.92343	    0.014549
          46	     2.94074	     2.92381	   0.0142376
          47	     2.96484	     2.92468	   0.0139614
          48	       2.726	     2.92054	    0.014271
          49	     2.94581	     2.92106	    0.013989
          50	     3.01487	     2.92293	   0.0138345
          51	     2.87455	     2.92199	   0.0135957
          52	     2.88803	     2.92133	   0.0133499
          53	     3.07171	     2.92417	   0.0133962
          54	     2.93573	     2.92438	   0.0131498
          55	      2.8874	     2.92371	   0.0129279
          56	     2.77963	     2.92114	   0.0129506
          57	     3.09475	     2.92418	   0.0130766
          58	     2.93635	     2.92439	   0.0128529
          59	     2.98199	     2.92537	    0.012672
          60	     2.84322	       2.924	   0.0125346
          61	      2.9362	      2.9242	   0.0123307
          62	     2.84279	     2.92289	   0.0122015
          63	     2.90889	     2.92267	   0.0120099
          64	     2.85441	      2.9216	   0.0118695
          65	     2.99848	     2.92278	   0.0117457
          66	     2.92995	     2.92289	   0.0115682
          67	     2.96044	     2.92345	   0.0114091
          68	       2.823	     2.92197	   0.0113366
          69	     3.02313	     2.92344	   0.0112666
          70	      2.7114	     2.92041	   0.0115057
          71	     2.83949	     2.91927	      0.0114
          72	     3.04035	     2.92095	    0.011365
          73	     3.02058	     2.92232	    0.011291
          74	     2.94862	     2.92267	    0.011144
          75	     2.70179	     2.91973	   0.0113779
          76	     2.87189	      2.9191	   0.0112456
          77	      2.9133	     2.91902	   0.0110998
          78	     2.93334	     2.91921	    0.010959
          79	     3.00484	     2.92029	   0.0108737
          80	     2.97375	     2.92096	   0.0107583
          81	     2.91825	     2.92093	   0.0106256
          82	     2.69785	      2.9182	   0.0108386
          83	     2.90455	     2.91804	   0.0107093
          84	     2.78002	      2.9164	   0.0107071
          85	     2.79836	     2.91501	   0.0106708
          86	     3.04563	     2.91653	   0.0106543
          87	     3.12326	      2.9189	   0.0107936
          88	     3.00272	     2.91986	   0.0107128
          89	     2.98436	     2.92058	    0.010617
          90	     3.06496	     2.92218	   0.0106195
          91	     3.02914	     2.92336	   0.0105676
          92	     2.84602	     2.92252	   0.0104862
          93	     2.81884	      2.9214	   0.0104325
          94	     3.01718	     2.92242	   0.0103711
          95	     2.84843	     2.92164	   0.0102912
          96	     2.98858	     2.92234	   0.0102076
          97	     2.95451	     2.92267	   0.0101077
          98	      2.8853	     2.92229	   0.0100118
          99	     2.90388	     2.92211	  0.00991238
         100	     2.96687	     2.92255	  0.00982336
