#     BLOCK:   ACTUAL_TE:    TE_AVE:      ERROR:
               1	        -0.49992	        -0.49992	               0
               2	        -0.51168	         -0.5058	      0.00415779
               3	         -0.5096	       -0.507067	      0.00295852
               4	         -0.5092	         -0.5076	      0.00226645
               5	         -0.5104	        -0.50816	      0.00188107
               6	        -0.51312	       -0.508987	      0.00173975
               7	         -0.5188	       -0.510389	      0.00197694
               8	        -0.51304	        -0.51072	      0.00175738
               9	        -0.50296	       -0.509858	      0.00176098
              10	        -0.50704	       -0.509576	      0.00160727
              11	        -0.52416	       -0.510902	      0.00193209
              12	         -0.5024	       -0.510193	      0.00189653
              13	        -0.50664	        -0.50992	      0.00177023
              14	        -0.50864	       -0.509829	      0.00164615
              15	        -0.50776	       -0.509691	      0.00154217
              16	         -0.5092	        -0.50966	      0.00144609
              17	        -0.49992	       -0.509087	      0.00147015
              18	        -0.50888	       -0.509076	      0.00138852
              19	        -0.51784	       -0.509537	      0.00138995
              20	        -0.52128	       -0.510124	      0.00143914
              21	        -0.50272	       -0.509771	      0.00141314
              22	        -0.51448	       -0.509985	      0.00136501
              23	        -0.50488	       -0.509763	      0.00132359
              24	        -0.50496	       -0.509563	      0.00128348
              25	        -0.50424	        -0.50935	      0.00124968
              26	        -0.51984	       -0.509754	      0.00126507
              27	        -0.50728	       -0.509662	      0.00122153
              28	         -0.5128	       -0.509774	      0.00118303
              29	        -0.50264	       -0.509528	      0.00116753
              30	        -0.50528	       -0.509387	      0.00113717
              31	        -0.50576	        -0.50927	      0.00110649
              32	        -0.49952	       -0.508965	      0.00111307
              33	        -0.50472	       -0.508836	      0.00108675
              34	        -0.49968	       -0.508567	      0.00108764
              35	        -0.50192	       -0.508377	      0.00107302
              36	        -0.51072	       -0.508442	      0.00104518
              37	        -0.49832	       -0.508169	      0.00105213
              38	        -0.50712	       -0.508141	       0.0010248
              39	        -0.51128	       -0.508222	      0.00100168
              40	        -0.50984	       -0.508262	     0.000977458
              41	        -0.50312	       -0.508137	      0.00096163
              42	        -0.51096	       -0.508204	      0.00094108
              43	        -0.50824	       -0.508205	     0.000919195
              44	        -0.50944	       -0.508233	     0.000898733
              45	        -0.51832	       -0.508457	     0.000906285
              46	        -0.50016	       -0.508277	     0.000904354
              47	        -0.51544	       -0.508429	     0.000897864
              48	        -0.50928	       -0.508447	     0.000879333
              49	        -0.49984	       -0.508271	     0.000878755
              50	        -0.51008	       -0.508307	     0.000861924
              51	        -0.50968	       -0.508334	     0.000845444
              52	         -0.5184	       -0.508528	     0.000851058
              53	        -0.51416	       -0.508634	     0.000841609
              54	        -0.51904	       -0.508827	     0.000847798
              55	        -0.50728	       -0.508799	      0.00083285
              56	        -0.51368	       -0.508886	     0.000822527
              57	        -0.50008	       -0.508731	     0.000822476
              58	        -0.51024	       -0.508757	     0.000808707
              59	        -0.51144	       -0.508803	     0.000796277
              60	         -0.5132	       -0.508876	     0.000786372
              61	        -0.50992	       -0.508893	     0.000773666
              62	        -0.51352	       -0.508968	     0.000764779
              63	        -0.50592	       -0.508919	     0.000754168
              64	        -0.51728	        -0.50905	     0.000753613
              65	        -0.50728	       -0.509023	     0.000742511
              66	         -0.5136	       -0.509092	     0.000734492
              67	        -0.51352	       -0.509158	     0.000726497
              68	        -0.51048	       -0.509178	     0.000716073
              69	        -0.50784	       -0.509158	     0.000705958
              70	        -0.51512	       -0.509243	     0.000700991
              71	        -0.50008	       -0.509114	     0.000702899
              72	        -0.50848	       -0.509106	     0.000693191
              73	        -0.50648	        -0.50907	     0.000684628
              74	        -0.51536	       -0.509155	     0.000680633
              75	        -0.50616	       -0.509115	     0.000672728
              76	         -0.5104	       -0.509132	     0.000664089
              77	        -0.49904	       -0.509001	     0.000668272
              78	        -0.50976	        -0.50901	     0.000659775
              79	        -0.51192	       -0.509047	     0.000652451
              80	        -0.51616	       -0.509136	     0.000650325
              81	          -0.502	       -0.509048	     0.000648236
              82	        -0.49872	       -0.508922	     0.000652452
              83	        -0.51744	       -0.509025	     0.000652613
              84	        -0.51232	       -0.509064	     0.000646022
              85	        -0.50592	       -0.509027	     0.000639479
              86	        -0.50968	       -0.509034	     0.000632088
              87	        -0.51216	        -0.50907	     0.000625843
              88	        -0.51384	       -0.509125	     0.000621074
              89	        -0.50784	        -0.50911	     0.000614263
              90	        -0.51432	       -0.509168	      0.00061016
              91	        -0.51768	       -0.509262	     0.000610582
              92	        -0.50752	       -0.509243	     0.000604239
              93	        -0.51544	       -0.509309	     0.000601405
              94	        -0.51384	       -0.509357	     0.000596936
              95	        -0.50504	       -0.509312	     0.000592379
              96	        -0.51512	       -0.509373	      0.00058929
              97	        -0.51112	       -0.509391	      0.00058349
              98	        -0.50656	       -0.509362	     0.000578251
              99	        -0.51472	       -0.509416	     0.000574937
             100	        -0.50456	       -0.509367	     0.000571235
             101	        -0.50856	       -0.509359	     0.000565635
             102	        -0.50424	       -0.509309	     0.000562312
             103	        -0.51464	       -0.509361	     0.000559229
             104	        -0.51464	       -0.509412	     0.000556151
             105	        -0.50816	         -0.5094	     0.000550982
             106	         -0.5068	       -0.509375	      0.00054633
             107	        -0.50536	       -0.509338	     0.000542511
             108	        -0.51008	       -0.509344	     0.000537531
             109	        -0.50472	       -0.509302	     0.000534271
             110	         -0.5044	       -0.509257	      0.00053127
             111	        -0.50656	       -0.509233	     0.000527039
             112	        -0.50736	       -0.509216	     0.000522599
             113	        -0.51312	       -0.509251	     0.000519114
             114	        -0.51784	       -0.509326	     0.000519999
             115	        -0.50072	       -0.509251	     0.000520835
             116	         -0.4924	       -0.509106	     0.000536222
             117	        -0.51024	       -0.509116	     0.000531727
             118	        -0.52384	       -0.509241	     0.000541664
             119	        -0.50472	       -0.509203	     0.000538442
             120	        -0.50624	       -0.509178	     0.000534521
             121	        -0.51056	       -0.509189	     0.000530226
             122	        -0.50288	       -0.509138	     0.000528396
             123	        -0.50912	       -0.509138	       0.0005241
             124	        -0.52136	       -0.509236	     0.000529061
             125	        -0.50944	       -0.509238	     0.000524831
             126	        -0.50928	       -0.509238	     0.000520666
             127	        -0.51272	       -0.509266	     0.000517287
             128	        -0.50336	       -0.509219	     0.000515299
             129	        -0.50672	         -0.5092	     0.000511669
             130	         -0.5064	       -0.509178	     0.000508186
             131	        -0.51864	       -0.509251	     0.000509413
             132	        -0.50688	       -0.509233	     0.000505871
             133	        -0.50672	       -0.509214	      0.00050242
             134	        -0.51024	       -0.509221	     0.000498729
             135	        -0.51096	       -0.509234	     0.000495201
             136	        -0.50536	       -0.509206	     0.000492378
             137	        -0.51208	       -0.509227	     0.000489231
             138	        -0.50864	       -0.509223	     0.000485704
             139	        -0.50672	       -0.509205	     0.000482544
             140	        -0.51728	       -0.509262	     0.000482532
             141	        -0.51008	       -0.509268	     0.000479145
             142	        -0.51008	       -0.509274	     0.000475805
             143	          -0.502	       -0.509223	     0.000475188
             144	        -0.50784	       -0.509213	     0.000471986
             145	        -0.50712	       -0.509199	     0.000468951
             146	        -0.52024	       -0.509275	     0.000471797
             147	          -0.508	       -0.509266	     0.000468668
             148	          -0.516	       -0.509311	     0.000467704
             149	         -0.5196	        -0.50938	     0.000469635
             150	         -0.5008	       -0.509323	     0.000469975
             151	        -0.50112	       -0.509269	     0.000469992
             152	        -0.50824	       -0.509262	     0.000466949
             153	        -0.51008	       -0.509267	     0.000463927
             154	        -0.50488	       -0.509239	     0.000461789
             155	        -0.50656	       -0.509222	     0.000459133
             156	        -0.51032	       -0.509229	     0.000456244
             157	        -0.51464	       -0.509263	     0.000454638
             158	        -0.49664	       -0.509183	     0.000458726
             159	         -0.5128	       -0.509206	     0.000456405
             160	        -0.50904	       -0.509205	     0.000453554
             161	         -0.5164	        -0.50925	     0.000452933
             162	         -0.5176	       -0.509301	      0.00045306
             163	        -0.49984	       -0.509243	     0.000453984
             164	        -0.51136	       -0.509256	     0.000451399
             165	        -0.51216	       -0.509274	     0.000449006
             166	        -0.50368	        -0.50924	     0.000447564
             167	           -0.51	       -0.509245	     0.000444907
             168	        -0.50344	        -0.50921	     0.000443599
             169	        -0.49864	       -0.509147	     0.000445361
             170	        -0.50184	       -0.509104	     0.000444811
             171	        -0.51312	       -0.509128	     0.000442829
             172	          -0.512	       -0.509145	     0.000440569
             173	         -0.5228	       -0.509224	     0.000445037
             174	         -0.4964	        -0.50915	      0.00044854
             175	        -0.51416	       -0.509179	      0.00044689
             176	         -0.5124	       -0.509197	     0.000444725
             177	        -0.50312	       -0.509162	     0.000443536
             178	         -0.5036	       -0.509131	     0.000442144
             179	        -0.50712	        -0.50912	     0.000439817
             180	        -0.50792	       -0.509113	     0.000437424
             181	        -0.51544	       -0.509148	     0.000436401
             182	        -0.51328	       -0.509171	     0.000434593
             183	        -0.52208	       -0.509242	     0.000437906
             184	        -0.51848	       -0.509292	     0.000438395
             185	        -0.52024	       -0.509351	     0.000440002
             186	         -0.4972	       -0.509286	     0.000442459
             187	         -0.5108	       -0.509294	     0.000440167
             188	         -0.4976	       -0.509231	     0.000442199
             189	         -0.5104	       -0.509238	     0.000439902
             190	        -0.51256	       -0.509255	     0.000437935
             191	        -0.50488	       -0.509232	      0.00043624
             192	         -0.5076	       -0.509224	     0.000434051
             193	        -0.50184	       -0.509185	     0.000433485
             194	        -0.51096	       -0.509195	     0.000431347
             195	        -0.50024	       -0.509149	     0.000431572
             196	        -0.49944	       -0.509099	     0.000432204
             197	        -0.51128	        -0.50911	     0.000430152
             198	        -0.49992	       -0.509064	     0.000430476
             199	         -0.5112	       -0.509075	     0.000428447
             200	         -0.4972	       -0.509015	     0.000430399
