#     BLOCK:   ACTUAL_CV:    CV_AVE:      ERROR:
               1	        0.132101	        0.132101	               0
               2	        0.131609	        0.131855	     0.000173995
               3	        0.124162	         0.12929	      0.00209687
               4	        0.131135	        0.129752	      0.00162258
               5	        0.118785	        0.127558	      0.00235233
               6	        0.132191	         0.12833	      0.00208315
               7	        0.116039	        0.126575	      0.00241475
               8	        0.133741	         0.12747	      0.00227303
               9	        0.121684	        0.126827	      0.00210944
              10	        0.113573	        0.125502	      0.00227714
              11	        0.113017	        0.124367	      0.00233593
              12	        0.127634	        0.124639	      0.00215708
              13	        0.127768	         0.12488	      0.00200453
              14	        0.112527	        0.123998	      0.00204636
              15	        0.135787	        0.124784	      0.00205534
              16	        0.122354	        0.124632	      0.00193248
              17	        0.125802	        0.124701	      0.00182003
              18	        0.117874	        0.124321	      0.00175799
              19	        0.123306	        0.124268	      0.00166628
              20	        0.126273	        0.124368	      0.00158598
              21	        0.122322	        0.124271	      0.00151344
              22	        0.128241	        0.124451	      0.00145537
              23	        0.119582	        0.124239	       0.0014074
              24	        0.128492	        0.124417	      0.00135987
              25	        0.123466	        0.124379	      0.00130601
              26	        0.124176	        0.124371	       0.0012558
              27	        0.123302	        0.124331	      0.00120991
              28	        0.120135	        0.124181	      0.00117595
              29	        0.122408	         0.12412	      0.00113699
              30	        0.117428	        0.123897	      0.00112076
              31	        0.133018	        0.124191	      0.00112256
              32	        0.130565	        0.124391	      0.00110501
              33	        0.113407	        0.124058	      0.00112052
              34	        0.121874	        0.123994	      0.00108941
              35	        0.132959	         0.12425	      0.00108798
              36	        0.133175	        0.124498	      0.00108564
              37	        0.131271	        0.124681	      0.00107162
              38	          0.1213	        0.124592	       0.0010471
              39	        0.120762	        0.124494	      0.00102485
              40	        0.118963	        0.124355	      0.00100851
              41	        0.110091	        0.124007	       0.0010422
              42	        0.130714	        0.124167	      0.00102954
              43	        0.120726	        0.124087	      0.00100871
              44	        0.127232	        0.124158	     0.000988311
              45	        0.126415	        0.124209	     0.000967621
              46	        0.117638	        0.124066	     0.000957071
              47	        0.121721	        0.124016	     0.000938006
              48	        0.124582	        0.124028	     0.000918539
              49	        0.137079	        0.124294	     0.000937613
              50	        0.122363	        0.124255	     0.000919656
              51	        0.120568	        0.124183	     0.000904461
              52	        0.124031	         0.12418	     0.000887072
              53	        0.127799	        0.124248	      0.00087296
              54	        0.127625	        0.124311	     0.000859031
              55	        0.121945	        0.124268	     0.000844489
              56	        0.126051	          0.1243	     0.000830008
              57	        0.112001	        0.124084	     0.000843025
              58	        0.118363	        0.123985	     0.000834241
              59	        0.118617	        0.123894	     0.000825049
              60	        0.116541	        0.123772	     0.000820352
              61	        0.121539	        0.123735	     0.000807719
              62	        0.118852	        0.123656	     0.000798523
              63	        0.123203	        0.123649	      0.00078588
              64	        0.129627	        0.123743	     0.000779132
              65	        0.125612	        0.123771	     0.000767676
              66	         0.12203	        0.123745	     0.000756498
              67	        0.124057	         0.12375	     0.000745221
              68	        0.129978	        0.123841	     0.000739868
              69	        0.124255	        0.123847	      0.00072917
              70	        0.111711	        0.123674	     0.000739077
              71	        0.124568	        0.123687	     0.000728775
              72	        0.127329	        0.123737	     0.000720407
              73	        0.125676	        0.123764	     0.000711028
              74	        0.118762	        0.123696	     0.000704624
              75	        0.122273	        0.123677	     0.000695485
              76	        0.129283	        0.123751	     0.000690234
              77	        0.120723	        0.123712	     0.000682389
              78	        0.134606	        0.123851	     0.000687787
              79	        0.120306	        0.123806	     0.000680543
              80	        0.118786	        0.123744	     0.000674923
              81	        0.126546	        0.123778	     0.000667477
              82	        0.128461	        0.123835	     0.000661776
              83	        0.126401	        0.123866	     0.000654524
              84	        0.130186	        0.123941	     0.000651042
              85	        0.131759	        0.124033	     0.000649847
              86	        0.119534	        0.123981	     0.000644393
              87	        0.123618	        0.123977	        0.000637
              88	        0.118495	        0.123915	       0.0006328
              89	        0.118185	         0.12385	     0.000628957
              90	        0.124208	        0.123854	     0.000621981
              91	         0.12722	        0.123891	     0.000616245
              92	        0.137091	        0.124035	     0.000626027
              93	        0.130457	        0.124104	     0.000623092
              94	        0.118745	        0.124047	     0.000619066
              95	        0.131311	        0.124123	     0.000617254
              96	        0.117021	        0.124049	     0.000615242
              97	        0.130835	        0.124119	     0.000612864
              98	        0.130465	        0.124184	     0.000610021
              99	         0.13282	        0.124271	     0.000610065
             100	        0.128628	        0.124315	     0.000605518
             101	        0.128108	        0.124352	     0.000600687
             102	        0.121848	        0.124328	     0.000595299
             103	        0.122333	        0.124308	     0.000589835
             104	        0.134566	        0.124407	     0.000592353
             105	        0.128082	        0.124442	     0.000587744
             106	        0.114949	        0.124352	     0.000588983
             107	         0.13185	        0.124423	     0.000587632
             108	        0.128056	        0.124456	     0.000583154
             109	         0.11763	        0.124394	     0.000581156
             110	         0.12553	        0.124404	     0.000575965
             111	        0.120332	        0.124367	     0.000571943
             112	        0.121628	        0.124343	     0.000567359
             113	        0.123566	        0.124336	      0.00056238
             114	         0.11601	        0.124263	     0.000562169
             115	         0.11805	        0.124209	      0.00055987
             116	        0.133167	        0.124286	     0.000560345
             117	        0.130663	        0.124341	       0.0005582
             118	        0.128712	        0.124378	     0.000554697
             119	        0.120128	        0.124342	     0.000551185
             120	        0.120612	        0.124311	     0.000547467
             121	         0.12317	        0.124301	     0.000543024
             122	        0.129642	        0.124345	     0.000540334
             123	        0.118556	        0.124298	     0.000537987
             124	        0.118385	         0.12425	     0.000535758
             125	        0.120845	        0.124223	     0.000532164
             126	        0.132014	        0.124285	      0.00053152
             127	        0.130803	        0.124336	     0.000529807
             128	        0.121484	        0.124314	     0.000526136
             129	        0.118768	        0.124271	     0.000523811
             130	        0.126525	        0.124288	     0.000520069
             131	        0.133431	        0.124358	     0.000520761
             132	        0.124916	        0.124362	     0.000516833
             133	        0.121625	        0.124342	     0.000513357
             134	         0.12744	        0.124365	     0.000510046
             135	        0.123386	        0.124358	     0.000506319
             136	        0.119337	        0.124321	     0.000503941
             137	        0.122066	        0.124304	     0.000500531
             138	        0.120389	        0.124276	     0.000497707
             139	        0.135497	        0.124357	     0.000500631
             140	        0.115777	        0.124295	     0.000500792
             141	         0.12218	         0.12428	     0.000497465
             142	        0.129504	        0.124317	     0.000495319
             143	        0.135831	        0.124398	     0.000498357
             144	        0.125472	        0.124405	     0.000494952
             145	        0.125297	        0.124411	     0.000491577
             146	        0.118271	        0.124369	     0.000490006
             147	        0.113994	        0.124299	     0.000491729
             148	        0.126849	        0.124316	     0.000488708
             149	         0.12212	        0.124301	      0.00048565
             150	        0.118255	        0.124261	     0.000484082
             151	        0.121264	        0.124241	     0.000481283
             152	          0.1285	        0.124269	     0.000478932
             153	         0.12038	        0.124244	     0.000476475
             154	        0.128024	        0.124268	     0.000474013
             155	        0.124134	        0.124267	     0.000470956
             156	        0.133207	        0.124325	     0.000471411
             157	         0.12648	        0.124338	     0.000468608
             158	        0.128546	        0.124365	     0.000466398
             159	        0.125985	        0.124375	     0.000463576
             160	        0.133412	        0.124432	     0.000464107
             161	        0.128905	        0.124459	     0.000462055
             162	        0.123944	        0.124456	     0.000459214
             163	        0.128007	        0.124478	     0.000456913
             164	        0.129935	        0.124511	     0.000455337
             165	        0.120364	        0.124486	     0.000453271
             166	        0.126014	        0.124495	     0.000450634
             167	        0.119423	        0.124465	     0.000448958
             168	        0.130246	        0.124499	     0.000447602
             169	        0.133461	        0.124552	     0.000448084
             170	        0.117261	         0.12451	     0.000447496
             171	        0.122421	        0.124497	     0.000445046
             172	        0.121022	        0.124477	     0.000442917
             173	        0.126121	        0.124487	     0.000440458
             174	        0.125482	        0.124492	     0.000437964
             175	        0.118709	        0.124459	     0.000436707
             176	         0.11996	        0.124434	     0.000434973
             177	        0.128856	        0.124459	     0.000433232
             178	        0.114179	        0.124401	     0.000434631
             179	         0.12047	        0.124379	     0.000432757
             180	        0.132293	        0.124423	     0.000432581
             181	        0.129948	        0.124453	     0.000431266
             182	        0.118098	        0.124419	     0.000430308
             183	        0.121521	        0.124403	     0.000428248
             184	        0.124473	        0.124403	     0.000425921
             185	        0.134468	        0.124457	     0.000427079
             186	        0.126312	        0.124467	     0.000424899
             187	        0.122048	        0.124455	     0.000422824
             188	        0.116944	        0.124415	     0.000422458
             189	        0.124013	        0.124412	     0.000420228
             190	        0.125991	        0.124421	     0.000418099
             191	         0.12882	        0.124444	     0.000416544
             192	        0.127614	         0.12446	     0.000414701
             193	        0.123852	        0.124457	     0.000412565
             194	        0.117519	        0.124421	     0.000411985
             195	        0.122792	        0.124413	     0.000409957
             196	        0.126723	        0.124425	     0.000408035
             197	        0.130957	        0.124458	     0.000407309
             198	        0.129711	        0.124485	     0.000406115
             199	        0.119143	        0.124458	      0.00040496
             200	        0.124122	        0.124456	     0.000402939
