#     BLOCK:   ACTUAL_TE:    TE_AVE:      ERROR:
               1	         -0.4004	         -0.4004	               0
               2	        -0.39984	        -0.40012	      0.00019799
               3	        -0.40352	       -0.401253	     0.000934729
               4	        -0.39896	        -0.40068	     0.000859069
               5	        -0.40864	       -0.402272	       0.0015811
               6	        -0.40512	       -0.402747	      0.00138701
               7	        -0.39336	       -0.401406	      0.00171892
               8	        -0.39544	        -0.40066	      0.00165794
               9	        -0.38592	       -0.399022	      0.00213451
              10	        -0.39888	       -0.399008	      0.00192111
              11	        -0.39376	       -0.398531	      0.00180473
              12	        -0.40176	         -0.3988	      0.00167428
              13	        -0.40328	       -0.399145	      0.00158055
              14	        -0.39728	       -0.399011	      0.00147326
              15	        -0.39944	        -0.39904	      0.00137532
              16	        -0.40128	        -0.39918	      0.00129647
              17	        -0.39672	       -0.399035	      0.00122825
              18	         -0.3968	       -0.398911	      0.00116628
              19	        -0.40168	       -0.399057	      0.00111396
              20	         -0.3932	       -0.398764	      0.00109608
              21	        -0.40056	        -0.39885	      0.00104722
              22	        -0.40912	       -0.399316	      0.00109876
              23	        -0.39624	       -0.399183	      0.00105909
              24	        -0.39984	        -0.39921	      0.00101532
              25	        -0.40136	       -0.399296	     0.000978342
              26	        -0.40136	       -0.399375	     0.000943929
              27	        -0.40152	       -0.399455	     0.000912304
              28	        -0.39216	       -0.399194	     0.000916167
              29	        -0.40312	        -0.39933	      0.00089452
              30	            -0.4	       -0.399352	     0.000864982
              31	        -0.39448	       -0.399195	     0.000851237
              32	        -0.39888	       -0.399185	     0.000824693
              33	          -0.398	       -0.399149	     0.000800483
              34	        -0.40104	       -0.399205	     0.000778869
              35	        -0.38936	       -0.398923	     0.000805806
              36	        -0.40048	       -0.398967	     0.000784582
              37	        -0.39936	       -0.398977	     0.000763449
              38	        -0.40552	       -0.399149	     0.000762526
              39	        -0.40008	       -0.399173	     0.000743348
              40	        -0.39272	       -0.399012	     0.000742065
              41	         -0.4096	        -0.39927	     0.000767587
              42	        -0.40568	       -0.399423	     0.000764332
              43	        -0.39816	       -0.399393	     0.000747121
              44	        -0.39648	       -0.399327	     0.000733069
              45	        -0.39448	        -0.39922	      0.00072465
              46	         -0.4028	       -0.399297	     0.000713064
              47	        -0.40376	       -0.399392	     0.000704186
              48	         -0.4008	       -0.399422	     0.000690126
              49	        -0.39256	       -0.399282	     0.000690103
              50	        -0.39968	        -0.39929	     0.000676346
              51	         -0.4112	       -0.399523	     0.000702248
              52	        -0.39192	       -0.399377	       0.0007038
              53	        -0.39984	       -0.399386	     0.000690575
              54	        -0.40464	       -0.399483	     0.000684607
              55	        -0.40584	       -0.399599	     0.000681847
              56	        -0.39976	       -0.399601	     0.000669677
              57	        -0.39784	       -0.399571	     0.000658641
              58	         -0.4008	       -0.399592	     0.000647626
              59	        -0.40272	       -0.399645	     0.000638816
              60	        -0.41104	       -0.399835	     0.000655794
              61	        -0.40272	       -0.399882	     0.000646747
              62	        -0.39752	       -0.399844	     0.000637436
              63	        -0.39648	        -0.39979	      0.00062955
              64	        -0.39784	        -0.39976	     0.000620451
              65	        -0.40432	        -0.39983	     0.000614859
              66	        -0.40344	       -0.399885	     0.000607971
              67	        -0.40296	       -0.399931	     0.000600626
              68	        -0.40424	       -0.399994	     0.000595127
              69	        -0.40864	       -0.400119	     0.000599548
              70	        -0.40176	       -0.400143	     0.000591441
              71	        -0.40248	       -0.400176	     0.000584026
              72	        -0.39568	       -0.400113	     0.000579243
              73	        -0.40448	       -0.400173	     0.000574389
              74	        -0.40072	       -0.400181	     0.000566674
              75	        -0.39368	       -0.400094	     0.000565708
              76	         -0.3952	       -0.400029	     0.000561918
              77	        -0.39904	       -0.400017	     0.000554767
              78	        -0.39496	       -0.399952	     0.000551429
              79	        -0.40648	       -0.400034	     0.000550606
              80	        -0.40584	       -0.400107	     0.000548485
              81	        -0.40248	       -0.400136	     0.000542496
              82	        -0.40896	       -0.400244	     0.000546448
              83	        -0.40392	       -0.400288	     0.000541656
              84	         -0.3924	       -0.400194	     0.000543287
              85	         -0.3952	       -0.400136	     0.000540063
              86	        -0.40712	       -0.400217	     0.000539855
              87	        -0.40696	       -0.400294	     0.000539185
              88	         -0.3976	       -0.400264	     0.000533927
              89	        -0.40456	       -0.400312	     0.000530106
              90	        -0.41136	       -0.400435	     0.000538241
              91	        -0.39792	       -0.400407	     0.000533035
              92	        -0.39472	       -0.400345	     0.000530814
              93	        -0.39536	       -0.400292	     0.000527806
              94	        -0.40728	       -0.400366	     0.000527401
              95	        -0.40136	       -0.400376	     0.000521953
              96	        -0.39624	       -0.400333	     0.000518291
              97	         -0.3988	       -0.400318	     0.000513189
              98	        -0.40424	       -0.400358	     0.000509511
              99	        -0.39328	       -0.400286	     0.000509355
             100	        -0.39744	       -0.400258	     0.000505056
             101	        -0.40184	       -0.400273	     0.000500299
             102	         -0.4016	       -0.400286	     0.000495563
             103	        -0.40096	       -0.400293	     0.000490795
             104	        -0.39896	        -0.40028	     0.000486243
             105	         -0.4016	       -0.400293	     0.000481774
             106	        -0.39896	        -0.40028	     0.000477393
             107	         -0.4008	       -0.400285	     0.000472956
             108	        -0.39984	       -0.400281	     0.000468595
             109	        -0.39984	       -0.400277	     0.000464313
             110	        -0.40256	       -0.400297	     0.000460556
             111	        -0.39832	        -0.40028	     0.000456751
             112	        -0.38672	       -0.400159	     0.000468444
             113	        -0.39224	       -0.400088	     0.000469511
             114	        -0.40808	       -0.400159	     0.000470596
             115	        -0.39936	       -0.400152	     0.000466555
             116	        -0.40656	       -0.400207	     0.000465793
             117	        -0.39112	       -0.400129	     0.000468242
             118	        -0.41048	       -0.400217	     0.000472418
             119	        -0.40488	       -0.400256	     0.000470071
             120	        -0.39992	       -0.400253	     0.000466162
             121	        -0.39832	       -0.400237	     0.000462583
             122	        -0.39232	       -0.400172	     0.000463321
             123	        -0.39624	        -0.40014	     0.000460656
             124	        -0.40088	       -0.400146	      0.00045698
             125	         -0.3936	       -0.400094	     0.000456315
             126	         -0.3988	       -0.400084	     0.000452809
             127	        -0.40208	         -0.4001	     0.000449516
             128	        -0.40608	       -0.400146	     0.000448426
             129	         -0.4012	       -0.400154	     0.000445024
             130	        -0.39768	       -0.400135	     0.000442008
             131	        -0.39904	       -0.400127	     0.000438713
             132	        -0.40904	       -0.400195	     0.000440555
             133	        -0.40352	        -0.40022	     0.000437951
             134	        -0.39688	       -0.400195	     0.000435392
             135	        -0.40384	       -0.400222	     0.000433003
             136	        -0.39456	        -0.40018	     0.000431816
             137	        -0.40432	        -0.40021	      0.00042972
             138	         -0.4048	       -0.400243	     0.000427891
             139	        -0.40264	       -0.400261	      0.00042516
             140	        -0.40392	       -0.400287	     0.000422926
             141	        -0.40464	       -0.400318	     0.000421052
             142	         -0.4012	       -0.400324	     0.000418132
             143	        -0.39904	       -0.400315	     0.000415305
             144	        -0.39064	       -0.400248	      0.00041782
             145	          -0.406	       -0.400287	     0.000416818
             146	        -0.39632	        -0.40026	     0.000414848
             147	        -0.40632	       -0.400301	     0.000414069
             148	         -0.4084	       -0.400356	     0.000414871
             149	        -0.40472	       -0.400386	     0.000413119
             150	        -0.40488	       -0.400415	      0.00041145
             151	        -0.39488	       -0.400379	     0.000410355
             152	        -0.40736	       -0.400425	     0.000410217
             153	        -0.40632	       -0.400463	     0.000409342
             154	        -0.39912	       -0.400455	     0.000406777
             155	         -0.4136	       -0.400539	     0.000412899
             156	         -0.3924	       -0.400487	     0.000413535
             157	        -0.40056	       -0.400488	     0.000410901
             158	        -0.39968	       -0.400483	     0.000408333
             159	        -0.40352	       -0.400502	     0.000406211
             160	        -0.41944	        -0.40062	     0.000420564
             161	         -0.4032	       -0.400636	     0.000418257
             162	        -0.39832	       -0.400622	     0.000415919
             163	         -0.3956	       -0.400591	     0.000414507
             164	        -0.41232	       -0.400662	     0.000418104
             165	        -0.39648	       -0.400637	     0.000416338
             166	        -0.39184	       -0.400584	     0.000417189
             167	        -0.40208	       -0.400593	     0.000414787
             168	        -0.41168	       -0.400659	     0.000417535
             169	        -0.39792	       -0.400643	     0.000415379
             170	         -0.4004	       -0.400641	     0.000412938
             171	        -0.39488	       -0.400608	     0.000411895
             172	        -0.39872	       -0.400597	     0.000409646
             173	        -0.39568	       -0.400568	     0.000408263
             174	         -0.3936	       -0.400528	     0.000407876
             175	         -0.4044	        -0.40055	     0.000406145
             176	        -0.40232	        -0.40056	     0.000403962
             177	        -0.40264	       -0.400572	     0.000401851
             178	        -0.40264	       -0.400584	     0.000399761
             179	        -0.39904	       -0.400575	     0.000397621
             180	        -0.39536	       -0.400546	     0.000396466
             181	        -0.39632	       -0.400523	     0.000394962
             182	        -0.40256	       -0.400534	     0.000392951
             183	        -0.40216	       -0.400543	     0.000390904
             184	        -0.40136	       -0.400547	     0.000388805
             185	         -0.4048	        -0.40057	     0.000387382
             186	        -0.39784	       -0.400556	     0.000385577
             187	         -0.4032	        -0.40057	     0.000383775
             188	        -0.39552	       -0.400543	     0.000382672
             189	        -0.38808	       -0.400477	     0.000386287
             190	         -0.4056	       -0.400504	     0.000385194
             191	        -0.39432	       -0.400472	     0.000384535
             192	        -0.39752	       -0.400456	      0.00038284
             193	        -0.39776	       -0.400442	     0.000381111
             194	        -0.40536	       -0.400468	     0.000379989
             195	        -0.39512	        -0.40044	     0.000379028
             196	        -0.39616	       -0.400418	     0.000377723
             197	        -0.39784	       -0.400405	     0.000376032
             198	        -0.39808	       -0.400394	     0.000374316
             199	        -0.40488	       -0.400416	     0.000373114
             200	        -0.40336	       -0.400431	     0.000371538
