#     BLOCK:   ACTUAL_X:     X_AVE:       ERROR:
               1	         3.11003	         3.11003	               0
               2	         3.38167	         3.24585	       0.0960399
               3	         3.14221	          3.2113	       0.0699648
               4	         3.58364	         3.30439	       0.0961875
               5	         3.30872	         3.30525	       0.0769539
               6	          3.6883	         3.36909	       0.0866534
               7	         3.78293	         3.42821	       0.0922627
               8	         3.15612	          3.3942	       0.0867727
               9	         3.26591	         3.37995	       0.0782934
              10	         3.54358	         3.39631	       0.0721538
              11	         4.13731	         3.46367	        0.091804
              12	         3.28328	         3.44864	       0.0853756
              13	         2.31719	         3.36161	        0.114904
              14	         2.65325	         3.31101	        0.117309
              15	         4.30824	         3.37749	        0.126937
              16	         3.65701	         3.39496	        0.120199
              17	         3.64949	         3.40994	        0.114057
              18	         3.73749	         3.42813	        0.109163
              19	         3.60424	          3.4374	         0.10381
              20	          3.5517	         3.44312	       0.0987769
              21	         3.24931	         3.43389	       0.0945034
              22	         3.48734	         3.43632	        0.090239
              23	         3.50084	         3.43912	       0.0863592
              24	         3.73743	         3.45155	       0.0836506
              25	         3.59045	         3.45711	       0.0804889
              26	         4.52119	         3.49803	       0.0871794
              27	         2.69039	         3.46812	       0.0889344
              28	         4.08251	         3.49006	       0.0884236
              29	         3.61749	         3.49446	       0.0854836
              30	         4.08973	          3.5143	       0.0849059
              31	         3.13373	         3.50202	       0.0830497
              32	         3.54304	         3.50331	       0.0804643
              33	         3.60024	         3.50624	       0.0780796
              34	         3.49475	         3.50591	       0.0757839
              35	         3.78209	          3.5138	       0.0740283
              36	         3.84293	         3.52294	       0.0725343
              37	         4.06454	         3.53758	       0.0720358
              38	         2.92878	         3.52156	       0.0718996
              39	         3.09319	         3.51057	         0.07089
              40	         3.42722	         3.50849	       0.0691484
              41	          2.9631	         3.49519	       0.0687294
              42	         3.45851	         3.49431	       0.0670985
              43	          3.7634	         3.50057	       0.0658293
              44	         4.06316	         3.51336	       0.0655631
              45	         3.17869	         3.50592	       0.0645266
              46	         3.45785	         3.50487	       0.0631323
              47	         3.24531	         3.49935	       0.0620302
              48	         2.63875	         3.48142	        0.063276
              49	         3.14937	         3.47465	       0.0623464
              50	         3.63636	         3.47788	       0.0611833
              51	         3.63869	         3.48103	       0.0600649
              52	         3.39104	          3.4793	       0.0589347
              53	           2.324	          3.4575	       0.0617225
              54	         3.24734	         3.45361	        0.060702
              55	         3.87851	         3.46134	       0.0600879
              56	         3.07624	         3.45446	       0.0594071
              57	          2.8757	         3.44431	       0.0592263
              58	         3.95499	         3.45311	        0.058856
              59	         3.19516	         3.44874	       0.0580206
              60	         3.04555	         3.44202	       0.0574414
              61	         3.58513	         3.44437	       0.0565476
              62	         3.53654	         3.44585	       0.0556551
              63	         2.83248	         3.43612	       0.0556168
              64	         3.12997	         3.43133	       0.0549531
              65	         3.55982	         3.43331	       0.0541432
              66	         3.81785	         3.43914	       0.0536354
              67	         3.29081	         3.43692	       0.0528805
              68	         3.76466	         3.44174	       0.0523221
              69	         3.32507	         3.44005	       0.0515911
              70	         3.74752	         3.44444	       0.0510407
              71	         3.03116	         3.43862	       0.0506527
              72	         2.97104	         3.43213	       0.0503637
              73	         3.31761	         3.43056	       0.0496982
              74	         3.02985	         3.42515	       0.0493208
              75	         3.69809	         3.42878	       0.0487972
              76	         4.39278	         3.44147	       0.0497764
              77	         3.25893	          3.4391	       0.0491864
              78	         3.03642	         3.43394	        0.048826
              79	         3.35964	           3.433	        0.048217
              80	         3.68854	         3.43619	       0.0477199
              81	         4.23087	           3.446	       0.0481287
              82	         3.23815	         3.44347	       0.0476085
              83	         4.00764	         3.45026	       0.0475177
              84	         2.89164	         3.44361	       0.0474151
              85	         3.04185	         3.43889	       0.0470922
              86	         3.34806	         3.43783	       0.0465565
              87	         3.73648	         3.44126	       0.0461477
              88	         2.82973	         3.43431	       0.0461436
              89	          3.5511	         3.43563	       0.0456438
              90	         3.80454	         3.43972	       0.0453203
              91	          3.8231	         3.44394	       0.0450177
              92	         3.58263	         3.44545	       0.0445536
              93	         3.48442	         3.44586	       0.0440765
              94	         3.60824	         3.44759	       0.0436414
              95	         3.75266	          3.4508	          0.0433
              96	         3.37522	         3.45002	       0.0428561
              97	         3.59212	         3.45148	       0.0424394
              98	         3.80293	         3.45507	       0.0421576
              99	         2.72579	          3.4477	       0.0423704
             100	         3.11116	         3.44433	       0.0420802
             101	         3.58794	         3.44576	       0.0416875
             102	         3.43725	         3.44567	       0.0412789
             103	         3.52943	         3.44649	       0.0408862
             104	         3.57319	          3.4477	       0.0405112
             105	          3.8671	          3.4517	       0.0403218
             106	         2.65266	         3.44416	       0.0406399
             107	         3.67904	         3.44636	       0.0403193
             108	         3.32376	         3.44522	        0.039962
             109	         3.32693	         3.44414	       0.0396101
             110	         2.86961	         3.43891	       0.0395929
             111	         4.21809	         3.44593	       0.0398536
             112	         3.35051	         3.44508	       0.0395068
             113	         3.90269	         3.44913	       0.0393642
             114	         3.02293	         3.44539	       0.0391961
             115	         3.35236	         3.44458	       0.0388636
             116	         3.28931	         3.44324	       0.0385516
             117	         4.20322	         3.44974	       0.0387654
             118	         3.70949	         3.45194	       0.0384994
             119	         3.24197	         3.45018	       0.0382163
             120	         3.02531	         3.44664	       0.0380614
             121	         2.64066	         3.43997	       0.0383253
             122	         3.70036	         3.44211	       0.0380706
             123	         4.00418	         3.44668	       0.0380343
             124	         4.03337	         3.45141	       0.0380207
             125	         2.86173	         3.44669	       0.0380081
             126	         3.28848	         3.44544	       0.0377272
             127	         3.11236	         3.44281	       0.0375212
             128	         3.73928	         3.44513	       0.0372994
             129	         3.81439	         3.44799	         0.03712
             130	         3.28245	         3.44672	       0.0368563
             131	         3.62919	         3.44811	       0.0366012
             132	         2.95355	         3.44437	       0.0365152
             133	         4.39313	          3.4515	       0.0369309
             134	          3.8274	          3.4543	       0.0367617
             135	          3.6603	         3.45583	        0.036521
             136	         2.84943	         3.45137	       0.0365237
             137	         3.57009	         3.45224	       0.0362673
             138	         4.17475	         3.45747	       0.0363805
             139	          3.5569	         3.45819	       0.0361258
             140	         3.19284	         3.45629	       0.0359174
             141	         3.95946	         3.45986	       0.0358395
             142	         3.37952	          3.4593	       0.0355916
             143	         3.27534	         3.45801	        0.035366
             144	         3.80639	         3.46043	        0.035203
             145	         3.23463	         3.45887	       0.0349947
             146	         4.53743	         3.46626	       0.0355262
             147	         3.59391	         3.46713	       0.0352951
             148	          2.8551	         3.46299	        0.035298
             149	         4.21296	         3.46803	       0.0354182
             150	         3.24531	         3.46654	       0.0352132
             151	          3.6477	         3.46774	       0.0350004
             152	         3.69373	         3.46923	       0.0348017
             153	         3.89785	         3.47203	       0.0346868
             154	         3.78131	         3.47404	       0.0345197
             155	         3.69534	         3.47547	       0.0343265
             156	         3.32812	         3.47452	       0.0341194
             157	         2.92734	         3.47104	       0.0340796
             158	         2.70722	          3.4662	       0.0342051
             159	          3.2597	          3.4649	       0.0340146
             160	         4.30836	         3.47017	       0.0342081
             161	         3.67737	         3.47146	       0.0340198
             162	         3.35857	         3.47076	       0.0338169
             163	         3.67504	         3.47202	       0.0336327
             164	           3.712	         3.47348	       0.0334594
             165	         3.51582	         3.47374	       0.0332576
             166	         3.56758	          3.4743	       0.0330621
             167	         3.08896	           3.472	       0.0329445
             168	         3.38155	         3.47146	       0.0327528
             169	         3.25851	          3.4702	       0.0325833
             170	         2.85564	         3.46658	       0.0325915
             171	         3.28376	         3.46551	       0.0324185
             172	         3.67361	         3.46672	       0.0322525
             173	         3.33696	         3.46597	       0.0320748
             174	         3.34764	         3.46529	       0.0318977
             175	         4.10931	         3.46897	        0.031927
             176	          3.3246	         3.46815	       0.0317562
             177	         3.75516	         3.46977	       0.0316181
             178	         2.78931	         3.46595	       0.0316707
             179	         3.41719	         3.46568	        0.031495
             180	         4.10472	         3.46923	       0.0315195
             181	         3.59355	         3.46992	       0.0313528
             182	         3.28018	         3.46887	       0.0311979
             183	         3.76907	         3.47051	       0.0310705
             184	         3.87899	         3.47273	       0.0309808
             185	         3.82657	         3.47465	       0.0308723
             186	         3.37976	         3.47414	       0.0307106
             187	         2.75081	         3.47027	        0.030789
             188	         3.52806	         3.47058	       0.0306268
             189	         3.46424	         3.47054	       0.0304647
             190	         3.81916	         3.47238	       0.0303596
             191	         3.46072	         3.47232	       0.0302007
             192	         3.80621	         3.47405	       0.0300934
             193	         2.96227	          3.4714	       0.0300541
             194	         3.08842	         3.46943	        0.029964
             195	         3.39206	         3.46903	       0.0298129
             196	         3.37296	         3.46854	       0.0296648
             197	         3.09152	         3.46663	       0.0295759
             198	         2.96119	         3.46408	       0.0295365
             199	         3.14555	         3.46247	       0.0294314
             200	         2.96078	         3.45997	        0.029391
