#     BLOCK:   ACTUAL_X:     X_AVE:       ERROR:
           1	     1.00937	     1.00937	           0
           2	     1.27993	     1.14465	   0.0956569
           3	     1.09434	     1.12788	   0.0652245
           4	    0.961838	     1.08637	   0.0607071
           5	     1.10832	     1.09076	   0.0487242
           6	     1.00285	     1.07611	   0.0427499
           7	     1.15679	     1.08763	    0.038165
           8	     1.14209	     1.09444	    0.033996
           9	     1.01668	      1.0858	   0.0312972
          10	    0.975568	     1.07478	   0.0300462
          11	     1.19427	     1.08564	   0.0292125
          12	     1.11751	      1.0883	   0.0268986
          13	    0.913874	     1.07488	   0.0279763
          14	     1.04177	     1.07251	   0.0260778
          15	     1.15077	     1.07773	   0.0248557
          16	     1.03063	     1.07479	   0.0234759
          17	     1.20764	      1.0826	   0.0233595
          18	       1.196	      1.0889	   0.0228955
          19	     1.15895	     1.09259	   0.0219853
          20	     1.15895	     1.09591	    0.021135
          21	     1.25323	      1.1034	   0.0214151
          22	    0.961045	     1.09693	   0.0213969
          23	     1.04497	     1.09467	   0.0205855
          24	     1.05171	     1.09288	   0.0198055
          25	     1.07668	     1.09223	   0.0190238
          26	       1.188	     1.09592	   0.0186453
          27	    0.919279	     1.08937	    0.019068
          28	     1.20721	     1.09358	   0.0188456
          29	     1.01914	     1.09101	   0.0183698
          30	      1.1844	     1.09413	   0.0180193
          31	     1.12732	      1.0952	   0.0174698
          32	     1.12613	     1.09616	   0.0169506
          33	     1.23773	     1.10045	   0.0169711
          34	    0.989694	      1.0972	   0.0167817
          35	     1.04468	      1.0957	   0.0163691
          36	     1.03942	     1.09413	   0.0159889
          37	    0.961081	     1.09054	    0.015956
          38	     0.97809	     1.08758	   0.0158081
          39	     1.13355	     1.08876	   0.0154467
          40	     1.09982	     1.08903	    0.015063
          41	     1.11589	     1.08969	   0.0147098
          42	     1.08789	     1.08965	   0.0143597
          43	     1.18068	     1.09176	   0.0141809
          44	     1.19236	     1.09405	   0.0140417
          45	     1.17395	     1.09582	   0.0138415
          46	     1.04292	     1.09467	   0.0135883
          47	    0.971459	     1.09205	   0.0135497
          48	     1.14378	     1.09313	   0.0133102
          49	     1.22443	     1.09581	   0.0133056
          50	     1.11787	     1.09625	   0.0130468
          51	     1.24371	     1.09914	   0.0131074
          52	     1.22494	     1.10156	   0.0130767
          53	     1.01705	     1.09997	   0.0129268
          54	     1.21622	     1.10212	   0.0128655
          55	     1.13222	     1.10267	   0.0126432
          56	     1.09135	     1.10247	    0.012419
          57	     1.00335	     1.10073	   0.0123223
          58	     1.04458	     1.09976	   0.0121478
          59	     1.01308	     1.09829	   0.0120304
          60	     1.07092	     1.09783	   0.0118385
          61	     1.08411	     1.09761	   0.0116466
          62	     1.29975	     1.10087	   0.0119063
          63	    0.926667	      1.0981	   0.0120342
          64	     1.08944	     1.09797	   0.0118469
          65	     1.01002	     1.09661	   0.0117416
          66	     1.10836	     1.09679	   0.0115651
          67	     1.17283	     1.09793	    0.011448
          68	     1.11877	     1.09823	   0.0112838
          69	     1.17589	     1.09936	   0.0111762
          70	     1.10141	     1.09939	   0.0110166
          71	    0.959495	     1.09742	   0.0110362
          72	     1.08259	     1.09721	   0.0108849
          73	      1.1596	     1.09807	   0.0107693
          74	     1.02886	     1.09713	   0.0106643
          75	     1.01658	     1.09606	    0.010576
          76	     1.07596	     1.09579	   0.0104402
          77	    0.954486	     1.09396	   0.0104646
          78	     1.00404	     1.09281	   0.0103938
          79	     1.16339	      1.0937	   0.0103005
          80	     1.14245	     1.09431	   0.0101898
          81	     1.06757	     1.09398	   0.0100693
          82	     1.17892	     1.09501	  0.00999968
          83	     1.09859	     1.09506	  0.00987929
          84	     1.05023	     1.09452	  0.00977608
          85	     1.03751	     1.09385	  0.00968405
          86	     1.11679	     1.09412	  0.00957512
          87	     1.06375	     1.09377	  0.00947142
          88	    0.870811	     1.09124	  0.00969675
          89	    0.970378	     1.08988	  0.00968242
          90	     1.16555	     1.09072	  0.00961127
          91	     1.13625	     1.09122	  0.00951867
          92	     1.10836	     1.09141	  0.00941703
          93	     1.31229	     1.09378	  0.00961061
          94	     1.21578	     1.09508	  0.00959561
          95	     1.05056	     1.09461	  0.00950604
          96	     1.12706	     1.09495	  0.00941303
          97	     1.15921	     1.09561	  0.00933927
          98	     1.01351	     1.09477	  0.00928147
          99	     1.09762	      1.0948	  0.00918776
         100	     1.00732	     1.09393	  0.00913744
