#     BLOCK:   ACTUAL_M:     M_AVE:       ERROR:
               1	         0.44752	         0.44752	               0
               2	          0.1786	         0.31306	       0.0950776
               3	         0.39164	        0.339253	       0.0668959
               4	          0.3846	         0.35059	       0.0511235
               5	         0.26816	        0.334104	       0.0434758
               6	         0.47592	         0.35774	       0.0421681
               7	         0.45032	        0.370966	       0.0381618
               8	         0.56912	        0.395735	       0.0406427
               9	          0.6328	        0.422076	       0.0438393
              10	         0.12508	        0.392376	       0.0484828
              11	          0.3088	        0.384778	       0.0446666
              12	         0.29316	        0.377143	       0.0415918
              13	         0.69636	        0.401698	       0.0450616
              14	         0.18888	        0.386497	       0.0443329
              15	          0.4322	        0.389544	        0.041482
              16	         0.39404	        0.389825	       0.0388903
              17	         0.55308	        0.399428	       0.0377697
              18	          0.4694	        0.403316	       0.0358709
              19	         0.39224	        0.402733	       0.0339877
              20	         0.23944	        0.394568	       0.0332545
              21	          0.5666	         0.40276	       0.0326644
              22	         0.05756	        0.387069	       0.0347445
              23	          0.4366	        0.389223	       0.0333006
              24	         0.35152	        0.387652	       0.0319501
              25	         0.32128	        0.384997	       0.0307822
              26	         0.41804	        0.386268	       0.0296245
              27	          0.4914	        0.390161	        0.028782
              28	         0.61136	        0.398061	       0.0288179
              29	         0.45104	        0.399888	        0.027882
              30	          0.3256	        0.397412	       0.0270624
              31	         0.09744	        0.387735	       0.0278657
              32	         0.15732	        0.380535	       0.0279097
              33	         0.18812	        0.374704	       0.0276663
              34	          0.2544	        0.371166	       0.0270779
              35	         0.10216	         0.36348	       0.0273733
              36	          0.2422	        0.360111	       0.0268195
              37	         0.30768	        0.358694	        0.026132
              38	         0.47708	        0.361809	       0.0256294
              39	         0.11472	        0.355474	       0.0257434
              40	         0.53616	        0.359991	        0.025493
              41	         0.27804	        0.357992	       0.0249495
              42	         0.60392	        0.363848	       0.0250331
              43	         0.50128	        0.367044	       0.0246542
              44	          0.0444	        0.359711	       0.0251607
              45	         0.45928	        0.361924	       0.0246987
              46	         0.37816	        0.362277	       0.0241643
              47	         0.43912	        0.363911	       0.0237054
              48	         0.45108	        0.365727	        0.023281
              49	         0.14948	        0.361314	       0.0232204
              50	          0.0432	        0.354952	       0.0236115
              51	         0.18584	        0.351636	       0.0233802
              52	         0.38064	        0.352194	       0.0229373
              53	         0.49424	        0.354874	       0.0226605
              54	         0.11832	        0.350493	       0.0226603
              55	         0.16124	        0.347052	       0.0225081
              56	         0.48648	        0.349542	       0.0222434
              57	         0.63236	        0.354504	       0.0223997
              58	         0.36716	        0.354722	       0.0220146
              59	          0.3386	        0.354449	       0.0216432
              60	         0.31852	         0.35385	       0.0212907
              61	         0.61524	        0.358135	       0.0213686
              62	         0.39044	        0.358656	       0.0210303
              63	         0.12836	        0.355001	       0.0210118
              64	         0.49828	        0.357239	       0.0208024
              65	         0.55056	        0.360214	       0.0206939
              66	         0.20052	        0.357794	       0.0205213
              67	         0.55212	        0.360694	       0.0204189
              68	         0.37832	        0.360954	       0.0201203
              69	         0.38888	        0.361358	       0.0198328
              70	         0.16456	        0.358547	       0.0197477
              71	         0.40068	         0.35914	       0.0194785
              72	         0.66704	        0.363417	       0.0196718
              73	         0.28752	        0.362377	       0.0194297
              74	         0.46744	        0.363797	        0.019219
              75	         0.30708	        0.363041	       0.0189776
              76	         0.44356	          0.3641	       0.0187575
              77	         0.46624	        0.365426	       0.0185607
              78	         0.60648	        0.368517	       0.0185782
              79	         0.42436	        0.369224	       0.0183565
              80	         0.55984	        0.371606	        0.018281
              81	          0.2512	         0.37012	       0.0181157
              82	         -0.0806	        0.364623	       0.0187101
              83	         0.51324	        0.366414	       0.0185701
              84	         0.56448	        0.368772	       0.0184981
              85	          0.4222	          0.3694	       0.0182912
              86	         0.35464	        0.369229	       0.0180793
              87	          0.3526	        0.369038	       0.0178725
              88	         0.31708	        0.368447	       0.0176792
              89	         0.42592	        0.369093	       0.0174923
              90	         0.49864	        0.370532	       0.0173571
              91	         0.32872	        0.370073	       0.0171724
              92	         0.25856	        0.368861	       0.0170285
              93	         0.38524	        0.369037	       0.0168463
              94	         0.42684	        0.369652	       0.0166783
              95	         0.28036	        0.368712	       0.0165292
              96	          0.5212	          0.3703	       0.0164332
              97	          0.4534	        0.371157	       0.0162861
              98	         0.42068	        0.371662	       0.0161277
              99	         0.48444	        0.372802	        0.016005
             100	         0.30368	         0.37211	       0.0158599
             101	         0.52456	         0.37362	       0.0157745
             102	          0.6124	        0.375961	       0.0157926
             103	         0.12444	        0.373519	       0.0158269
             104	         0.48316	        0.374573	       0.0157098
             105	          0.4128	        0.374937	       0.0155644
             106	         0.50476	        0.376162	       0.0154657
             107	         0.09688	        0.373552	       0.0155399
             108	         0.49036	        0.374633	       0.0154336
             109	          0.0634	        0.371778	       0.0155539
             110	         0.46876	         0.37266	       0.0154374
             111	         0.51972	        0.373985	       0.0153551
             112	         0.67796	        0.376699	        0.015456
             113	         0.55276	        0.378257	       0.0153976
             114	         0.37508	        0.378229	       0.0152625
             115	         0.54196	        0.379653	       0.0151961
             116	         0.46744	        0.380409	       0.0150839
             117	         0.36528	         0.38028	       0.0149555
             118	         0.38324	        0.380305	       0.0148288
             119	         0.34384	        0.379999	       0.0147074
             120	         0.25576	        0.378963	       0.0146212
             121	         0.30584	        0.378359	       0.0145128
             122	         0.55532	         0.37981	       0.0144662
             123	        -0.07504	        0.376112	       0.0148137
             124	         0.26592	        0.375223	       0.0147208
             125	         0.53208	        0.376478	       0.0146565
             126	         0.64104	        0.378577	       0.0146898
             127	          0.4692	        0.379291	       0.0145914
             128	         0.30612	        0.378719	       0.0144886
             129	         0.05776	        0.376231	       0.0145884
             130	          0.4794	        0.377025	       0.0144977
             131	          0.4186	        0.377342	       0.0143905
             132	         0.42672	        0.377716	       0.0142864
             133	          0.5766	        0.379212	        0.014257
             134	         0.34456	        0.378953	        0.014153
             135	         0.31408	        0.378473	       0.0140563
             136	         0.14504	        0.376756	       0.0140573
             137	         0.46052	        0.377368	        0.013968
             138	         0.30648	        0.376854	       0.0138762
             139	         0.30312	        0.376323	       0.0137865
             140	         0.31192	        0.375863	       0.0136957
             141	           0.628	        0.377652	       0.0137148
             142	         0.36356	        0.377552	       0.0136186
             143	         0.40868	         0.37777	       0.0135251
             144	         0.37908	        0.377779	       0.0134312
             145	         0.65328	        0.379679	       0.0134723
             146	         0.08024	        0.377628	       0.0135352
             147	          0.4552	        0.378156	       0.0134534
             148	         0.35668	        0.378011	       0.0133633
             149	         0.20976	        0.376882	       0.0133213
             150	         0.34648	        0.376679	        0.013234
             151	         0.25556	        0.375877	       0.0131706
             152	         0.44788	        0.376351	       0.0130925
             153	          0.6222	        0.377957	       0.0131052
             154	         0.41508	        0.378198	       0.0130223
             155	         0.20192	        0.377061	       0.0129878
             156	         0.28748	        0.376487	       0.0129173
             157	         0.53892	        0.377522	       0.0128764
             158	         0.15016	        0.376083	        0.012875
             159	         0.39264	        0.376187	       0.0127945
             160	         0.34488	        0.375991	        0.012716
             161	         0.45116	        0.376458	       0.0126456
             162	          0.2546	        0.375706	       0.0125899
             163	         0.21668	         0.37473	       0.0125504
             164	          0.3618	        0.374651	       0.0124741
             165	         0.34236	        0.374456	          0.0124
             166	         0.59768	          0.3758	        0.012398
             167	         0.36664	        0.375745	       0.0123239
             168	         -0.0364	        0.373292	       0.0124924
             169	         0.44076	        0.373691	       0.0124248
             170	          0.1672	        0.372477	        0.012411
             171	          0.2802	        0.371937	       0.0123501
             172	         0.44532	        0.372364	       0.0122857
             173	         0.31904	        0.372055	       0.0122185
             174	         0.29084	        0.371589	       0.0121572
             175	         0.28832	        0.371113	        0.012097
             176	         0.61592	        0.372504	        0.012108
             177	         0.41332	        0.372734	       0.0120418
             178	         0.61484	        0.374095	       0.0120507
             179	          0.4426	        0.374477	       0.0119895
             180	         0.58948	        0.375672	       0.0119822
             181	           0.177	        0.374574	       0.0119662
             182	         0.28792	        0.374098	       0.0119099
             183	         0.00904	        0.372103	       0.0120107
             184	         0.23052	        0.371334	       0.0119701
             185	         0.31296	        0.371018	       0.0119095
             186	         0.18988	        0.370044	       0.0118853
             187	          0.1532	        0.368885	       0.0118781
             188	         0.34408	        0.368753	       0.0118157
             189	         0.42148	        0.369032	       0.0117565
             190	          0.2058	        0.368173	       0.0117259
             191	         0.21184	        0.367354	       0.0116931
             192	         0.30372	        0.367023	       0.0116369
             193	         0.31388	        0.366747	       0.0115798
             194	         -0.0308	        0.364698	          0.0117
             195	         0.53492	        0.365571	       0.0116726
             196	          0.4696	        0.366102	       0.0116251
             197	           0.499	        0.366776	       0.0115856
             198	         0.33412	        0.366612	       0.0115283
             199	         0.64624	        0.368017	       0.0115557
             200	           0.733	        0.369842	       0.0116411
