#   N_BLOCK:  ACCEPTANCE:
           1	    0.393708
           2	    0.392834
           3	    0.393411
           4	    0.393933
           5	    0.393805
           6	    0.393356
           7	    0.393392
           8	    0.393271
           9	    0.393125
          10	    0.393374
          11	    0.393557
          12	    0.393786
          13	    0.393862
          14	    0.393935
          15	    0.394008
          16	    0.394065
          17	     0.39419
          18	    0.394204
          19	     0.39409
          20	    0.394044
          21	    0.393996
          22	    0.393919
          23	    0.393883
          24	    0.393901
          25	    0.393896
          26	    0.393874
          27	    0.393881
          28	    0.393879
          29	    0.393907
          30	    0.393965
          31	    0.393989
          32	    0.393997
          33	    0.394004
          34	    0.394049
          35	    0.394021
          36	    0.393984
          37	    0.393974
          38	     0.39399
          39	    0.394054
          40	    0.394059
          41	    0.394068
          42	    0.394016
          43	       0.394
          44	    0.393923
          45	    0.393939
          46	    0.393878
          47	    0.393897
          48	    0.393878
          49	    0.393815
          50	    0.393789
          51	    0.393818
          52	    0.393834
          53	     0.39383
          54	    0.393888
          55	    0.393873
          56	    0.393844
          57	     0.39382
          58	    0.393845
          59	    0.393837
          60	    0.393843
          61	    0.393833
          62	    0.393805
          63	    0.393803
          64	    0.393796
          65	     0.39378
          66	    0.393836
          67	    0.393858
          68	    0.393868
          69	    0.393847
          70	     0.39387
          71	    0.393887
          72	    0.393877
          73	    0.393857
          74	    0.393837
          75	    0.393837
          76	     0.39387
          77	    0.393843
          78	    0.393813
          79	    0.393806
          80	    0.393781
          81	    0.393761
          82	    0.393777
          83	    0.393804
          84	    0.393822
          85	    0.393858
          86	    0.393864
          87	    0.393845
          88	    0.393853
          89	    0.393828
          90	    0.393802
          91	    0.393792
          92	    0.393786
          93	    0.393828
          94	     0.39382
          95	    0.393854
          96	    0.393867
          97	    0.393871
          98	    0.393876
          99	    0.393849
         100	    0.393843
