#     BLOCK:   ACTUAL_CV:    CV_AVE:      ERROR:
               1	        0.373102	        0.373102	               0
               2	        0.376882	        0.374992	      0.00133669
               3	        0.394625	        0.381536	      0.00541722
               4	         0.40894	        0.388387	      0.00719082
               5	        0.378284	        0.386366	       0.0060299
               6	        0.421696	        0.392255	      0.00735819
               7	         0.35984	        0.387624	      0.00762617
               8	        0.372628	        0.385749	      0.00689944
               9	        0.366102	        0.383566	      0.00646899
              10	        0.412811	        0.386491	      0.00644934
              11	        0.395802	        0.387337	      0.00591833
              12	        0.374751	        0.386288	      0.00551729
              13	        0.423316	        0.389137	      0.00578151
              14	        0.357661	        0.386888	      0.00578922
              15	        0.378386	        0.386322	      0.00543095
              16	        0.409482	        0.387769	       0.0052809
              17	        0.347664	         0.38541	      0.00547188
              18	         0.38025	        0.385123	      0.00517539
              19	        0.380862	        0.384899	      0.00490786
              20	        0.386758	        0.384992	      0.00466335
              21	        0.365756	        0.384076	      0.00453036
              22	        0.410984	        0.385299	      0.00448649
              23	        0.390315	        0.385517	      0.00429673
              24	         0.38187	        0.385365	      0.00412038
              25	        0.372793	        0.384862	      0.00398614
              26	         0.35562	        0.383738	      0.00398834
              27	        0.348667	        0.382439	      0.00404661
              28	        0.374233	        0.382146	      0.00391269
              29	        0.387201	         0.38232	      0.00378165
              30	        0.378018	        0.382177	      0.00365831
              31	        0.374467	        0.381928	      0.00354875
              32	        0.377426	        0.381787	      0.00344063
              33	        0.341632	         0.38057	      0.00354502
              34	        0.400919	        0.381169	      0.00349091
              35	        0.369912	        0.380847	      0.00340596
              36	        0.439158	        0.382467	      0.00367637
              37	        0.453513	        0.384387	      0.00404751
              38	        0.411243	        0.385094	      0.00400223
              39	        0.359211	         0.38443	      0.00395425
              40	        0.406206	        0.384975	      0.00389269
              41	         0.33564	        0.383771	      0.00397938
              42	        0.358694	        0.383174	      0.00392917
              43	        0.391617	        0.383371	      0.00384269
              44	        0.400335	        0.383756	      0.00377465
              45	        0.398558	        0.384085	      0.00370508
              46	        0.365688	        0.383685	      0.00364605
              47	        0.425642	        0.384578	      0.00367614
              48	        0.369391	        0.384261	      0.00361314
              49	        0.357146	        0.383708	      0.00358153
              50	        0.353536	        0.383105	      0.00356037
              51	        0.412611	        0.383683	      0.00353726
              52	        0.342643	        0.382894	      0.00355619
              53	        0.390239	        0.383033	      0.00349179
              54	        0.389634	        0.383155	      0.00342927
              55	        0.374864	        0.383004	      0.00337023
              56	        0.321908	        0.381913	      0.00348216
              57	         0.38864	        0.382031	      0.00342307
              58	        0.403448	          0.3824	      0.00338391
              59	        0.388538	        0.382504	      0.00332815
              60	        0.368702	        0.382274	      0.00328063
              61	        0.357906	        0.381875	      0.00325108
              62	        0.417857	        0.382455	      0.00325003
              63	        0.415933	        0.382987	      0.00324159
              64	        0.372322	         0.38282	      0.00319522
              65	        0.395376	        0.383013	       0.0031519
              66	        0.413475	        0.383475	      0.00313775
              67	        0.398179	        0.383694	      0.00309859
              68	        0.371393	        0.383513	       0.0030583
              69	        0.398377	        0.383729	      0.00302155
              70	        0.384156	        0.383735	      0.00297839
              71	        0.352883	          0.3833	      0.00296797
              72	        0.403216	        0.383577	      0.00293961
              73	        0.404543	        0.383864	      0.00291334
              74	        0.377978	        0.383784	      0.00287505
              75	        0.352945	        0.383373	      0.00286597
              76	        0.410159	        0.383726	      0.00284985
              77	        0.395808	        0.383883	      0.00281716
              78	        0.415387	        0.384287	      0.00280985
              79	        0.442918	        0.385029	      0.00287062
              80	        0.371654	        0.384862	       0.0028396
              81	        0.386365	         0.38488	       0.0028046
              82	        0.407586	        0.385157	      0.00278404
              83	        0.366946	        0.384938	      0.00275913
              84	        0.366952	        0.384723	      0.00273458
              85	        0.354232	        0.384365	      0.00272583
              86	        0.366644	        0.384159	      0.00270191
              87	        0.376768	        0.384074	      0.00267219
              88	        0.381047	        0.384039	      0.00264205
              89	        0.427757	        0.384531	      0.00265763
              90	        0.383677	        0.384521	      0.00262812
              91	        0.395725	        0.384644	      0.00260212
              92	        0.382282	        0.384619	      0.00257396
              93	        0.365223	         0.38441	      0.00255472
              94	        0.366088	        0.384215	      0.00253497
              95	        0.361497	        0.383976	      0.00251954
              96	        0.351234	        0.383635	      0.00251627
              97	        0.420586	        0.384016	        0.002519
              98	        0.365747	        0.383829	      0.00250019
              99	        0.405476	        0.384048	      0.00248447
             100	        0.392929	        0.384137	      0.00246122
             101	        0.423053	        0.384522	      0.00246682
             102	        0.386619	        0.384543	      0.00244272
             103	        0.341535	        0.384125	      0.00245444
             104	        0.357916	        0.383873	      0.00244374
             105	        0.413742	        0.384158	      0.00243697
             106	        0.424574	        0.384539	      0.00244362
             107	        0.386506	        0.384557	      0.00242085
             108	        0.378895	        0.384505	      0.00239901
             109	        0.420844	        0.384838	      0.00240005
             110	        0.351992	         0.38454	      0.00239674
             111	        0.409474	        0.384764	      0.00238565
             112	        0.441381	         0.38527	      0.00241731
             113	        0.369702	        0.385132	      0.00239984
             114	        0.367792	         0.38498	       0.0023836
             115	        0.425426	        0.385332	      0.00238868
             116	        0.382264	        0.385305	      0.00236824
             117	        0.405786	         0.38548	      0.00235446
             118	        0.342837	        0.385119	      0.00236208
             119	         0.39435	        0.385196	       0.0023435
             120	        0.354819	        0.384943	       0.0023376
             121	        0.367449	        0.384799	      0.00232275
             122	        0.427916	        0.385152	      0.00233044
             123	        0.358178	        0.384933	      0.00232179
             124	        0.414624	        0.385172	      0.00231538
             125	        0.397627	        0.385272	        0.002299
             126	        0.341632	        0.384926	       0.0023067
             127	        0.377792	        0.384869	      0.00228922
             128	        0.401837	        0.385002	      0.00227517
             129	        0.364478	        0.384843	      0.00226309
             130	        0.420595	        0.385118	      0.00226233
             131	        0.398942	        0.385223	      0.00224752
             132	        0.377854	        0.385168	      0.00223118
             133	        0.386758	        0.385179	      0.00221444
             134	        0.368996	        0.385059	      0.00220121
             135	        0.347246	        0.384779	      0.00220265
             136	         0.37163	        0.384682	      0.00218857
             137	        0.338381	        0.384344	      0.00219854
             138	        0.392608	        0.384404	      0.00218342
             139	         0.41485	        0.384623	      0.00217867
             140	        0.358981	         0.38444	       0.0021708
             141	        0.355322	        0.384233	       0.0021652
             142	        0.368078	        0.384119	      0.00215294
             143	         0.35592	        0.383922	       0.0021469
             144	        0.381988	        0.383909	      0.00213203
             145	        0.404025	        0.384048	      0.00212184
             146	        0.364759	        0.383915	      0.00211141
             147	        0.373837	        0.383847	      0.00209816
             148	        0.348964	        0.383611	      0.00209718
             149	        0.371772	        0.383532	      0.00208461
             150	        0.363694	        0.383399	       0.0020749
             151	        0.386022	        0.383417	      0.00206124
             152	        0.388325	        0.383449	      0.00204793
             153	         0.40447	        0.383587	      0.00203915
             154	        0.368625	        0.383489	      0.00202822
             155	        0.414294	        0.383688	      0.00202485
             156	        0.377896	        0.383651	      0.00201221
             157	        0.357191	        0.383482	      0.00200644
             158	        0.381954	        0.383473	      0.00199376
             159	        0.398593	        0.383568	      0.00198349
             160	        0.361985	        0.383433	      0.00197567
             161	        0.335868	        0.383138	      0.00198537
             162	         0.33056	        0.382813	      0.00199946
             163	        0.391447	        0.382866	       0.0019879
             164	        0.415403	        0.383064	      0.00198565
             165	        0.370741	         0.38299	      0.00197502
             166	        0.342247	        0.382744	      0.00197832
             167	        0.364962	        0.382638	      0.00196933
             168	          0.4114	        0.382809	      0.00196504
             169	        0.378528	        0.382784	      0.00195357
             170	        0.373154	        0.382727	       0.0019429
             171	        0.351826	        0.382546	      0.00193993
             172	        0.451696	        0.382948	      0.00196987
             173	        0.408527	        0.383096	      0.00196402
             174	        0.365527	        0.382995	      0.00195533
             175	        0.423556	        0.383227	      0.00195784
             176	        0.364108	        0.383118	      0.00194973
             177	        0.379933	          0.3831	       0.0019388
             178	        0.394308	        0.383163	      0.00192893
             179	        0.412484	        0.383327	      0.00192509
             180	        0.366178	        0.383232	      0.00191675
             181	        0.386298	        0.383249	      0.00190624
             182	        0.384575	        0.383256	      0.00189578
             183	         0.40713	        0.383387	       0.0018899
             184	        0.390896	        0.383427	      0.00188007
             185	        0.335972	        0.383171	      0.00188733
             186	        0.336085	        0.382918	      0.00189408
             187	        0.396286	        0.382989	       0.0018853
             188	        0.334584	        0.382732	      0.00189277
             189	        0.437939	        0.383024	      0.00190517
             190	        0.368812	        0.382949	      0.00189661
             191	        0.353712	        0.382796	      0.00189284
             192	        0.393176	         0.38285	      0.00188376
             193	        0.374457	        0.382806	       0.0018745
             194	        0.295773	        0.382358	      0.00191777
             195	        0.342391	        0.382153	      0.00191886
             196	        0.408551	        0.382288	      0.00191379
             197	         0.36436	        0.382197	      0.00190624
             198	        0.399147	        0.382282	      0.00189853
             199	        0.391257	        0.382327	      0.00188952
             200	        0.433323	        0.382582	       0.0018972
