#     BLOCK:   ACTUAL_X:     X_AVE:       ERROR:
               1	         1.45523	         1.45523	               0
               2	         1.73656	         1.59589	       0.0994664
               3	          1.5988	         1.59686	       0.0663156
               4	          1.4572	         1.56195	       0.0582064
               5	         1.76804	         1.60317	       0.0593931
               6	         1.55406	         1.59498	       0.0500548
               7	         1.62908	         1.59985	       0.0431404
               8	         1.39239	         1.57392	       0.0448705
               9	         1.33927	         1.54785	       0.0468513
              10	         1.29751	         1.52281	       0.0483945
              11	         1.82813	         1.55057	       0.0513412
              12	         1.75802	         1.56786	       0.0498885
              13	         1.15308	         1.53595	       0.0553208
              14	          1.6086	         1.54114	       0.0516121
              15	         1.81424	         1.55935	       0.0512821
              16	         1.42004	         1.55064	       0.0488104
              17	         1.67432	         1.55792	       0.0464783
              18	         1.45157	         1.55201	       0.0442701
              19	         1.66624	         1.55802	       0.0423463
              20	         1.70718	         1.56548	       0.0408805
              21	         1.71097	         1.57241	       0.0395165
              22	         1.50533	         1.56936	       0.0378377
              23	         1.41303	         1.56256	        0.036798
              24	          1.5471	         1.56192	       0.0352704
              25	         1.47368	         1.55839	       0.0340357
              26	         1.62305	         1.56087	       0.0328174
              27	         1.53626	         1.55996	       0.0316146
              28	         1.84563	         1.57016	       0.0320896
              29	         1.49153	         1.56745	       0.0310974
              30	         1.68353	         1.57132	       0.0303006
              31	          1.6566	         1.57407	       0.0294478
              32	         1.64305	         1.57623	       0.0286063
              33	         1.70753	         1.58021	       0.0280148
              34	         1.33058	         1.57287	       0.0281364
              35	         1.55914	         1.57247	       0.0273353
              36	          1.5594	         1.57211	       0.0265784
              37	         1.45381	         1.56891	       0.0260516
              38	         1.49763	         1.56704	       0.0254335
              39	         1.42404	         1.56337	       0.0250443
              40	         1.70804	         1.56699	       0.0246779
              41	         1.71071	         1.57049	       0.0243237
              42	         1.61234	         1.57149	        0.023765
              43	         1.72499	         1.57506	       0.0234789
              44	         1.54753	         1.57443	       0.0229536
              45	         1.54826	         1.57385	       0.0224509
              46	         1.54099	         1.57314	       0.0219742
              47	         1.54796	          1.5726	       0.0215132
              48	         1.53682	         1.57186	       0.0210779
              49	          1.5249	          1.5709	       0.0206695
              50	         1.65166	         1.57251	       0.0203192
              51	         1.92004	         1.57933	       0.0210324
              52	         1.65716	         1.58082	       0.0206811
              53	         1.28486	         1.57524	       0.0210313
              54	         1.62662	         1.57619	       0.0206633
              55	         1.57544	         1.57618	       0.0202876
              56	         1.63092	         1.57716	       0.0199489
              57	         1.47295	         1.57533	       0.0196825
              58	         1.53944	         1.57471	       0.0193529
              59	         1.57118	         1.57465	        0.019025
              60	         1.38611	         1.57151	       0.0189656
              61	         1.62559	         1.57239	       0.0186754
              62	         1.68692	         1.57424	       0.0184653
              63	         1.31067	         1.57006	       0.0186402
              64	         1.54241	         1.56962	       0.0183539
              65	         1.51892	         1.56884	       0.0180881
              66	         1.59841	         1.56929	       0.0178196
              67	         1.68877	         1.57108	       0.0176426
              68	         1.60585	         1.57159	       0.0173906
              69	         1.71501	         1.57367	       0.0172623
              70	         1.70245	         1.57551	       0.0171135
              71	         1.32017	         1.57191	       0.0172462
              72	         1.35591	         1.56891	       0.0172656
              73	         1.63785	         1.56985	       0.0170549
              74	         1.41604	         1.56778	       0.0169506
              75	         1.56262	         1.56771	       0.0167247
              76	         1.62654	         1.56848	       0.0165226
              77	         1.51058	         1.56773	       0.0163251
              78	         1.42748	         1.56593	       0.0162145
              79	         1.63062	         1.56675	       0.0160299
              80	         1.66443	         1.56797	        0.015876
              81	         1.52886	         1.56749	       0.0156873
              82	          1.4849	         1.56648	       0.0155283
              83	         1.56052	         1.56641	       0.0153414
              84	         1.38662	         1.56427	       0.0153073
              85	         1.49703	         1.56348	       0.0151477
              86	          1.7209	         1.56531	       0.0150817
              87	         1.35222	         1.56286	        0.015106
              88	           1.264	         1.55946	       0.0153113
              89	         1.36916	         1.55732	       0.0152878
              90	         1.60301	         1.55783	       0.0151264
              91	         1.64482	         1.55879	       0.0149903
              92	         1.45204	         1.55763	       0.0148722
              93	         1.72718	         1.55945	       0.0148237
              94	         1.65604	         1.56048	       0.0147015
              95	         1.51368	         1.55999	        0.014555
              96	         1.67222	         1.56115	       0.0144503
              97	         1.63196	         1.56188	       0.0143197
              98	         1.39996	         1.56023	       0.0142686
              99	         1.65105	         1.56115	        0.014154
             100	         1.39054	         1.55944	       0.0141149
             101	         1.69312	         1.56077	        0.014037
             102	         1.46563	         1.55983	       0.0139304
             103	         1.72701	         1.56146	       0.0138894
             104	         1.54047	         1.56126	       0.0137573
             105	         1.46409	         1.56033	       0.0136573
             106	         1.57394	         1.56046	       0.0135291
             107	         1.73183	         1.56206	       0.0134971
             108	         1.41123	         1.56066	       0.0134442
             109	          1.5046	         1.56015	       0.0133307
             110	         1.55161	         1.56007	       0.0132097
             111	         1.64637	         1.56085	       0.0131136
             112	         1.62516	         1.56142	       0.0130091
             113	         1.69673	         1.56262	       0.0129489
             114	         1.64232	         1.56332	       0.0128542
             115	         1.55131	         1.56322	       0.0127429
             116	          1.3969	         1.56178	       0.0127134
             117	         1.46624	         1.56096	       0.0126309
             118	         1.53135	         1.56071	       0.0125264
             119	         1.33927	         1.55885	       0.0125586
             120	         1.47045	         1.55812	       0.0124755
             121	         1.54598	         1.55802	       0.0123728
             122	         1.64095	          1.5587	       0.0122901
             123	         1.96546	           1.562	       0.0126273
             124	         1.48942	         1.56142	        0.012539
             125	         1.58095	         1.56157	       0.0124396
             126	         1.55471	         1.56152	        0.012341
             127	         1.42912	         1.56048	       0.0122878
             128	         1.84624	         1.56271	        0.012393
             129	         1.77751	         1.56437	       0.0124082
             130	         1.34619	          1.5627	       0.0124258
             131	         1.63897	         1.56328	       0.0123446
             132	         1.59892	         1.56355	        0.012254
             133	         1.53342	         1.56332	        0.012164
             134	         1.57488	         1.56341	       0.0120735
             135	         1.61166	         1.56377	       0.0119893
             136	         1.51394	          1.5634	       0.0119068
             137	         1.60568	         1.56371	       0.0118239
             138	         1.48852	         1.56316	       0.0117507
             139	         1.56039	         1.56314	       0.0116662
             140	          1.6449	         1.56373	       0.0115975
             141	         1.51974	         1.56341	       0.0115194
             142	         1.68671	         1.56428	        0.011471
             143	         1.42753	         1.56333	       0.0114306
             144	         1.56344	         1.56333	       0.0113512
             145	         1.55669	         1.56328	        0.011273
             146	         1.82981	         1.56511	       0.0113426
             147	         1.73888	         1.56629	       0.0113269
             148	         1.40499	          1.5652	       0.0113027
             149	         1.52843	         1.56495	       0.0112295
             150	         1.65961	         1.56558	       0.0111724
             151	         1.80335	         1.56716	       0.0112088
             152	         1.47789	         1.56657	       0.0111504
             153	          1.5332	         1.56635	       0.0110797
             154	         1.46181	         1.56567	       0.0110285
             155	         1.53617	         1.56548	        0.010959
             156	         1.25953	         1.56352	       0.0110629
             157	         1.58748	         1.56368	       0.0109935
             158	         1.56275	         1.56367	       0.0109239
             159	         1.55875	         1.56364	       0.0108552
             160	         1.66572	         1.56428	       0.0108061
             161	         1.78258	         1.56563	       0.0108237
             162	         1.60426	         1.56587	       0.0107595
             163	         1.45888	         1.56521	       0.0107135
             164	         1.56877	         1.56524	       0.0106482
             165	         1.73837	         1.56629	       0.0106353
             166	         1.71062	         1.56716	       0.0106067
             167	         1.55011	         1.56705	       0.0105437
             168	         1.49905	         1.56665	       0.0104887
             169	         1.62022	         1.56697	       0.0104314
             170	         1.62112	         1.56728	       0.0103749
             171	         1.64606	         1.56774	       0.0103244
             172	          1.4591	         1.56711	       0.0102837
             173	         1.81751	         1.56856	       0.0103256
             174	            1.56	         1.56851	       0.0102664
             175	         1.69626	         1.56924	       0.0102337
             176	         1.60559	         1.56945	       0.0101776
             177	         1.49157	         1.56901	       0.0101296
             178	         1.36477	         1.56786	       0.0101375
             179	         1.68452	         1.56851	       0.0101018
             180	         1.44796	         1.56784	       0.0100678
             181	         1.58383	         1.56793	       0.0100126
             182	         1.60138	         1.56811	      0.00995925
             183	         1.44869	         1.56746	      0.00992618
             184	          1.8563	         1.56903	      0.00999559
             185	         1.67751	         1.56962	      0.00995875
             186	         1.67574	         1.57019	      0.00992154
             187	         1.33135	         1.56891	      0.00995034
             188	         1.37557	         1.56788	      0.00995042
             189	         1.59123	         1.56801	      0.00989854
             190	         1.85075	         1.56949	      0.00995768
             191	         1.53948	         1.56934	      0.00990678
             192	         1.42968	         1.56861	      0.00988185
             193	         1.52817	          1.5684	      0.00983287
             194	          1.6557	         1.56885	      0.00979248
             195	         1.74649	         1.56976	      0.00978454
             196	         1.44224	         1.56911	      0.00975623
             197	         1.31273	         1.56781	      0.00979312
             198	         1.67927	         1.56837	      0.00975983
             199	         1.48052	         1.56793	      0.00972076
             200	         1.51355	         1.56766	      0.00967596
