#     BLOCK:   ACTUAL_M:     M_AVE:       ERROR:
               1	        0.996704	        0.996704	               0
               2	        0.996768	        0.996736	     2.26274e-05
               3	        0.996816	        0.996763	     2.64883e-05
               4	         0.99452	        0.996202	     0.000485958
               5	        0.986956	        0.994353	      0.00169905
               6	        0.999312	        0.995179	      0.00160437
               7	         0.98752	        0.994085	      0.00170802
               8	        0.999708	        0.994788	      0.00163274
               9	        0.999792	        0.995344	      0.00154309
              10	        0.999672	        0.995777	       0.0014482
              11	        0.999736	        0.996137	      0.00136054
              12	          0.9952	        0.996059	       0.0012494
              13	         0.99334	         0.99585	      0.00117066
              14	        0.978676	        0.994623	       0.0016059
              15	        0.995928	         0.99471	       0.0015012
              16	         0.99938	        0.995002	      0.00143547
              17	        0.992448	        0.994852	      0.00135887
              18	        0.999044	        0.995084	      0.00130318
              19	        0.997564	        0.995215	      0.00124111
              20	        0.998892	        0.995399	       0.0011926
              21	        0.998248	        0.995534	       0.0011435
              22	        0.999344	        0.995708	      0.00110455
              23	        0.990756	        0.995492	      0.00107731
              24	        0.996324	        0.995527	      0.00103298
              25	        0.994044	        0.995468	     0.000993359
              26	        0.999496	        0.995623	      0.00096716
              27	         0.99946	        0.995765	     0.000941724
              28	        0.993516	        0.995684	     0.000911509
              29	        0.998716	        0.995789	     0.000886052
              30	        0.999668	        0.995918	       0.0008659
              31	        0.958204	        0.994702	        0.001461
              32	        0.998784	        0.994829	      0.00142091
              33	        0.625652	        0.983642	       0.0111022
              34	        0.904972	        0.981328	       0.0110142
              35	        0.996204	        0.981753	       0.0107077
              36	        0.997448	        0.982189	       0.0104191
              37	        0.969976	        0.981859	       0.0101427
              38	         0.99972	        0.982329	       0.0098867
              39	        0.999916	         0.98278	      0.00964347
              40	        0.999776	        0.983205	      0.00941174
              41	        0.999188	        0.983595	      0.00919026
              42	        0.996248	        0.983896	      0.00897638
              43	         0.99912	         0.98425	       0.0087746
              44	        0.989952	         0.98438	      0.00857614
              45	         0.99682	        0.984656	      0.00839001
              46	         0.99764	        0.984938	      0.00821237
              47	        0.997112	        0.985197	      0.00804172
              48	        0.993212	        0.985364	      0.00787592
              49	        0.999524	        0.985653	      0.00772048
              50	        0.999928	        0.985939	      0.00757135
              51	        0.918832	        0.984623	      0.00753636
              52	         0.99706	        0.984862	      0.00739523
              53	        0.993376	        0.985023	      0.00725744
              54	        0.993156	        0.985173	       0.0071246
              55	        0.978064	        0.985044	      0.00699624
              56	        0.999428	        0.985301	      0.00687602
              57	        0.999408	        0.985549	      0.00675984
              58	        0.998352	        0.985769	      0.00664689
              59	        0.998684	        0.985988	      0.00653784
              60	        0.997868	        0.986186	      0.00643187
              61	         0.97958	        0.986078	      0.00632734
              62	        0.991928	        0.986172	      0.00622599
              63	        0.998556	        0.986369	      0.00613027
              64	        0.994652	        0.986498	      0.00603585
              65	          0.9983	         0.98668	      0.00594572
              66	        0.991504	        0.986753	      0.00585608
              67	         0.99914	        0.986938	       0.0057716
              68	        0.997508	        0.987093	      0.00568881
              69	        0.999556	        0.987274	      0.00560923
              70	        0.998548	        0.987435	      0.00553141
              71	        0.999004	        0.987598	       0.0054559
              72	        0.997896	        0.987741	        0.005382
              73	        0.999168	        0.987897	      0.00531055
              74	        0.999504	        0.988054	       0.0052411
              75	        0.998908	        0.988199	      0.00517322
              76	        0.991004	        0.988236	      0.00510528
              77	        0.990876	         0.98827	       0.0050391
              78	        0.998324	        0.988399	      0.00497614
              79	        0.997396	        0.988513	      0.00491445
              80	         0.99596	        0.988606	      0.00485391
              81	        0.999772	        0.988744	      0.00479594
              82	        0.990096	         0.98876	      0.00473748
              83	        0.996544	        0.988854	      0.00468133
              84	        0.989576	        0.988863	      0.00462561
              85	        0.994984	        0.988935	      0.00457175
              86	        0.996424	        0.989022	      0.00451942
              87	         0.99698	        0.989113	       0.0044684
              88	        0.998516	         0.98922	       0.0044189
              89	        0.992504	        0.989257	       0.0043694
              90	        0.995184	        0.989323	      0.00432135
              91	        0.999808	        0.989438	       0.0042754
              92	        0.999324	        0.989546	      0.00423027
              93	         0.99808	        0.989637	      0.00418578
              94	        -0.39812	        0.974874	       0.0152574
              95	       -0.084796	         0.96372	       0.0187357
              96	         0.99608	        0.964057	       0.0185435
              97	        0.999272	         0.96442	       0.0183559
              98	        0.995964	        0.964742	       0.0181714
              99	        0.999376	        0.965091	       0.0179912
             100	        0.997516	        0.965416	       0.0178143
             101	        0.995852	        0.965717	       0.0176404
             102	        0.998276	        0.966036	       0.0174704
             103	        0.998156	        0.966348	       0.0173035
             104	         0.99942	        0.966666	       0.0171401
             105	        0.998224	        0.966967	       0.0169795
             106	        0.999564	        0.967274	       0.0168221
             107	        0.996072	        0.967543	        0.016667
             108	        0.997688	        0.967822	        0.016515
             109	        0.970116	        0.967843	       0.0163635
             110	         0.23254	        0.961159	        0.017527
             111	        0.994524	        0.961459	       0.0173717
             112	        0.998592	        0.961791	       0.0172197
             113	        0.994456	         0.96208	       0.0170698
             114	         0.99628	         0.96238	       0.0169227
             115	        0.999848	        0.962706	       0.0167787
             116	        0.998072	        0.963011	       0.0166368
             117	        0.994972	        0.963284	       0.0164968
             118	        0.986668	        0.963482	       0.0163582
             119	        0.997464	        0.963768	       0.0162233
             120	        0.999456	        0.964065	       0.0160908
             121	        0.990992	        0.964288	       0.0159593
             122	         0.99972	        0.964578	       0.0158312
             123	        0.999176	        0.964859	        0.015705
             124	        0.999168	        0.965136	       0.0155807
             125	         0.99964	        0.965412	       0.0154585
             126	        0.989336	        0.965602	        0.015337
             127	        0.999976	        0.965873	       0.0152186
             128	        0.988152	        0.966047	       0.0151007
             129	        0.999652	        0.966307	       0.0149859
             130	        0.996656	        0.966541	       0.0148725
             131	        0.998756	        0.966787	        0.014761
             132	        0.995288	        0.967002	       0.0146507
             133	        0.999092	        0.967244	       0.0145426
             134	        0.983544	        0.967365	       0.0144345
             135	         0.99898	          0.9676	       0.0143295
             136	        0.997572	         0.96782	       0.0142259
             137	        0.996656	         0.96803	       0.0141236
             138	        0.992388	        0.968207	       0.0140223
             139	          0.9978	         0.96842	       0.0139231
             140	        0.999372	        0.968641	       0.0138254
             141	        0.996512	        0.968839	       0.0137287
             142	        0.998352	        0.969046	       0.0136336
             143	        0.990144	        0.969194	       0.0135391
             144	        0.999652	        0.969405	       0.0134467
             145	        0.999268	        0.969611	       0.0133556
             146	        0.986924	         0.96973	       0.0132646
             147	        0.999652	        0.969934	       0.0131759
             148	        0.994964	        0.970103	        0.013088
             149	        0.999936	        0.970303	       0.0130017
             150	        0.989572	        0.970431	       0.0129156
             151	        0.997824	        0.970613	       0.0128314
             152	        0.994912	        0.970773	        0.012748
             153	        0.997476	        0.970947	       0.0126658
             154	        0.987468	        0.971054	        0.012584
             155	         0.99994	        0.971241	       0.0125042
             156	        0.993248	        0.971382	       0.0124249
             157	        0.998124	        0.971552	       0.0123469
             158	        0.998108	         0.97172	       0.0122699
             159	         0.99206	        0.971848	       0.0121934
             160	        0.999732	        0.972022	       0.0121184
             161	        0.998904	        0.972189	       0.0120443
             162	         0.99588	        0.972336	       0.0119709
             163	         0.99658	        0.972484	       0.0118983
             164	         0.99416	        0.972617	       0.0118265
             165	         0.99464	         0.97275	       0.0117556
             166	        0.995636	        0.972888	       0.0116856
             167	         0.99646	        0.973029	       0.0116165
             168	         0.99962	        0.973187	       0.0115484
             169	         0.99484	        0.973315	       0.0114808
             170	        0.989512	        0.973411	       0.0114136
             171	        0.996424	        0.973545	       0.0113477
             172	        0.993412	        0.973661	       0.0112823
             173	        0.999712	        0.973811	       0.0112181
             174	        0.998656	        0.973954	       0.0111545
             175	        0.998196	        0.974093	       0.0110916
             176	          0.9993	        0.974236	       0.0110295
             177	        0.996696	        0.974363	        0.010968
             178	        0.989868	         0.97445	       0.0109067
             179	        0.997424	        0.974578	       0.0108465
             180	        0.985156	        0.974637	       0.0107864
             181	        0.995652	        0.974753	       0.0107274
             182	        0.967064	        0.974711	       0.0106686
             183	         0.99796	        0.974838	        0.010611
             184	        0.998916	        0.974969	       0.0105542
             185	        0.991984	        0.975061	       0.0104975
             186	        0.999632	        0.975193	       0.0104419
             187	         0.99476	        0.975298	       0.0103866
             188	        0.993072	        0.975392	       0.0103318
             189	        0.999084	        0.975517	       0.0102779
             190	        0.998516	        0.975638	       0.0102245
             191	        0.996508	        0.975748	       0.0101716
             192	        0.985888	        0.975801	       0.0101187
             193	        0.999172	        0.975922	        0.010067
             194	        0.999104	        0.976041	       0.0100158
             195	        0.991932	        0.976123	       0.0099648
             196	        0.997556	        0.976232	      0.00991456
             197	        0.997384	        0.976339	      0.00986482
             198	        0.999224	        0.976455	      0.00981567
             199	        0.999064	        0.976569	        0.009767
             200	        0.997752	        0.976674	      0.00971874
             201	        0.997404	        0.976778	      0.00967094
             202	        0.968164	        0.976735	      0.00962316
             203	         0.99868	        0.976843	      0.00957636
             204	         0.99964	        0.976955	      0.00953007
             205	        0.990192	        0.977019	       0.0094838
             206	        0.960168	        0.976938	      0.00943811
             207	         0.99188	         0.97701	       0.0093928
             208	        0.999512	        0.977118	      0.00934826
             209	        0.990224	        0.977181	      0.00930374
             210	        0.984308	        0.977215	       0.0092595
             211	        0.998936	        0.977318	      0.00921619
             212	        0.994924	        0.977401	      0.00917309
             213	         0.95428	        0.977292	      0.00913067
             214	        0.998592	        0.977392	      0.00908854
             215	         0.96714	        0.977344	       0.0090464
             216	        0.976956	        0.977342	      0.00900451
             217	         0.96412	        0.977281	      0.00896323
             218	        0.996112	        0.977368	      0.00892253
             219	        0.993852	        0.977443	       0.0088821
             220	        0.999452	        0.977543	      0.00884229
             221	        0.998252	        0.977637	      0.00880278
             222	        0.995008	        0.977715	      0.00876347
             223	        0.995664	        0.977795	      0.00872454
             224	        0.999088	         0.97789	      0.00868611
             225	        0.998704	        0.977983	        0.008648
             226	        0.996052	        0.978063	      0.00861011
             227	        0.999336	        0.978157	      0.00857269
             228	        0.997828	        0.978243	      0.00853552
             229	        0.997956	        0.978329	      0.00849868
             230	        0.998568	        0.978417	      0.00846219
             231	          0.6897	        0.977167	      0.00851735
             232	        0.704512	        0.975992	      0.00856134
             233	         0.99844	        0.976088	      0.00852514
             234	        0.965024	        0.976041	      0.00848884
             235	        0.989996	          0.9761	      0.00845292
             236	        0.992812	        0.976171	       0.0084174
             237	        0.957652	        0.976093	      0.00838225
             238	        0.997912	        0.976185	      0.00834753
             239	        0.999444	        0.976282	      0.00831317
             240	        0.999856	         0.97638	      0.00827911
             241	         0.99862	        0.976472	      0.00824527
             242	        0.999244	        0.976567	      0.00821174
             243	         0.99526	        0.976643	       0.0081783
             244	        0.998296	        0.976732	      0.00814527
             245	        0.980096	        0.976746	      0.00811203
             246	         0.99386	        0.976815	      0.00807936
             247	        0.998944	        0.976905	      0.00804714
             248	         0.99824	        0.976991	      0.00801515
             249	        0.999192	         0.97708	      0.00798346
             250	         0.98778	        0.977123	      0.00795164
             251	        0.997752	        0.977205	      0.00792039
             252	        0.968784	        0.977172	      0.00788903
             253	        0.998344	        0.977256	      0.00785829
             254	        0.983732	        0.977281	      0.00782739
             255	        0.994448	        0.977348	      0.00779699
             256	        0.995492	        0.977419	      0.00776685
             257	        0.998764	        0.977502	      0.00773707
             258	        0.991824	        0.977558	      0.00770728
             259	        0.992556	        0.977616	      0.00767774
             260	         0.99962	          0.9777	      0.00764868
             261	        0.999488	        0.977784	      0.00761983
             262	        0.984576	         0.97781	      0.00759079
             263	        0.997408	        0.977884	      0.00756229
             264	        0.998168	        0.977961	      0.00753404
             265	        0.983416	        0.977982	      0.00750564
             266	        0.998576	        0.978059	      0.00747782
             267	        0.999252	        0.978138	      0.00745023
             268	         0.99516	        0.978202	      0.00742271
             269	        0.995904	        0.978268	       0.0073954
             270	        0.994232	        0.978327	      0.00736825
             271	        0.998768	        0.978402	      0.00734145
             272	        0.980168	        0.978409	      0.00731446
             273	        0.998384	        0.978482	      0.00728803
             274	         0.98584	        0.978509	      0.00726148
             275	        0.978988	        0.978511	      0.00723508
             276	        0.985752	        0.978537	      0.00720891
             277	        0.994656	        0.978595	      0.00718312
             278	        0.999544	         0.97867	      0.00715768
             279	        0.994012	        0.978725	      0.00713223
             280	        0.991796	        0.978772	      0.00710692
             281	        0.990788	        0.978815	      0.00708175
             282	         0.99596	        0.978876	       0.0070569
             283	        0.999788	        0.978949	      0.00703235
             284	        0.973712	        0.978931	      0.00700761
             285	          0.9981	        0.978998	      0.00698335
             286	         0.99796	        0.979065	      0.00695925
             287	        0.998176	        0.979131	      0.00693532
             288	         0.99884	          0.9792	      0.00691157
             289	        0.999956	        0.979271	      0.00688803
             290	        0.993504	        0.979321	      0.00686445
             291	         0.99516	        0.979375	      0.00684108
             292	        0.995824	        0.979431	      0.00681788
             293	        0.990812	         0.97947	      0.00679473
             294	        0.998472	        0.979535	      0.00677192
             295	         0.98498	        0.979553	      0.00674899
             296	        0.998596	        0.979618	       0.0067265
             297	        0.998196	         0.97968	      0.00670414
             298	        0.997748	        0.979741	      0.00668192
             299	        0.996436	        0.979797	       0.0066598
             300	        0.998884	         0.97986	      0.00663791
             301	        0.997048	        0.979917	       0.0066161
             302	        0.992512	        0.979959	      0.00659432
             303	        0.993956	        0.980005	      0.00657272
             304	        0.990588	         0.98004	      0.00655119
             305	        0.997304	        0.980097	      0.00652996
             306	          0.9884	        0.980124	      0.00650868
             307	        0.997752	        0.980181	      0.00648773
             308	        0.999052	        0.980242	      0.00646695
             309	        0.997864	        0.980299	      0.00644628
             310	         0.99668	        0.980352	       0.0064257
             311	        0.998728	        0.980411	      0.00640531
             312	         0.99968	        0.980473	      0.00638508
             313	        0.993784	        0.980516	      0.00636482
             314	        0.996904	        0.980568	      0.00634476
             315	        0.996432	        0.980618	      0.00632482
             316	        0.999232	        0.980677	      0.00630508
             317	        0.993656	        0.980718	      0.00628532
             318	        0.999868	        0.980778	      0.00626584
             319	        0.999432	        0.980837	      0.00624648
             320	         0.99802	         0.98089	      0.00622719
             321	        0.995088	        0.980935	      0.00620794
             322	        0.998576	        0.980989	      0.00618891
             323	        0.987204	        0.981009	      0.00616978
             324	        0.998184	        0.981062	      0.00615096
             325	        0.986084	        0.981077	      0.00613205
             326	        0.992112	        0.981111	      0.00611334
             327	         0.99868	        0.981165	      0.00609488
             328	        0.995068	        0.981207	      0.00607644
             329	        0.997016	        0.981255	      0.00605816
             330	         0.99272	         0.98129	      0.00603991
             331	        0.436144	        0.979643	      0.00624217
             332	        0.039528	        0.976811	      0.00683553
             333	         0.99898	        0.976878	      0.00681533
             334	        0.967988	        0.976851	      0.00679498
             335	         0.99672	        0.976911	      0.00677495
             336	        0.999044	        0.976976	      0.00675511
             337	        0.998656	        0.977041	      0.00673537
             338	        0.999644	        0.977108	      0.00671578
             339	        0.996348	        0.977164	       0.0066962
             340	        0.996764	        0.977222	      0.00667676
             341	        0.999348	        0.977287	      0.00665749
             342	        0.999676	        0.977352	      0.00663835
             343	        0.998884	        0.977415	      0.00661929
             344	        0.997724	        0.977474	      0.00660031
             345	        0.990992	        0.977513	       0.0065813
             346	        0.996764	        0.977569	      0.00656251
             347	         0.99982	        0.977633	      0.00654391
             348	          0.9951	        0.977683	       0.0065253
             349	        0.997168	        0.977739	      0.00650684
             350	        0.999816	        0.977802	      0.00648856
             351	         0.99826	        0.977861	      0.00647033
             352	        0.998192	        0.977918	      0.00645221
             353	        0.993108	        0.977961	      0.00643408
             354	        0.944872	        0.977868	      0.00641658
             355	        0.992048	        0.977908	      0.00639863
             356	        0.998992	        0.977967	      0.00638093
             357	        0.998424	        0.978024	      0.00636331
             358	        0.999116	        0.978083	      0.00634581
             359	        0.998384	         0.97814	      0.00632839
             360	        0.985984	        0.978162	      0.00631084
             361	        0.999512	        0.978221	      0.00629364
             362	        0.997652	        0.978274	      0.00627648
             363	        0.999596	        0.978333	      0.00625947
             364	         0.98756	        0.978358	      0.00624232
             365	         0.99858	        0.978414	      0.00622547
             366	        0.141344	        0.976127	      0.00661524
             367	        0.999584	        0.976191	      0.00659752
             368	        0.996592	        0.976246	      0.00657983
             369	        0.996376	        0.976301	      0.00656222
             370	        0.999548	        0.976364	      0.00654479
             371	        0.999616	        0.976426	      0.00652744
             372	        0.995016	        0.976476	      0.00651009
             373	        0.997492	        0.976533	      0.00649288
             374	        0.999672	        0.976594	      0.00647581
             375	        0.999208	        0.976655	      0.00645883
             376	        0.981488	        0.976668	      0.00644166
             377	        0.453208	        0.975279	      0.00657251
             378	         0.99654	        0.975335	      0.00655537
             379	        0.993512	        0.975383	      0.00653825
             380	         0.99936	        0.975446	      0.00652134
             381	        0.996572	        0.975502	      0.00650446
             382	        0.999692	        0.975565	      0.00648774
             383	        0.995628	        0.975618	      0.00647102
             384	        0.946272	        0.975541	      0.00645462
             385	         0.99452	         0.97559	      0.00643804
             386	         0.99278	        0.975635	      0.00642151
             387	        0.996976	         0.97569	      0.00640516
             388	        0.992424	        0.975733	      0.00638879
             389	         0.98468	        0.975756	      0.00637241
             390	        0.997772	        0.975813	      0.00635632
             391	        0.995416	        0.975863	      0.00634026
             392	         0.99116	        0.975902	      0.00632421
             393	        0.997324	        0.975956	      0.00630835
             394	        0.997724	        0.976012	      0.00629258
             395	        0.997772	        0.976067	      0.00627689
             396	        0.992676	        0.976109	      0.00626118
             397	         0.99934	        0.976167	      0.00624569
             398	         0.99548	        0.976216	      0.00623018
             399	        0.998748	        0.976272	      0.00621482
             400	        0.992544	        0.976313	      0.00619942
             401	         0.63348	        0.975458	      0.00624263
             402	         0.99772	        0.975513	      0.00622735
             403	        0.999504	        0.975573	      0.00621218
             404	         0.98116	        0.975587	      0.00619682
             405	        0.997216	         0.97564	      0.00618175
             406	        0.997044	        0.975693	      0.00616675
             407	        0.996008	        0.975743	       0.0061518
             408	        0.975976	        0.975743	      0.00613672
             409	        0.998492	        0.975799	      0.00612197
             410	        0.999748	        0.975857	      0.00610732
             411	        0.989776	        0.975891	      0.00609255
             412	         0.99894	        0.975947	      0.00607802
             413	        0.995012	        0.975993	      0.00606348
             414	        0.993624	        0.976036	      0.00604898
             415	        0.998352	         0.97609	      0.00603464
             416	        0.998472	        0.976143	      0.00602038
             417	        0.995644	         0.97619	      0.00600612
             418	        0.995228	        0.976236	      0.00599193
             419	        0.998548	        0.976289	      0.00597786
             420	        0.997812	         0.97634	      0.00596385
             421	        0.999924	        0.976396	      0.00594995
             422	        0.999924	        0.976452	      0.00593611
             423	          0.9995	        0.976506	      0.00592232
             424	        0.989384	        0.976537	      0.00590843
             425	        0.976108	        0.976536	      0.00589453
             426	        0.995824	        0.976581	      0.00588087
             427	        0.998932	        0.976633	      0.00586733
             428	        0.999556	        0.976687	      0.00585386
             429	        0.998976	        0.976739	      0.00584045
             430	        0.999616	        0.976792	      0.00582711
             431	        0.999472	        0.976845	      0.00581383
             432	        0.999908	        0.976898	      0.00580061
             433	        0.999196	         0.97695	      0.00578745
             434	        0.997412	        0.976997	       0.0057743
             435	        0.998856	        0.977047	      0.00576125
             436	         0.99244	        0.977082	      0.00574814
             437	        0.999324	        0.977133	      0.00573521
             438	        0.987036	        0.977156	      0.00572216
             439	        0.992808	        0.977192	      0.00570924
             440	          0.9991	        0.977241	      0.00569648
             441	        0.982316	        0.977253	      0.00568358
             442	         0.99848	        0.977301	      0.00567092
             443	        0.994136	        0.977339	      0.00565825
             444	        0.999904	         0.97739	      0.00564573
             445	        0.999804	         0.97744	      0.00563327
             446	        0.999836	         0.97749	      0.00562086
             447	        0.992304	        0.977523	      0.00560839
             448	         0.99272	        0.977557	      0.00559597
             449	        0.998952	        0.977605	      0.00558371
             450	        0.999724	        0.977654	      0.00557152
             451	         0.99934	        0.977702	      0.00555937
             452	        0.986436	        0.977722	      0.00554711
             453	        0.997392	        0.977765	      0.00553503
             454	        0.999376	        0.977813	      0.00552304
             455	        0.998068	        0.977857	      0.00551108
             456	        0.979624	        0.977861	        0.005499
             457	        0.996028	        0.977901	      0.00548711
             458	         0.99554	        0.977939	      0.00547527
             459	        0.987776	        0.977961	      0.00546338
             460	        0.998108	        0.978004	      0.00545168
             461	         0.99508	        0.978041	      0.00543998
             462	        0.991488	        0.978071	      0.00542828
             463	        0.999636	        0.978117	      0.00541676
             464	         0.99902	        0.978162	      0.00540527
             465	        0.999844	        0.978209	      0.00539385
             466	        0.998892	        0.978253	      0.00538245
             467	        0.997852	        0.978295	      0.00537109
             468	        0.979212	        0.978297	      0.00535962
             469	        0.999616	        0.978343	      0.00534838
             470	        0.998108	        0.978385	      0.00533717
             471	        0.999556	         0.97843	      0.00532602
             472	        0.995736	        0.978466	      0.00531487
             473	        0.999196	         0.97851	      0.00530381
             474	        0.998436	        0.978552	      0.00529279
             475	        0.998564	        0.978594	      0.00528181
             476	        0.998776	        0.978637	      0.00527089
             477	        0.993116	        0.978667	      0.00525992
             478	         0.99588	        0.978703	      0.00524904
             479	        0.996892	        0.978741	      0.00523822
             480	        0.999632	        0.978785	      0.00522749
             481	        0.990212	        0.978808	      0.00521668
             482	        0.999504	        0.978851	      0.00520603
             483	         0.99862	        0.978892	      0.00519541
             484	        0.980188	        0.978895	      0.00518468
             485	        0.999328	        0.978937	      0.00517416
             486	        0.999204	        0.978979	      0.00516368
             487	        0.999824	        0.979021	      0.00515326
             488	        0.986484	        0.979037	      0.00514272
             489	         0.99916	        0.979078	      0.00513237
             490	         0.99996	        0.979121	      0.00512207
             491	        0.984608	        0.979132	      0.00511165
             492	        0.999068	        0.979172	      0.00510142
             493	        0.996716	        0.979208	       0.0050912
             494	        0.999624	        0.979249	      0.00508106
             495	         0.99578	        0.979283	       0.0050709
             496	         0.99714	        0.979319	      0.00506081
             497	        0.990608	        0.979341	      0.00505068
             498	         0.98818	        0.979359	      0.00504056
             499	        0.987716	        0.979376	      0.00503049
             500	        0.995748	        0.979408	      0.00502054
