#     BLOCK:   ACTUAL_M:     M_AVE:       ERROR:
               1	         -0.0034	         -0.0034	               0
               2	        -0.01496	        -0.00918	      0.00408708
               3	         -0.0106	     -0.00965333	      0.00275199
               4	        -0.00172	        -0.00767	       0.0026852
               5	          0.0062	       -0.004896	      0.00328186
               6	         0.00028	     -0.00403333	      0.00284601
               7	        -0.03464	     -0.00840571	      0.00472625
               8	         0.00656	       -0.006535	      0.00449046
               9	         0.01148	     -0.00453333	      0.00441517
              10	        -0.01868	       -0.005948	      0.00419417
              11	        -0.00596	     -0.00594909	      0.00381288
              12	        -0.00564	     -0.00592333	      0.00349523
              13	         0.00244	        -0.00528	      0.00328504
              14	         -0.0158	     -0.00603143	      0.00313516
              15	         0.01564	     -0.00458667	      0.00324199
              16	        -0.03304	       -0.006365	      0.00349322
              17	        -0.01288	     -0.00674824	      0.00330869
              18	         0.01464	        -0.00556	      0.00333141
              19	         0.00112	     -0.00520842	      0.00317457
              20	        -0.00856	       -0.005376	      0.00302026
              21	         0.00072	     -0.00508571	      0.00289036
              22	         0.00968	     -0.00441455	      0.00283583
              23	        -0.01448	     -0.00485217	       0.0027461
              24	        -0.01844	     -0.00541833	       0.0026894
              25	         0.01296	      -0.0046832	      0.00268042
              26	         0.01164	     -0.00405538	      0.00264983
              27	         0.03016	     -0.00278815	      0.00283858
              28	         0.01776	     -0.00205429	      0.00283047
              29	         0.00796	     -0.00170897	      0.00275386
              30	         0.00764	     -0.00139733	      0.00267963
              31	        -0.01548	     -0.00185161	      0.00263142
              32	         0.00064	     -0.00177375	      0.00255034
              33	         0.01008	     -0.00141455	      0.00249822
              34	         0.00476	     -0.00123294	      0.00243134
              35	        -0.01364	     -0.00158743	      0.00238757
              36	          0.0022	     -0.00148222	      0.00232357
              37	         -0.0144	     -0.00183135	      0.00228685
              38	         -0.0006	     -0.00179895	       0.0022269
              39	         0.01172	     -0.00145231	      0.00219661
              40	        -0.00328	       -0.001498	      0.00214217
              41	          0.0082	     -0.00126146	      0.00210294
              42	        -0.01392	     -0.00156286	      0.00207436
              43	         0.00884	     -0.00132093	      0.00204018
              44	         0.02796	    -0.000655455	      0.00209954
              45	         0.00484	    -0.000533333	      0.00205643
              46	          0.0186	    -0.000117391	      0.00205336
              47	        -0.02568	    -0.000661277	      0.00208046
              48	         0.00592	    -0.000524167	      0.00204163
              49	        -0.02984	     -0.00112245	      0.00208578
              50	        -0.00868	      -0.0012736	      0.00204953
              51	         -0.0074	     -0.00139373	      0.00201286
              52	        -0.01872	     -0.00172692	      0.00200154
              53	        -0.01556	     -0.00198792	      0.00198072
              54	          -0.002	     -0.00198815	      0.00194404
              55	        -0.01648	     -0.00225164	      0.00192647
              56	        -0.02364	     -0.00263357	      0.00192956
              57	        -0.00404	     -0.00265825	      0.00189586
              58	         0.00484	     -0.00252897	      0.00186758
              59	        -0.01324	     -0.00271051	      0.00184473
              60	         0.01412	        -0.00243	      0.00183519
              61	         0.01676	     -0.00211541	      0.00183187
              62	        -0.01324	     -0.00229484	      0.00181109
              63	         0.00412	     -0.00219302	       0.0017852
              64	         0.00856	       -0.002025	      0.00176519
              65	        -0.02844	     -0.00243138	       0.0017842
              66	          0.0136	     -0.00218848	      0.00177363
              67	        -0.00444	     -0.00222209	      0.00174747
              68	        -0.00792	     -0.00230588	      0.00172378
              69	        -0.02684	     -0.00266145	      0.00173508
              70	         0.02596	     -0.00225257	      0.00175781
              71	         0.01344	     -0.00203155	       0.0017469
              72	        -0.00948	       -0.002135	      0.00172569
              73	        -0.04404	     -0.00270904	      0.00179499
              74	        -0.01012	     -0.00280919	      0.00177353
              75	           0.005	     -0.00270507	      0.00175293
              76	           0.017	     -0.00244579	      0.00174894
              77	          0.0202	     -0.00215169	      0.00175078
              78	         0.00268	     -0.00208974	      0.00172943
              79	          0.0064	     -0.00198228	      0.00171087
              80	        -0.01888	      -0.0021935	      0.00170248
              81	          0.0112	     -0.00202815	      0.00168947
              82	          0.0164	     -0.00180341	      0.00168375
              83	         0.01624	     -0.00158602	      0.00167743
              84	        -0.01492	     -0.00174476	      0.00166496
              85	         0.01076	     -0.00159765	      0.00165186
              86	          0.0076	      -0.0014907	      0.00163611
              87	        -0.00388	     -0.00151816	      0.00161753
              88	        -0.01468	     -0.00166773	      0.00160605
              89	         -0.0166	     -0.00183551	      0.00159675
              90	         0.00624	     -0.00174578	      0.00158152
              91	        -0.01364	     -0.00187648	      0.00156954
              92	     2.85882e-18	     -0.00185609	      0.00155261
              93	        -0.00656	     -0.00190667	      0.00153674
              94	        -0.00332	      -0.0019217	      0.00152046
              95	         0.00404	     -0.00185895	      0.00150575
              96	         -0.0116	     -0.00196042	      0.00149348
              97	        -0.05128	     -0.00246887	      0.00156224
              98	         0.00652	     -0.00237714	      0.00154899
              99	        -0.01456	      -0.0025002	      0.00153822
             100	          -0.007	      -0.0025452	       0.0015235
             101	         -0.0126	     -0.00264475	      0.00151166
             102	         0.00796	     -0.00254078	      0.00150041
             103	        -0.01408	     -0.00265282	      0.00149002
             104	          0.0144	     -0.00248885	      0.00148469
             105	         0.00912	     -0.00237829	      0.00147466
             106	         0.01492	     -0.00221509	      0.00146975
             107	        -0.01368	     -0.00232224	      0.00145992
             108	         0.00872	        -0.00222	      0.00144997
             109	         0.02468	     -0.00197321	      0.00145752
             110	         0.00132	     -0.00194327	      0.00144458
             111	          0.0014	     -0.00191315	      0.00143188
             112	        -0.00552	     -0.00194536	      0.00141946
             113	         0.01064	     -0.00183398	      0.00141126
             114	         0.02664	     -0.00158421	      0.00142081
             115	         -0.0078	     -0.00163826	      0.00140948
             116	        -0.03268	     -0.00190586	      0.00142251
             117	        -0.01052	     -0.00197949	      0.00141225
             118	         0.00324	     -0.00193525	      0.00140098
             119	        -0.01764	     -0.00206723	      0.00139541
             120	        -0.00864	       -0.002122	      0.00138485
             121	        -0.02396	     -0.00230248	      0.00138512
             122	         0.01036	     -0.00219869	      0.00137765
             123	         0.01116	     -0.00209008	      0.00137072
             124	        -0.01948	     -0.00223032	      0.00136682
             125	        -0.04292	     -0.00255584	      0.00139411
             126	        -0.02988	      -0.0027727	      0.00139981
             127	        -0.00148	     -0.00276252	      0.00138883
             128	          0.0022	     -0.00272375	      0.00137852
             129	         0.00612	     -0.00265519	      0.00136954
             130	         0.01344	     -0.00253138	      0.00136459
             131	         0.00704	     -0.00245832	      0.00135612
             132	         -0.0206	     -0.00259576	       0.0013528
             133	         -0.0056	     -0.00261835	      0.00134281
             134	        -0.00056	     -0.00260299	      0.00133288
             135	        -0.01828	     -0.00271911	      0.00132806
             136	        -0.00468	     -0.00273353	      0.00131837
             137	         -0.0132	     -0.00280993	      0.00131096
             138	        -0.00712	     -0.00284116	      0.00130183
             139	        -0.00892	     -0.00288489	       0.0012932
             140	           0.015	     -0.00275714	      0.00129026
             141	        -0.01464	     -0.00284142	      0.00128386
             142	        -0.00372	     -0.00284761	      0.00127483
             143	        -0.00868	     -0.00288839	      0.00126657
             144	         0.03288	        -0.00264	       0.0012819
             145	          0.0042	     -0.00259283	      0.00127392
             146	         0.00536	     -0.00253836	      0.00126636
             147	         0.02144	     -0.00237524	      0.00126821
             148	        -0.00892	     -0.00241946	      0.00126041
             149	         0.03536	     -0.00216591	       0.0012772
             150	          0.0072	     -0.00210347	      0.00127021
             151	        -0.01072	     -0.00216053	      0.00126308
             152	        -0.01584	     -0.00225053	      0.00125797
             153	         -0.0056	     -0.00227242	      0.00124994
             154	        -0.00264	     -0.00227481	      0.00124183
             155	        -0.00144	     -0.00226942	      0.00123383
             156	        -0.00908	     -0.00231308	      0.00122669
             157	        -0.00836	     -0.00235159	      0.00121948
             158	        -0.00916	     -0.00239468	      0.00121252
             159	          0.0084	     -0.00232679	       0.0012068
             160	         0.01184	     -0.00223825	       0.0012025
             161	        -0.01008	     -0.00228696	      0.00119601
             162	        -0.02116	     -0.00240346	      0.00119429
             163	         0.00856	      -0.0023362	      0.00118886
             164	         0.00276	     -0.00230512	      0.00118202
             165	        -0.02112	     -0.00241915	      0.00118034
             166	        -0.01448	     -0.00249181	      0.00117546
             167	         0.00492	     -0.00244743	      0.00116926
             168	        -0.00412	     -0.00245738	      0.00116234
             169	         0.00288	      -0.0024258	      0.00115589
             170	           4e-05	     -0.00241129	      0.00114919
             171	          0.0052	     -0.00236678	      0.00114333
             172	        -0.01516	     -0.00244116	       0.0011391
             173	        -0.00696	     -0.00246728	      0.00113281
             174	          0.0146	      -0.0023692	      0.00113054
             175	          0.0266	     -0.00220366	      0.00113614
             176	        -0.00836	     -0.00223864	      0.00113022
             177	         -0.0074	      -0.0022678	      0.00112421
             178	        -0.00692	     -0.00229393	       0.0011182
             179	        -0.00852	     -0.00232872	      0.00111249
             180	        -0.01288	     -0.00238733	      0.00110785
             181	          0.0104	     -0.00231669	      0.00110398
             182	         0.00616	     -0.00227011	       0.0010989
             183	         0.02868	     -0.00210098	      0.00110583
             184	         0.00804	     -0.00204587	       0.0011012
             185	          -0.007	     -0.00207265	      0.00109557
             186	         0.00456	     -0.00203699	      0.00109026
             187	         -0.0006	      -0.0020293	      0.00108446
             188	         0.02216	     -0.00190064	      0.00108629
             189	          0.0304	     -0.00172974	      0.00109391
             190	        -0.00124	     -0.00172716	      0.00108815
             191	         0.00508	     -0.00169152	      0.00108304
             192	         0.01052	     -0.00162792	      0.00107926
             193	          0.0082	     -0.00157699	      0.00107487
             194	         0.00976	     -0.00151856	      0.00107092
             195	         0.00324	     -0.00149415	      0.00106571
             196	        -0.02232	     -0.00160041	      0.00106555
             197	         0.01048	     -0.00153909	      0.00106191
             198	        -0.00432	     -0.00155313	      0.00105664
             199	          0.0076	     -0.00150714	      0.00105233
             200	         0.01304	      -0.0014344	      0.00104958
