#     BLOCK:   ACTUAL_M:     M_AVE:       ERROR:
           1	    -0.06872	    -0.06872	           0
           2	      0.2962	     0.11374	    0.129019
           3	     0.23152	       0.153	   0.0917917
           4	    -0.10224	     0.08919	   0.0882794
           5	    -0.31632	    0.008088	    0.101241
           6	     -0.3136	  -0.0455267	   0.0975361
           7	    -0.23212	  -0.0721829	   0.0871688
           8	     -0.3828	    -0.11101	   0.0844786
           9	    -0.07748	   -0.107284	   0.0751742
          10	    -0.35304	    -0.13186	   0.0715612
          11	    -0.15704	   -0.134149	   0.0650922
          12	     0.19904	   -0.106383	   0.0653219
          13	    -0.30628	    -0.12176	   0.0620805
          14	    -0.49624	   -0.148509	   0.0631464
          15	    -0.00484	   -0.138931	   0.0596586
          16	     -0.0458	    -0.13311	   0.0562132
          17	     0.11616	   -0.118447	   0.0547855
          18	    -0.04672	   -0.114462	   0.0518866
          19	    -0.01952	   -0.109465	   0.0493958
          20	     0.17136	   -0.095424	   0.0488809
          21	    -0.26012	   -0.103267	   0.0471782
          22	    -0.11368	    -0.10374	   0.0450361
          23	     0.05292	  -0.0969287	   0.0435901
          24	     0.00456	     -0.0927	   0.0419784
          25	    -0.18932	  -0.0965648	   0.0404768
          26	    -0.43432	   -0.109555	   0.0409516
          27	     -0.2562	   -0.114987	   0.0397934
          28	    -0.30772	    -0.12187	    0.038963
          29	     -0.1296	   -0.122137	   0.0376203
          30	    -0.45572	   -0.133256	   0.0379741
          31	     0.27324	   -0.120143	   0.0389473
          32	    -0.15596	   -0.121262	   0.0377463
          33	    -0.36144	   -0.128541	   0.0372976
          34	    -0.16548	   -0.129627	   0.0362164
          35	     0.16004	   -0.121351	   0.0361149
          36	    -0.43228	   -0.129988	   0.0361297
          37	    -0.09196	    -0.12896	   0.0351679
          38	    -0.23792	   -0.131827	   0.0343591
          39	     0.06724	   -0.126723	   0.0338551
          40	     0.04128	   -0.122523	   0.0332682
          41	     0.21584	    -0.11427	   0.0334648
          42	     -0.0168	    -0.11195	   0.0327484
          43	      -0.327	   -0.116951	   0.0323664
          44	    -0.09192	   -0.116382	   0.0316358
          45	    -0.19624	   -0.118156	   0.0309825
          46	     0.07152	   -0.114033	   0.0305821
          47	     0.01044	   -0.111385	   0.0300459
          48	    -0.23512	   -0.113963	   0.0295303
          49	    -0.36332	   -0.119051	   0.0293629
          50	    -0.25832	   -0.121837	   0.0289074
          51	    -0.38008	     -0.1269	   0.0287807
          52	    -0.13024	   -0.126965	   0.0282273
          53	    -0.33484	   -0.130887	   0.0279659
          54	    -0.22228	   -0.132579	   0.0274991
          55	     0.04004	   -0.129441	   0.0271777
          56	     -0.0868	   -0.128679	    0.026703
          57	    -0.28204	    -0.13137	   0.0263697
          58	     -0.2656	   -0.133684	   0.0260164
          59	    -0.39144	   -0.138053	   0.0259397
          60	    -0.10968	    -0.13758	   0.0255117
          61	    -0.21648	   -0.138873	   0.0251262
          62	    -0.39464	   -0.142999	   0.0250573
          63	     0.16624	    -0.13809	   0.0251358
          64	     -0.2794	   -0.140298	   0.0248398
          65	    -0.30064	   -0.142765	   0.0245798
          66	    -0.38816	   -0.146483	    0.024487
          67	    -0.19624	   -0.147226	   0.0241328
          68	    -0.28444	   -0.149244	   0.0238621
          69	    -0.42532	   -0.153245	   0.0238494
          70	     0.10576	   -0.149545	    0.023794
          71	     -0.2748	   -0.151309	   0.0235241
          72	     -0.2258	   -0.152343	   0.0232202
          73	    -0.30476	   -0.154431	   0.0229957
          74	     -0.2528	   -0.155761	   0.0227234
          75	    -0.45552	   -0.159757	   0.0227692
          76	     -0.1836	   -0.160071	   0.0224718
          77	    -0.40512	   -0.163254	   0.0224041
          78	     -0.4728	   -0.167222	   0.0224656
          79	     -0.1844	   -0.167439	   0.0221823
          80	     0.15836	   -0.163367	   0.0222757
          81	    -0.20684	   -0.163904	   0.0220072
          82	     -0.0062	    -0.16198	   0.0218227
          83	    -0.34124	    -0.16414	   0.0216664
          84	    -0.17588	    -0.16428	   0.0214089
          85	    -0.17588	   -0.164416	   0.0211574
          86	    -0.23904	   -0.165284	   0.0209292
          87	      -0.403	   -0.168017	   0.0208662
          88	    -0.41784	   -0.170855	   0.0208214
          89	      0.0396	   -0.168491	   0.0207213
          90	     0.09924	   -0.165516	   0.0207034
          91	     0.00512	   -0.163641	   0.0205607
          92	     0.03768	   -0.161453	   0.0204533
          93	    -0.07416	   -0.160514	   0.0202549
          94	    -0.19204	   -0.160849	   0.0200422
          95	    -0.07272	   -0.159922	   0.0198527
          96	    -0.15008	   -0.159819	   0.0196462
          97	    -0.31372	   -0.161406	   0.0195076
          98	    -0.27904	   -0.162606	   0.0193454
          99	     0.00676	   -0.160895	   0.0192255
         100	    -0.30264	   -0.162313	   0.0190854
