#   N_BLOCK:  ACCEPTANCE:
           1	    0.326312
           2	    0.323928
           3	    0.323687
           4	    0.324553
           5	    0.324812
           6	     0.32466
           7	    0.324665
           8	    0.324684
           9	    0.324651
          10	    0.324701
          11	     0.32481
          12	     0.32459
          13	    0.324712
          14	    0.324613
          15	    0.324874
          16	    0.324854
          17	    0.324892
          18	    0.325021
          19	    0.324954
          20	    0.324955
          21	    0.324801
          22	     0.32484
          23	    0.324772
          24	    0.324749
          25	    0.324702
          26	    0.324585
          27	    0.324758
          28	    0.324812
          29	    0.324806
          30	    0.324811
          31	    0.324899
          32	    0.324894
          33	    0.324924
          34	    0.324852
          35	    0.324834
          36	    0.324829
          37	    0.324817
          38	    0.324802
          39	    0.324836
          40	    0.324846
          41	    0.324821
          42	    0.324768
          43	    0.324764
          44	     0.32475
          45	    0.324845
          46	    0.324839
          47	    0.324817
          48	    0.324788
          49	    0.324736
          50	    0.324659
          51	    0.324624
          52	    0.324675
          53	    0.324688
          54	    0.324724
          55	    0.324673
          56	    0.324634
          57	    0.324646
          58	    0.324703
          59	     0.32469
          60	    0.324723
          61	     0.32474
          62	    0.324762
          63	    0.324772
          64	    0.324777
          65	     0.32483
          66	    0.324878
          67	    0.324864
          68	    0.324863
          69	     0.32486
          70	    0.324869
          71	    0.324905
          72	    0.324926
          73	      0.3249
          74	    0.324907
          75	    0.324934
          76	    0.324936
          77	    0.324935
          78	    0.324951
          79	     0.32495
          80	    0.324956
          81	    0.324955
          82	     0.32498
          83	    0.324953
          84	    0.324937
          85	    0.324954
          86	    0.324967
          87	    0.324989
          88	    0.324978
          89	    0.324961
          90	     0.32496
          91	    0.324974
          92	     0.32496
          93	    0.324991
          94	    0.324964
          95	    0.325002
          96	    0.325021
          97	    0.325052
          98	    0.325053
          99	    0.325064
         100	    0.325055
