#     BLOCK:   ACTUAL_X:     X_AVE:       ERROR:
           1	      1.7248	      1.7248	           0
           2	     1.86799	     1.79639	   0.0506272
           3	     1.85501	     1.81593	   0.0373322
           4	     1.81389	     1.81542	   0.0280026
           5	     1.83466	     1.81927	   0.0226648
           6	     1.83157	     1.82132	   0.0189798
           7	     1.91412	     1.83458	   0.0203795
           8	     1.75558	      1.8247	   0.0200825
           9	     1.75568	     1.81703	   0.0192598
          10	     1.84568	      1.8199	   0.0175455
          11	     1.83224	     1.82102	   0.0159863
          12	     1.81519	     1.82053	   0.0146615
          13	     1.90764	     1.82723	   0.0149867
          14	     1.84951	     1.82883	   0.0140004
          15	     1.80385	     1.82716	   0.0131657
          16	     1.77367	     1.82382	   0.0127602
          17	     1.86304	     1.82612	   0.0122164
          18	     1.83196	     1.82645	    0.011542
          19	     1.89878	     1.83026	   0.0115453
          20	     1.76398	     1.82694	   0.0114337
          21	     1.84729	     1.82791	   0.0109302
          22	     1.77023	     1.82529	   0.0107433
          23	     1.83204	     1.82558	   0.0102802
          24	     1.81698	     1.82522	  0.00985812
          25	     1.76758	     1.82292	   0.0097297
          26	     1.76527	      1.8207	  0.00960477
          27	     1.82812	     1.82098	  0.00925296
          28	     1.80437	     1.82038	  0.00894149
          29	     1.78194	     1.81906	  0.00873088
          30	     1.84675	     1.81998	   0.0084885
          31	     1.73743	     1.81732	  0.00862221
          32	     1.86141	      1.8187	  0.00846216
          33	     1.83438	     1.81917	  0.00821907
          34	     1.75823	     1.81738	   0.0081704
          35	     1.92906	     1.82057	  0.00853732
          36	     1.86276	     1.82174	  0.00838024
          37	     1.72149	     1.81903	  0.00858056
          38	     1.81009	      1.8188	  0.00835798
          39	     1.86465	     1.81997	  0.00822596
          40	     1.86637	     1.82113	  0.00810167
          41	     1.90961	     1.82329	  0.00818646
          42	     1.76186	     1.82183	  0.00812114
          43	     1.84127	     1.82228	  0.00794485
          44	     1.93014	     1.82473	   0.0081337
          45	     1.92458	     1.82695	  0.00825005
          46	     1.84819	     1.82741	  0.00808361
          47	     1.63499	     1.82332	  0.00888809
          48	     1.86856	     1.82426	  0.00875275
          49	     1.88907	     1.82558	  0.00867348
          50	     1.87065	     1.82648	  0.00854672
          51	     1.85272	       1.827	  0.00839461
          52	     1.92918	     1.82896	  0.00846004
          53	      1.8266	     1.82892	  0.00830054
          54	     1.76709	     1.82777	   0.0082254
          55	     1.96673	      1.8303	  0.00845496
          56	     1.78303	     1.82946	  0.00834602
          57	     1.83449	     1.82955	  0.00820007
          58	     1.80436	     1.82911	  0.00807017
          59	     1.78648	     1.82839	  0.00796567
          60	     1.86208	     1.82895	  0.00785268
          61	     1.74714	     1.82761	  0.00783764
          62	     1.82053	     1.82749	  0.00771206
          63	     1.82809	      1.8275	  0.00758965
          64	     1.72801	     1.82595	  0.00762862
          65	     1.84661	     1.82627	  0.00751787
          66	     1.82377	     1.82623	  0.00740406
          67	     1.75567	     1.82518	  0.00736807
          68	      1.9286	      1.8267	  0.00741504
          69	     1.91572	     1.82799	  0.00741897
          70	     1.83803	     1.82813	  0.00731437
          71	     1.90336	     1.82919	  0.00728769
          72	     1.92155	     1.83047	   0.0072985
          73	     1.79721	     1.83002	  0.00721273
          74	      1.9347	     1.83143	  0.00725266
          75	     1.73556	     1.83015	  0.00726774
          76	      1.8177	     1.82999	  0.00717396
          77	     1.88323	     1.83068	  0.00711404
          78	     1.81781	     1.83052	  0.00702475
          79	     1.87305	     1.83105	  0.00695643
          80	     1.92227	      1.8322	  0.00696228
          81	     1.88842	     1.83289	  0.00691084
          82	     1.84628	     1.83305	  0.00682849
          83	     1.81918	     1.83289	  0.00674827
          84	     1.78337	      1.8323	  0.00669362
          85	     1.87825	     1.83284	  0.00663667
          86	     1.75704	     1.83196	  0.00661776
          87	      1.8419	     1.83207	  0.00654268
          88	     1.80408	     1.83175	  0.00647606
          89	     1.91269	     1.83266	  0.00646682
          90	      1.8518	     1.83287	  0.00639846
          91	     1.84158	     1.83297	  0.00632887
          92	      1.8736	     1.83341	  0.00627547
          93	     1.81885	     1.83325	  0.00620994
          94	     1.89982	     1.83396	  0.00618412
          95	     1.90046	     1.83466	  0.00615852
          96	     1.79679	     1.83427	  0.00610699
          97	     1.86435	     1.83458	   0.0060519
          98	     1.88952	     1.83514	  0.00601606
          99	     1.93468	     1.83614	  0.00603873
         100	      1.9364	     1.83715	  0.00606099
