#     BLOCK:   ACTUAL_CV:    CV_AVE:      ERROR:
               1	        0.107714	        0.107714	               0
               2	        0.103313	        0.105514	       0.0015559
               3	        0.102188	        0.104405	      0.00137659
               4	        0.107419	        0.105159	      0.00122133
               5	        0.109445	        0.106016	      0.00124204
               6	        0.112164	        0.107041	      0.00139512
               7	        0.106755	           0.107	      0.00119641
               8	        0.112337	        0.107667	      0.00121874
               9	        0.106414	        0.107528	      0.00109126
              10	        0.105821	        0.107357	     0.000995394
              11	        0.103949	        0.107047	     0.000951899
              12	        0.106506	        0.107002	     0.000873642
              13	        0.106561	        0.106968	     0.000807098
              14	         0.10596	        0.106896	     0.000752657
              15	         0.10988	        0.107095	     0.000728288
              16	        0.106737	        0.107073	     0.000683113
              17	         0.11272	        0.107405	     0.000719175
              18	       0.0987955	        0.106927	     0.000823047
              19	        0.108923	        0.107032	     0.000786408
              20	        0.102468	        0.106804	     0.000779491
              21	         0.10262	        0.106604	     0.000767408
              22	        0.114107	        0.106945	     0.000804736
              23	       0.0998255	        0.106636	     0.000827146
              24	        0.101771	        0.106433	     0.000817143
              25	       0.0957055	        0.106004	     0.000890022
              26	       0.0985746	        0.105718	     0.000900493
              27	        0.109059	        0.105842	     0.000875599
              28	        0.107452	        0.105899	     0.000846214
              29	        0.115187	         0.10622	     0.000875542
              30	        0.100955	        0.106044	     0.000863767
              31	       0.0998348	        0.105844	     0.000858815
              32	        0.103566	        0.105773	     0.000834922
              33	       0.0997075	        0.105589	     0.000829604
              34	        0.104361	        0.105553	      0.00080599
              35	         0.11004	        0.105681	     0.000793092
              36	        0.116321	        0.105977	     0.000824293
              37	        0.103549	        0.105911	     0.000804622
              38	        0.101725	        0.105801	     0.000790953
              39	        0.109904	        0.105906	     0.000777638
              40	        0.119751	        0.106252	     0.000831663
              41	         0.11397	         0.10644	     0.000832411
              42	        0.103167	        0.106362	     0.000816233
              43	        0.108339	        0.106408	     0.000798543
              44	        0.102497	         0.10632	     0.000785327
              45	        0.107549	        0.106347	      0.00076835
              46	        0.104012	        0.106296	     0.000753321
              47	         0.10653	        0.106301	      0.00073731
              48	        0.108055	        0.106338	     0.000722854
              49	        0.113951	        0.106493	     0.000724609
              50	        0.107064	        0.106504	     0.000710206
              51	        0.105248	         0.10648	     0.000696708
              52	        0.109726	        0.106542	     0.000686101
              53	        0.113981	        0.106683	     0.000687361
              54	         0.10516	        0.106654	     0.000675211
              55	       0.0952914	        0.106448	     0.000693822
              56	        0.112202	        0.106551	     0.000688999
              57	        0.100116	        0.106438	     0.000686097
              58	         0.10565	        0.106424	     0.000674403
              59	        0.103576	        0.106376	     0.000664697
              60	        0.101996	        0.106303	     0.000657616
              61	       0.0978746	        0.106165	      0.00066119
              62	        0.115053	        0.106308	     0.000665887
              63	        0.104771	        0.106284	     0.000655764
              64	        0.114217	        0.106408	     0.000657129
              65	        0.114407	        0.106531	     0.000658443
              66	        0.102207	        0.106465	     0.000651717
              67	        0.114117	        0.106579	     0.000651921
              68	        0.108064	        0.106601	     0.000642699
              69	        0.107796	        0.106618	     0.000633618
              70	        0.103612	        0.106575	      0.00062602
              71	        0.105206	        0.106556	       0.0006175
              72	        0.108862	        0.106588	     0.000609753
              73	         0.10406	        0.106554	     0.000602384
              74	        0.105558	         0.10654	     0.000594393
              75	       0.0982366	        0.106429	      0.00059669
              76	        0.112767	        0.106513	     0.000594636
              77	       0.0988926	        0.106414	     0.000595092
              78	        0.108827	        0.106445	     0.000588266
              79	         0.10221	        0.106391	     0.000583257
              80	        0.106013	        0.106386	     0.000575986
              81	        0.108498	        0.106413	     0.000569464
              82	        0.105992	        0.106407	     0.000562543
              83	        0.112559	        0.106482	     0.000560626
              84	        0.107847	        0.106498	     0.000554188
              85	        0.102784	        0.106454	     0.000549387
              86	       0.0966323	         0.10634	     0.000554742
              87	        0.100619	        0.106274	      0.00055225
              88	        0.102747	        0.106234	     0.000547427
              89	        0.107389	        0.106247	      0.00054143
              90	       0.0985803	        0.106162	     0.000542074
              91	        0.109838	        0.106202	     0.000537621
              92	        0.104113	         0.10618	     0.000532257
              93	        0.108957	        0.106209	     0.000527371
              94	        0.106729	        0.106215	     0.000521789
              95	        0.110417	        0.106259	     0.000518169
              96	        0.109064	        0.106288	     0.000513594
              97	        0.111499	        0.106342	     0.000511101
              98	        0.111509	        0.106395	     0.000508598
              99	         0.10823	        0.106413	     0.000503798
             100	       0.0971907	        0.106321	     0.000507132
             101	        0.105321	        0.106311	     0.000502207
             102	        0.100852	        0.106258	     0.000500127
             103	        0.111346	        0.106307	     0.000497706
             104	        0.103336	        0.106279	     0.000493739
             105	        0.106532	        0.106281	     0.000489043
             106	        0.105597	        0.106274	     0.000484472
             107	       0.0996049	        0.106212	     0.000483937
             108	        0.108393	        0.106232	     0.000479877
             109	       0.0920336	        0.106102	     0.000492838
             110	        0.107506	        0.106115	     0.000488523
             111	        0.109138	        0.106142	      0.00048488
             112	        0.112956	        0.106203	     0.000484353
             113	         0.11182	        0.106253	     0.000482611
             114	        0.109965	        0.106285	     0.000479475
             115	        0.113635	        0.106349	     0.000479546
             116	        0.108664	        0.106369	     0.000475827
             117	        0.104739	        0.106355	     0.000471964
             118	        0.112962	        0.106411	     0.000471274
             119	        0.103084	        0.106383	     0.000468142
             120	        0.109064	        0.106406	     0.000464774
             121	        0.100236	        0.106355	     0.000463721
             122	        0.101723	        0.106317	     0.000461472
             123	        0.101635	        0.106278	     0.000459287
             124	       0.0962001	        0.106197	     0.000462719
             125	        0.110223	        0.106229	     0.000460137
             126	        0.105771	        0.106226	     0.000456499
             127	        0.105391	        0.106219	     0.000452952
             128	       0.0957865	        0.106138	     0.000456688
             129	        0.110628	        0.106173	     0.000454472
             130	        0.114451	        0.106236	     0.000455416
             131	        0.103244	        0.106213	     0.000452512
             132	        0.100417	        0.106169	     0.000451209
             133	          0.1036	         0.10615	      0.00044823
             134	        0.111367	        0.106189	     0.000446573
             135	        0.107847	        0.106201	     0.000443433
             136	       0.0927507	        0.106102	     0.000451067
             137	        0.114075	        0.106161	     0.000451513
             138	         0.10092	        0.106123	     0.000449836
             139	        0.112593	        0.106169	     0.000449001
             140	       0.0993298	         0.10612	     0.000448444
             141	           0.104	        0.106105	     0.000445516
             142	        0.107822	        0.106117	     0.000442542
             143	        0.107213	        0.106125	     0.000439514
             144	        0.108985	        0.106145	      0.00043691
             145	        0.101383	        0.106112	      0.00043513
             146	        0.106986	        0.106118	      0.00043219
             147	        0.106383	         0.10612	     0.000429254
             148	        0.116364	        0.106189	     0.000431898
             149	        0.104929	        0.106181	     0.000429082
             150	        0.110982	        0.106213	     0.000427414
             151	        0.111575	        0.106248	     0.000426056
             152	        0.102893	        0.106226	     0.000423824
             153	        0.105381	        0.106221	      0.00042109
             154	        0.105247	        0.106214	     0.000418403
             155	        0.103695	        0.106198	     0.000416019
             156	        0.106693	        0.106201	     0.000413364
             157	        0.106212	        0.106201	     0.000410732
             158	         0.10591	        0.106199	     0.000408136
             159	         0.10053	        0.106164	     0.000407124
             160	       0.0956379	        0.106098	      0.00040986
             161	        0.105385	        0.106094	     0.000407338
             162	        0.104994	        0.106087	      0.00040488
             163	        0.102234	        0.106063	     0.000403086
             164	        0.107318	        0.106071	     0.000400701
             165	        0.109753	        0.106093	     0.000398893
             166	        0.109234	        0.106112	     0.000396939
             167	         0.11414	         0.10616	     0.000397462
             168	        0.104453	         0.10615	     0.000395226
             169	        0.109519	         0.10617	      0.00039339
             170	        0.101051	         0.10614	     0.000392227
             171	        0.110746	        0.106167	     0.000390857
             172	        0.118114	        0.106236	     0.000394708
             173	        0.106849	         0.10624	     0.000392442
             174	        0.096523	        0.106184	      0.00039414
             175	        0.105694	        0.106181	     0.000391897
             176	        0.103819	        0.106168	       0.0003899
             177	        0.109095	        0.106184	     0.000388048
             178	        0.109033	          0.1062	     0.000386198
             179	        0.116489	        0.106258	     0.000388295
             180	        0.111161	        0.106285	     0.000387092
             181	        0.118723	        0.106354	     0.000391005
             182	        0.103707	        0.106339	     0.000389127
             183	        0.115125	        0.106387	     0.000389951
             184	        0.104373	        0.106376	     0.000387985
             185	        0.110773	          0.1064	     0.000386615
             186	        0.107574	        0.106406	     0.000384588
             187	        0.110626	        0.106429	     0.000383193
             188	        0.102643	        0.106409	     0.000381683
             189	        0.108486	         0.10642	     0.000379822
             190	        0.111719	        0.106447	     0.000378846
             191	        0.114053	        0.106487	     0.000378949
             192	        0.098068	        0.106443	     0.000379504
             193	        0.107558	        0.106449	     0.000377581
             194	        0.113115	        0.106484	     0.000377195
             195	        0.108995	        0.106496	     0.000375481
             196	        0.101904	        0.106473	     0.000374295
             197	        0.104878	        0.106465	     0.000372483
             198	        0.108901	        0.106477	     0.000370805
             199	        0.107241	        0.106481	     0.000368961
             200	       0.0997257	        0.106447	     0.000368659
