#     BLOCK:   ACTUAL_X:     X_AVE:       ERROR:
           1	    0.885291	    0.885291	           0
           2	     0.84148	    0.863386	   0.0154895
           3	    0.997008	    0.907927	    0.037805
           4	    0.846835	    0.892654	   0.0312871
           5	    0.843496	    0.882822	   0.0265294
           6	    0.880882	    0.882499	   0.0221098
           7	     0.87685	    0.881692	    0.018966
           8	    0.863559	    0.879425	   0.0167301
           9	     0.76315	    0.866506	   0.0192229
          10	    0.800094	    0.859865	   0.0184121
          11	    0.791622	    0.853661	   0.0177527
          12	    0.842583	    0.852738	   0.0162973
          13	     0.85748	    0.853102	   0.0150478
          14	    0.846047	    0.852598	   0.0139814
          15	    0.958898	    0.859685	   0.0147362
          16	    0.842016	    0.858581	   0.0138565
          17	     0.81537	    0.856039	   0.0132725
          18	    0.877008	    0.857204	   0.0125862
          19	    0.941071	    0.861618	   0.0126741
          20	    0.797354	    0.858405	   0.0124411
          21	    0.808472	    0.856027	   0.0120737
          22	      1.0331	    0.864076	   0.0139522
          23	    0.897921	    0.865547	   0.0134229
          24	    0.846551	    0.864756	    0.012887
          25	    0.899937	    0.866163	   0.0124481
          26	    0.853449	    0.865674	   0.0119789
          27	    0.820724	    0.864009	   0.0116504
          28	    0.819181	    0.862408	   0.0113437
          29	    0.792031	    0.859982	   0.0112092
          30	    0.826362	    0.858861	   0.0108914
          31	    0.845921	    0.858443	   0.0105481
          32	    0.909039	    0.860025	   0.0103363
          33	     0.83263	    0.859194	   0.0100563
          34	    0.876882	    0.859715	  0.00977399
          35	     0.87474	    0.860144	  0.00950416
          36	    0.915465	    0.861681	  0.00936356
          37	    0.788031	     0.85969	  0.00931966
          38	    0.846394	     0.85934	  0.00908097
          39	    0.808724	    0.858042	  0.00894039
          40	    0.826488	    0.857254	  0.00875161
          41	    0.833638	    0.856678	  0.00855709
          42	    0.791024	    0.855114	  0.00849493
          43	     0.80863	    0.854033	  0.00836588
          44	    0.849165	    0.853923	  0.00817647
          45	    0.890425	    0.854734	  0.00803491
          46	    0.790772	    0.853343	  0.00797965
          47	    0.862803	    0.853545	  0.00781241
          48	    0.884504	     0.85419	  0.00767623
          49	     0.86063	    0.854321	  0.00752069
          50	    0.813732	    0.853509	  0.00741396
          51	     1.01332	    0.856643	  0.00790312
          52	    0.867591	    0.856853	  0.00775394
          53	    0.782992	     0.85546	  0.00773186
          54	    0.881953	     0.85595	  0.00760423
          55	    0.834929	    0.855568	  0.00747557
          56	    0.815433	    0.854852	  0.00737635
          57	    0.847591	    0.854724	  0.00724804
          58	    0.830205	    0.854301	  0.00713539
          59	    0.780315	    0.853047	  0.00712379
          60	    0.857228	    0.853117	  0.00700541
          61	    0.877512	    0.853517	  0.00690197
          62	    0.804945	    0.852734	  0.00683496
          63	    0.857606	    0.852811	  0.00672691
          64	    0.936787	    0.854123	  0.00674856
          65	    0.845354	    0.853988	  0.00664608
          66	    0.927181	    0.855097	  0.00663726
          67	    0.851559	    0.855044	  0.00653841
          68	    0.871559	    0.855287	  0.00644677
          69	    0.880882	    0.855658	    0.006364
          70	    0.901543	    0.856314	  0.00630675
          71	     0.91685	    0.857166	   0.0062753
          72	    0.883937	    0.857538	  0.00619914
          73	    0.825323	    0.857097	  0.00612991
          74	    0.887339	    0.857505	  0.00606068
          75	    0.836535	    0.857226	  0.00598632
          76	    0.909197	     0.85791	  0.00594648
          77	    0.896126	    0.858406	  0.00588993
          78	    0.808031	     0.85776	  0.00584972
          79	    0.922079	    0.858574	  0.00583205
          80	    0.767496	    0.857436	  0.00586922
          81	    0.922646	    0.858241	  0.00585172
          82	    0.901228	    0.858765	  0.00580379
          83	    0.851622	    0.858679	   0.0057345
          84	    0.817008	    0.858183	  0.00568765
          85	    0.837606	    0.857941	  0.00562589
          86	    0.860598	    0.857972	  0.00556055
          87	    0.902646	    0.858485	   0.0055203
          88	    0.939717	    0.859408	  0.00553421
          89	     0.86526	    0.859474	  0.00547241
          90	    0.935748	    0.860322	  0.00547684
          91	    0.892157	    0.860671	  0.00542782
          92	    0.924567	    0.861366	  0.00541307
          93	    0.841701	    0.861155	  0.00535899
          94	    0.943685	    0.862033	  0.00537342
          95	    0.882803	    0.862251	  0.00532131
          96	    0.836472	    0.861983	  0.00527265
          97	     0.87052	    0.862071	  0.00521903
          98	    0.887024	    0.862325	  0.00517198
          99	    0.833575	    0.862035	  0.00512788
         100	    0.903087	    0.862445	  0.00509301
