#     BLOCK:   ACTUAL_M:     M_AVE:       ERROR:
           1	    -0.99976	    -0.99976	           0
           2	    -0.82732	    -0.91354	   0.0609667
           3	     -0.9152	   -0.914093	    0.040647
           4	    -0.02632	    -0.69215	    0.194611
           5	       0.984	    -0.35692	     0.33785
           6	     0.99972	   -0.130813	    0.349097
           7	     0.99996	   0.0307257	     0.33452
           8	     0.99964	     0.15184	    0.313865
           9	      0.9694	     0.24268	    0.291841
          10	       0.833	    0.301712	    0.268561
          11	     0.95888	    0.361455	    0.250703
          12	     0.99288	    0.414073	    0.235268
          13	     0.88228	    0.450089	     0.21991
          14	      0.6562	    0.464811	    0.204694
          15	     0.99984	     0.50048	    0.194131
          16	     0.44432	     0.49697	     0.18203
          17	     0.99996	    0.526558	     0.17371
          18	     0.99804	    0.552751	    0.166022
          19	     0.99996	    0.576288	    0.158944
          20	      0.9966	    0.597304	     0.15238
          21	       0.992	    0.616099	    0.146278
          22	      0.3776	    0.605258	     0.14003
          23	     0.22868	    0.588885	    0.134896
          24	      0.9966	    0.605873	    0.130341
          25	     0.93824	    0.619168	    0.125803
          26	     0.98744	    0.633332	    0.121759
          27	     0.89412	    0.642991	    0.117632
          28	      0.3694	     0.63322	    0.113836
          29	     0.57468	    0.631201	    0.109929
          30	     -0.9998	    0.576835	    0.118951
          31	    -0.99836	    0.526022	    0.125498
          32	    -0.93736	    0.480291	    0.129641
          33	     -0.4918	    0.450834	    0.129016
          34	    -0.33192	    0.427812	    0.127259
          35	    -0.47852	    0.401917	     0.12623
          36	          -1	    0.362974	     0.12859
          37	    -0.99972	    0.326145	    0.130282
          38	    -0.99804	    0.291298	    0.131431
          39	    -0.99676	    0.258271	    0.132146
          40	      -0.985	    0.227189	    0.132447
          41	    -0.99924	    0.197276	    0.132552
          42	    -0.94576	    0.170061	     0.13216
          43	     -0.4484	    0.155678	    0.129867
          44	      -0.483	    0.141163	    0.127724
          45	    -0.99996	    0.115804	    0.127378
          46	     -0.9502	   0.0926304	    0.126699
          47	    -0.99992	   0.0693847	    0.126118
          48	    -0.99988	   0.0471083	    0.125443
          49	    -0.99556	   0.0258294	    0.124674
          50	    -0.65648	   0.0121832	    0.122925
          51	     0.99892	    0.031531	    0.122028
          52	     0.80776	   0.0464585	    0.120591
          53	     0.99956	   0.0644415	    0.119649
          54	    -0.57632	   0.0525756	     0.11802
          55	    -0.96988	   0.0339855	    0.117329
          56	    -0.95212	   0.0163764	    0.116548
          57	    -0.66772	  0.00437474	     0.11512
          58	    -0.99936	   -0.012931	    0.114428
          59	    -0.97896	  -0.0293044	    0.113654
          60	     -0.9966	   -0.045426	    0.112898
          61	    -0.99948	  -0.0610662	    0.112125
          62	    -0.99268	  -0.0760923	    0.111319
          63	     -0.9932	  -0.0906495	      0.1105
          64	    -0.97304	   -0.104437	     0.10963
          65	    -0.97136	   -0.117774	    0.108751
          66	     -0.9534	   -0.130435	    0.107838
          67	    -0.99948	   -0.143406	    0.107006
          68	    -0.99996	   -0.156002	    0.106171
          69	    -0.94364	   -0.167417	    0.105244
          70	    -0.99988	    -0.17931	     0.10441
          71	    -0.99996	   -0.190868	    0.103578
          72	    -0.92608	   -0.201079	    0.102641
          73	     -0.9882	   -0.211862	      0.1018
          74	    -0.95764	    -0.22194	    0.100922
          75	    -0.85764	   -0.230416	   0.0999315
          76	    -0.96592	   -0.240094	   0.0990842
          77	    -0.84688	   -0.247974	   0.0981102
          78	    -0.98612	   -0.257437	   0.0973077
          79	    -0.99348	   -0.266754	    0.096521
          80	    -0.91784	   -0.274893	    0.095657
          81	     -0.8128	   -0.281534	   0.0947063
          82	    -0.67672	   -0.286353	   0.0936739
          83	     -0.9604	   -0.294474	   0.0928966
          84	    -0.98864	   -0.302738	   0.0921575
          85	    -0.99028	   -0.310827	   0.0914276
          86	    -0.92124	   -0.317925	   0.0906396
          87	     0.88528	   -0.304095	   0.0906467
          88	     0.89116	   -0.290512	   0.0906285
          89	    -0.69364	   -0.295042	   0.0897233
          90	    -0.99916	   -0.302865	   0.0890669
          91	     -0.8528	   -0.308909	   0.0882929
          92	        0.95	   -0.295225	   0.0883872
          93	     0.40512	   -0.287694	    0.087757
          94	     -0.9998	    -0.29527	   0.0871498
          95	    -0.99908	   -0.302678	   0.0865467
          96	     -0.9974	   -0.309915	   0.0859472
          97	       -0.84	    -0.31538	   0.0852347
          98	    -0.99956	   -0.322361	   0.0846504
          99	    -0.99644	    -0.32917	   0.0840688
         100	      -0.999	   -0.335868	   0.0834945
